[1478246400, 634.44, 640, 634.44, 638.73, 20.42297402]
[1478242800, 623.26, 634.43, 625.13, 633.19, 18.23692847]
[1478239200, 626.76, 634.84, 634.26, 627.6, 8.02522859]
[1478235600, 633.66, 634.98, 633.66, 634.27, 3.39756262]
[1478232000, 633.38, 633.83, 633.42, 633.64, 1.19]
[1478228400, 633.19, 633.42, 633.34, 633.42, 0.408]
[1478224800, 630.89, 633.35, 630.89, 633.35, 5.43]
[1478221200, 630.7, 630.91, 630.7, 630.83, 6.61471004]
[1478217600, 616.34, 630.89, 620.1, 630.89, 26.08477938]
[1478214000, 613.48, 623.36, 614.58, 620.9, 70.70923045]
[1478210400, 611.48, 632.15, 625.46, 614.82, 40.62243514]
[1478206800, 622.81, 636.06, 629.63, 623.91, 37.24436197]
[1478203200, 629.84, 639.51, 637.92, 630.52, 45.72272622]
[1478199600, 622.9, 638.66, 622.9, 638.12, 38.82937616]
[1478196000, 610, 645.95, 645.95, 622.9, 177.75144135]
[1478192400, 642.14, 646.87, 642.8, 645.94, 45.500692]
[1478188800, 639.65, 652.4, 651.22, 643.07, 67.36898385]
[1478185200, 642.31, 666, 663.74, 651.22, 117.96982949]
[1478181600, 663.28, 665.44, 663.28, 663.75, 20.0818]
[1478178000, 661.11, 672.15, 670.8, 662.85, 33.87039223]
[1478174400, 670, 673.58, 673.58, 670.98, 22.008]
[1478170800, 668.28, 674, 669, 673.59, 23.3]
[1478167200, 668.18, 669.95, 668.19, 669, 32.02594435]
[1478163600, 663.78, 668.17, 664.01, 668.17, 25.535197]
[1478160000, 663.82, 667.65, 664.03, 664.01, 14.27854365]
[1478156400, 660.33, 670.57, 670, 664.99, 11.5889]
[1478152800, 670.02, 674.6, 674.6, 670.02, 7.0234]
[1478149200, 671.6, 675, 672.24, 674.6, 12.23481474]
[1478145600, 671.63, 672.73, 672.73, 672.7, 0.20498814]
[1478142000, 671.6, 673.67, 673.67, 671.66, 0.37]
[1478138400, 672.64, 673.98, 672.64, 673.69, 1.53]
[1478134800, 671.98, 674, 671.99, 673.93, 5.68563076]
[1478131200, 670.99, 672, 671, 672, 7.91]
[1478127600, 661.51, 671, 664.99, 671, 38.96532083]
[1478124000, 662.13, 665, 662.13, 665, 11.47208838]
[1478120400, 658.32, 662.82, 658.32, 662.17, 5.704]
[1478116800, 655, 662.19, 658.06, 658.32, 32.83]
[1478113200, 655.3, 660.93, 660.14, 658.09, 19.15]
[1478109600, 657.43, 660.19, 657.82, 660.19, 22.13161222]
[1478106000, 657.16, 659.95, 657.59, 657.46, 27]
[1478102400, 656.01, 659.47, 656.38, 657.6, 20.29992649]
[1478098800, 655.01, 658.72, 656.02, 656.4, 33.92913349]
[1478095200, 656.09, 658.8, 658.25, 656.51, 27.18]
[1478091600, 656.6, 658.81, 657.69, 658.25, 17.6258]
[1478088000, 656, 658.54, 657.58, 657.69, 26.2257]
[1478084400, 655.9, 658.02, 657.21, 657.6, 16.57685743]
[1478080800, 655.42, 659.47, 655.56, 656.34, 11.98]
[1478077200, 655.01, 658.08, 655.99, 657.51, 14.9372805]
[1478073600, 655.01, 660.68, 660.67, 656, 26.69240813]
[1478070000, 659.53, 663.64, 660.99, 660.29, 23.93]
[1478066400, 658.28, 661.13, 659.51, 659.92, 9.18]
[1478062800, 659.5, 659.57, 659.51, 659.51, 1.71]
[1478059200, 657.85, 659.78, 659.03, 659.51, 7.7202]
[1478055600, 658.07, 659.9, 659.9, 659.82, 1.74]
[1478052000, 657.5, 659.9, 658, 659.9, 1.05935461]
[1478048400, 658, 660.35, 660.35, 658, 6.28]
[1478044800, 659.55, 661.58, 661.58, 660.21, 3.44]
[1478041200, 661, 663.24, 661.93, 661.58, 19.43718752]
[1478037600, 656.33, 664.97, 664.44, 660.16, 27.947]
[1478034000, 661.48, 665, 661.91, 664.44, 30.00546111]
[1478030400, 660.03, 662.85, 662.35, 662.82, 28.31]
[1478026800, 661.76, 664.38, 661.8, 662.36, 6.29]
[1478023200, 661.62, 664, 663.23, 663.6, 8.56516362]
[1478019600, 661.9, 665.97, 664.45, 662.87, 26.98902031]
[1478016000, 657.08, 664.98, 659.16, 664.58, 27.02765659]
[1478012400, 659.01, 670, 666.57, 659.02, 48.90672031]
[1478008800, 665.6, 673.25, 665.61, 667.23, 46.85238627]
[1478005200, 664.5, 670.04, 665.51, 670.04, 36.69393228]
[1478001600, 663.7, 668, 665.8, 665.11, 23.49637223]
[1477998000, 658.4, 665.64, 659.99, 665.48, 26.69293708]
[1477994400, 656.58, 660, 659.79, 659.99, 17.17823925]
[1477990800, 655.27, 659.79, 655.98, 657.59, 27.58575324]
[1477987200, 652.9, 658.36, 653, 655.98, 35.55226887]
[1477983600, 648.51, 653, 648.62, 653, 20.426745]
[1477980000, 646.11, 648.65, 646.11, 648.63, 7.0709]
[1477976400, 646.11, 646.12, 646.12, 646.12, 0.97]
[1477972800, 645.91, 646.12, 645.91, 646.12, 3.66]
[1477969200, 645.91, 646, 645.91, 645.95, 0.33]
[1477965600, 644.49, 645.9, 644.5, 645.9, 4.31]
[1477962000, 640.2, 644.5, 640.2, 644.5, 6.66789378]
[1477958400, 639.33, 640.2, 639.41, 640.2, 7.88]
[1477954800, 639.42, 642.59, 642.24, 639.42, 9.84]
[1477951200, 642.13, 644.11, 644.11, 642.2, 17.1393749]
[1477947600, 644, 644.19, 644.12, 644.01, 11.3538]
[1477944000, 644, 646.49, 646.49, 644.12, 14.77419727]
[1477940400, 644.5, 646.67, 645.51, 646.5, 16.14457194]
[1477936800, 645, 645.95, 645.93, 645.52, 12.3397]
[1477933200, 645.02, 645.93, 645.4, 645.89, 12.512]
[1477929600, 645.13, 646.99, 646.99, 645.4, 7.94625166]
[1477926000, 646.99, 647.43, 647.15, 646.99, 12.64017035]
[1477922400, 644, 649.74, 644, 647.05, 48.18446136]
[1477918800, 643.08, 644.99, 643.6, 644, 18.32]
[1477915200, 640.42, 643.61, 640.52, 643.61, 38.8294351]
[1477911600, 640.09, 642.5, 640.23, 640.52, 10.89188]
[1477908000, 637.07, 640.51, 640.51, 640.23, 27.64]
[1477904400, 636.05, 642.6, 636.05, 640.42, 30.02350561]
[1477900800, 632.46, 637.49, 633.72, 636.05, 27.12046772]
[1477897200, 633.52, 634.3, 633.52, 633.72, 7.98]
[1477893600, 631.68, 633.52, 631.68, 633.51, 5.142251]
[1477890000, 631.43, 632.04, 631.43, 631.67, 3.28496959]
[1477886400, 629.97, 631.42, 630, 631.42, 7.525]
[1477882800, 629.25, 630, 629.83, 629.99, 3.639]
[1477879200, 625.08, 630, 625.2, 630, 7.88850999]
[1477875600, 625, 633.19, 633.14, 625, 14.15648635]
[1477872000, 632.99, 634.32, 634.08, 633.14, 3.99]
[1477868400, 630.43, 634.07, 632.53, 634.07, 11.25348887]
[1477864800, 630.72, 637.99, 636.81, 632.51, 32.39080491]
[1477861200, 635.6, 637.14, 636.13, 636.9, 7.5]
[1477857600, 632.96, 637.98, 636.88, 636.12, 21.94683059]
[1477854000, 636.37, 640.84, 640.59, 636.87, 19.84508578]
[1477850400, 640.11, 641.23, 640.11, 640.59, 5.89]
[1477846800, 640, 641.27, 641.27, 640.06, 15.85329385]
[1477843200, 640.02, 641.29, 640.02, 641.27, 36.24016]
[1477839600, 638.87, 640.01, 639.59, 640.01, 8.80488385]
[1477836000, 636.55, 639.99, 638.81, 639.63, 11.88]
[1477832400, 638.37, 643.77, 643.47, 638.91, 35.33887763]
[1477828800, 642.13, 643.95, 643.57, 643.47, 14.62]
[1477825200, 642.91, 645.32, 645.32, 643.56, 25.687]
[1477821600, 644.93, 645.71, 645.43, 645.33, 16.194]
[1477818000, 644.83, 646, 645.78, 645.43, 10.549]
[1477814400, 642.79, 645.98, 642.8, 645.78, 16.335678]
[1477810800, 642.77, 644.78, 644, 642.79, 8.85202999]
[1477807200, 641.26, 642.97, 641.26, 642.97, 6.6528]
[1477803600, 642.69, 643.94, 643.94, 642.97, 1.8514265]
[1477800000, 640.83, 645.62, 641.21, 645.21, 2.46]
[1477796400, 637.48, 642.6, 637.49, 642.6, 6.13]
[1477792800, 632.1, 638.47, 632.1, 638.47, 1.173]
[1477789200, 630, 640.9, 639.24, 632.01, 7.87424036]
[1477785600, 639.28, 649.01, 649, 639.28, 22.94552361]
[1477782000, 648.54, 650.19, 649.97, 649.01, 4.97]
[1477778400, 648.54, 650, 648.82, 649.47, 17.2689]
[1477774800, 648.24, 653.5, 653.27, 648.83, 20.03000001]
[1477771200, 650.68, 654.31, 651.11, 653.17, 16.17941644]
[1477767600, 650.05, 653.88, 650.05, 651.12, 29.52200115]
[1477764000, 649.24, 650.08, 649.42, 649.98, 10.04735747]
[1477760400, 648.86, 649.55, 648.86, 649.42, 12.51356375]
[1477756800, 648.73, 651.51, 648.75, 648.86, 19.7696]
[1477753200, 648.64, 654.99, 654.99, 648.65, 53.28016949]
[1477749600, 647.6, 655, 649.5, 654.99, 48.44932815]
[1477746000, 645.73, 649.5, 646.96, 649.5, 27.9266873]
[1477742400, 643.44, 648.82, 643.44, 646.97, 25.42904206]
[1477738800, 643.14, 643.96, 643.96, 643.34, 8.26]
[1477735200, 640.96, 645, 641.48, 643.97, 23.44333966]
[1477731600, 640.25, 641.5, 640.75, 641.48, 15.03468336]
[1477728000, 639.91, 641.28, 640, 640.76, 12.43]
[1477724400, 639.4, 640, 639.56, 640, 11.19572882]
[1477720800, 638.9, 639.98, 639.52, 639.65, 3.14]
[1477717200, 638.81, 640, 639.94, 639.51, 5.3768]
[1477713600, 637.99, 639.88, 638, 639.84, 0.9568]
[1477710000, 638, 638, 638, 638, 0.99]
[1477706400, 635.13, 638, 635.13, 637.99, 6.97908387]
[1477702800, 631.29, 635.02, 631.3, 635.02, 5.98130087]
[1477699200, 630.31, 631.32, 630.39, 631.2, 7.64077808]
[1477695600, 630, 630.76, 630.46, 630.39, 3.81]
[1477692000, 630, 630.75, 630.74, 630.46, 6.52763319]
[1477688400, 630.5, 631.99, 631.99, 630.75, 9.891]
[1477684800, 631.07, 633.05, 632.04, 632, 21.50872508]
[1477681200, 630, 632.39, 630.3, 632.05, 8.07]
[1477677600, 630.2, 632.96, 631.29, 630.2, 24.4179]
[1477674000, 631.04, 634.2, 634.12, 631.28, 19.3193]
[1477670400, 633.84, 635.22, 634.05, 634.12, 22.632935]
[1477666800, 630, 634.71, 630.1, 634.03, 28.41424482]
[1477663200, 630, 634.49, 634.17, 630, 25.25771587]
[1477659600, 633.96, 636.62, 634.99, 634.17, 18.10658581]
[1477656000, 634.24, 637.13, 635, 634.99, 38.78530545]
[1477652400, 634.11, 635, 634.34, 635, 17.51]
[1477648800, 632.48, 634.81, 634.23, 634.34, 34.77254396]
[1477645200, 632.51, 634.68, 632.51, 634.23, 26.20283649]
[1477641600, 632.44, 633.35, 632.67, 632.51, 10.46876159]
[1477638000, 630.5, 632.63, 630.6, 632.63, 13.65]
[1477634400, 630.5, 633.49, 631.32, 630.52, 33.234]
[1477630800, 630.81, 631.54, 630.81, 631.33, 5.91499278]
[1477627200, 630.66, 630.82, 630.66, 630.82, 1.62]
[1477623600, 630.57, 631.69, 631.69, 630.62, 1.339442]
[1477620000, 631.61, 631.97, 631.97, 631.61, 2.68]
[1477616400, 631.97, 632.44, 632.41, 632.03, 2.193]
[1477612800, 632.32, 633.46, 633.46, 632.42, 3.52698287]
[1477609200, 630.3, 633.47, 630.3, 633.46, 10.6736]
[1477605600, 628.4, 630.29, 628.72, 630.29, 7.14]
[1477602000, 628.53, 630.27, 630.27, 628.73, 11.64913519]
[1477598400, 629.59, 632.37, 631.26, 630.28, 25.49]
[1477594800, 629.35, 631.98, 629.52, 631.26, 20.3957364]
[1477591200, 627.14, 629.99, 627.74, 629.43, 38.70203675]
[1477587600, 625.5, 627.74, 626.32, 627.67, 15.94]
[1477584000, 625.63, 628.5, 627.63, 626.22, 42.84951435]
[1477580400, 626.71, 628.89, 627.13, 627.62, 25.7948]
[1477576800, 626, 627.93, 626.88, 627.12, 21.04953213]
[1477573200, 622.01, 629.27, 629.27, 626.98, 47.91782714]
[1477569600, 628.44, 630, 629.97, 629.28, 38.70646873]
[1477566000, 628.7, 631.78, 631.22, 630, 39.62536226]
[1477562400, 631.12, 634.59, 634.36, 631.22, 28.29031503]
[1477558800, 627.77, 634.59, 631.17, 634.48, 33.8389681]
[1477555200, 629.5, 636.06, 629.55, 631.16, 45.62080431]
[1477551600, 629.4, 631.7, 629.52, 629.65, 9.61]
[1477548000, 629.16, 632.09, 629.16, 629.52, 17.8702]
[1477544400, 629, 629.3, 629, 629.15, 10.93693089]
[1477540800, 628.59, 629.48, 629.48, 629.01, 9.02575745]
[1477537200, 629.49, 629.9, 629.51, 629.49, 1.04]
[1477533600, 625.59, 629.06, 625.59, 629.06, 2.333]
[1477530000, 621.96, 625.58, 621.99, 625.58, 7.95461299]
[1477526400, 620.86, 622.51, 620.86, 621.99, 3.37235]
