[1464566400, 469.61, 473.6, 473.6, 470.01, 11.25858039]
[1464562800, 469.01, 475.4, 469.82, 471.54, 4.42855383]
[1464559200, 460.5, 472.74, 471, 470.26, 17.53422826]
[1464555600, 467, 482, 479.99, 471, 86.96114931]
[1464552000, 460, 487.98, 486.57, 479.99, 116.34491707]
[1464548400, 480.38, 494.6, 486.02, 480.5, 109.87454462]
[1464544800, 468.76, 494, 470.2, 486.02, 82.18954389]
[1464541200, 467.86, 470.73, 468.26, 470.2, 17.18345448]
[1464537600, 467.01, 471.73, 469.16, 471.73, 24.68018344]
[1464534000, 465.02, 470.58, 468.75, 468.91, 29.14218026]
[1464530400, 464.41, 469.81, 469, 468.97, 22.81463]
[1464526800, 467.46, 470.59, 468.31, 469.64, 27.11454862]
[1464523200, 465.97, 469.8, 469.25, 468.31, 18.21599235]
[1464519600, 461.01, 470.73, 461.66, 467.16, 37.71604177]
[1464516000, 455, 464.84, 460.41, 461.65, 39.598967]
[1464512400, 460.87, 465.17, 464.5, 460.87, 25.81417654]
[1464508800, 460.21, 466.8, 466.78, 463.97, 25.4521]
[1464505200, 463.71, 467.82, 466.3, 466.78, 21.4458]
[1464501600, 464.33, 467.61, 466.52, 466.2, 18.3724]
[1464498000, 460.63, 466.51, 463.03, 466.47, 7.19]
[1464494400, 452.32, 463.79, 463.79, 461.95, 13.52437883]
[1464490800, 453.23, 470.73, 468.51, 462.25, 35.74464033]
[1464487200, 465.01, 474.94, 474.94, 468.51, 15.97796]
[1464483600, 470.38, 475.91, 473.13, 474, 25.31537211]
[1464480000, 461.34, 473.7, 470.5, 472.57, 42.54561257]
[1464476400, 462.32, 477.67, 477.66, 471.5, 50.91773787]
[1464472800, 468.3, 485.84, 468.64, 478.53, 104.39171097]
[1464469200, 460.48, 468.52, 466.64, 467.88, 77.19760241]
[1464465600, 433.08, 467.45, 447.61, 466.64, 93.04742191]
[1464462000, 447.29, 448.27, 447.65, 447.31, 5.365]
[1464458400, 445.29, 448.59, 447.82, 446.45, 38.36169384]
[1464454800, 444.93, 448.13, 447.25, 446.78, 22.99061825]
[1464451200, 444.33, 448.05, 444.56, 446.01, 32.96576701]
[1464447600, 443.03, 445.68, 444.84, 444.25, 30.47348219]
[1464444000, 443.71, 448.26, 445, 444.21, 42.44216005]
[1464440400, 436.27, 447.37, 447.37, 445, 75.06875833]
[1464436800, 440.11, 448.55, 443.39, 447.37, 61.99764104]
[1464433200, 440.23, 444, 440.85, 444, 20.88415932]
[1464429600, 439.2, 443.53, 441.22, 441.33, 48.70336467]
[1464426000, 435.92, 442.16, 441, 440.93, 52.9322995]
[1464422400, 439.11, 444.2, 441.96, 441, 79.406975]
[1464418800, 438.99, 448, 447.76, 441.69, 88.49891734]
[1464415200, 442.6, 448, 443.12, 447.99, 33.27475]
[1464411600, 440.8, 446.71, 446.71, 443.13, 51.03254804]
[1464408000, 439.17, 448, 439.43, 447.25, 55.25980192]
[1464404400, 432.91, 439.64, 432.91, 439.43, 35.23747009]
[1464400800, 428.25, 432.92, 428.25, 432.91, 16.04551731]
[1464397200, 424.9, 428.25, 424.9, 428.25, 20.53253878]
[1464393600, 422.31, 425.1, 424.14, 424.83, 51.47189243]
[1464390000, 422.87, 424.81, 423.91, 424.13, 9.35831367]
[1464386400, 423.59, 424.92, 423.64, 423.72, 20.71492312]
[1464382800, 420.92, 423.99, 422.82, 423.47, 44.16370836]
[1464379200, 421.01, 425.06, 424.35, 422.49, 38.86291606]
[1464375600, 423.66, 426.35, 425.48, 423.66, 20.00009518]
[1464372000, 424.75, 426.63, 425.96, 425.17, 36.3688499]
[1464368400, 425.73, 427.88, 425.73, 426.11, 39.81301287]
[1464364800, 424.23, 425.8, 424.38, 425.74, 31.17941052]
[1464361200, 422.24, 427, 425.48, 424.38, 80.66327693]
[1464357600, 425.25, 427, 425.98, 425.35, 30.97325387]
[1464354000, 424.98, 426.99, 424.98, 425.95, 85.68017477]
[1464350400, 422.71, 425, 423.6, 424.98, 40.73639306]
[1464346800, 405.24, 424, 422.69, 423.34, 107.81113768]
[1464343200, 420.48, 423.19, 421.56, 422.87, 86.18312154]
[1464339600, 419.2, 422.95, 420, 421.74, 31.00859142]
[1464336000, 417.73, 423.81, 423.4, 420, 62.13756071]
[1464332400, 422.67, 426.99, 423.91, 423.31, 118.5102508]
[1464328800, 419.17, 423.99, 421.33, 423.99, 60.29224]
[1464325200, 418.73, 421.92, 419.08, 420.18, 63.35354548]
[1464321600, 416.84, 419.21, 416.84, 418.83, 33.61423]
[1464318000, 413.8, 418.2, 417.27, 416.27, 6.75117179]
[1464314400, 413.43, 420.65, 413.44, 415.76, 38.61784598]
[1464310800, 407.49, 414.01, 407.49, 413.51, 30.2424426]
[1464307200, 405.75, 407.4, 406, 407.4, 60.10099063]
[1464303600, 405.92, 406.96, 406.17, 406.74, 2.26]
[1464300000, 405.5, 406.99, 406.15, 406.18, 11.45007783]
[1464296400, 404.61, 406.61, 406.49, 406.28, 45.45688545]
[1464292800, 404.7, 406.73, 406.73, 405.31, 24.67981564]
[1464289200, 405.14, 406.98, 406.82, 406.73, 24.132]
[1464285600, 404.88, 407, 406, 406.74, 25.94493031]
[1464282000, 404.44, 406.89, 406.16, 406.24, 42.49942707]
[1464278400, 404.36, 406.35, 405.91, 406.04, 48.71]
[1464274800, 404.4, 406.34, 405.11, 405.91, 34.96532418]
[1464271200, 404.59, 406.05, 405, 404.61, 23.59080175]
[1464267600, 403.44, 405, 404.5, 405, 60.670981]
[1464264000, 403.85, 404.5, 404.48, 404.5, 19.29]
[1464260400, 402.83, 404.76, 404.19, 404.45, 16.37]
[1464256800, 402.87, 404.2, 403.5, 404.2, 28.55]
[1464253200, 402.31, 404.18, 403.26, 403.5, 15.43]
[1464249600, 402.4, 404.26, 403.27, 403.26, 21.96172049]
[1464246000, 403.06, 404.19, 403.07, 404.18, 18.06999808]
[1464242400, 402.28, 403.1, 403.07, 403.05, 13.38250155]
[1464238800, 402.39, 403.78, 402.98, 402.91, 14.64780196]
[1464235200, 402.86, 403.63, 403.62, 402.99, 4.713992]
[1464231600, 402.84, 403.51, 403.34, 403.51, 3.67]
[1464228000, 402.4, 403.55, 402.41, 403.55, 0.8387]
[1464224400, 402.4, 403.29, 403.29, 402.4, 2]
[1464220800, 402.5, 404.19, 403.93, 403.67, 7.882]
[1464217200, 403.85, 404.42, 403.88, 404.11, 7.10099981]
[1464213600, 402.78, 403.9, 403.41, 403.9, 8.48070296]
[1464210000, 402.51, 403.49, 403.36, 402.99, 8.08992416]
[1464206400, 402.47, 403.38, 402.47, 403.38, 24.26461]
[1464202800, 402.28, 402.99, 402.97, 402.28, 11.18386493]
[1464199200, 402.65, 402.99, 402.99, 402.98, 3.08658273]
[1464195600, 402.07, 403, 402.54, 403, 21.69710074]
[1464192000, 402.08, 403, 402.72, 402.54, 16.37]
[1464188400, 402.2, 402.79, 402.34, 402.79, 44.83970733]
[1464184800, 402.33, 404.65, 403.63, 402.34, 18.23040984]
[1464181200, 403.42, 403.82, 403.82, 403.64, 18.02]
[1464177600, 402.87, 404.27, 402.87, 403.84, 45.24362101]
[1464174000, 402.75, 404.89, 404.5, 402.9, 38.4410133]
[1464170400, 403.65, 404.99, 403.99, 404.55, 20.65443776]
[1464166800, 402.78, 404, 402.78, 404, 36.48378833]
[1464163200, 402.46, 402.71, 402.5, 402.49, 39.64061144]
[1464159600, 402.43, 403.88, 402.99, 402.5, 44.148032]
[1464156000, 402.31, 403.5, 403.18, 403, 55.26954812]
[1464152400, 402.76, 403.54, 403.1, 402.97, 7.43]
[1464148800, 402.67, 403.75, 403.16, 402.87, 6.1394]
[1464145200, 401.8, 403, 402.06, 402.83, 5.70353]
[1464141600, 401.97, 402.86, 402.76, 401.97, 5.34]
[1464138000, 401.09, 403.23, 401.21, 403.23, 10.58]
[1464134400, 400.79, 402.76, 400.8, 401.58, 8.65]
[1464130800, 400.2, 402.29, 400.99, 400.88, 9.55]
[1464127200, 399.82, 402.86, 402.33, 400.99, 19.4590871]
[1464123600, 400.1, 402.33, 400.94, 402.33, 18.545317]
[1464120000, 400.01, 401.6, 400.84, 401.59, 26.31499661]
[1464116400, 400.85, 401.97, 401.89, 401.4, 23.05839378]
[1464112800, 399.25, 402, 402, 401.98, 46.09997631]
[1464109200, 400.39, 402, 400.42, 402, 41.3819]
[1464105600, 396, 401.36, 399.71, 401.33, 63.38441891]
[1464102000, 399.24, 399.95, 399.28, 399.72, 45.90525437]
[1464098400, 398.57, 399.56, 398.57, 399.42, 22.30441]
[1464094800, 398.19, 398.3, 398.3, 398.3, 33.18807778]
[1464091200, 397.82, 399.89, 398.61, 398.4, 23.10085348]
[1464087600, 396.95, 399.79, 397.5, 398.61, 21.35060931]
[1464084000, 396.83, 397.5, 397.5, 397.5, 32.48034]
[1464080400, 396.21, 397.83, 397, 397.5, 37.39987655]
[1464076800, 396.97, 397.65, 397.62, 397, 51.37682567]
[1464073200, 397.01, 398.23, 398.23, 397.62, 57.73331783]
[1464069600, 397.29, 400.23, 399, 398.21, 47.96129635]
[1464066000, 398.28, 399, 398.97, 399, 11.76]
[1464062400, 398.28, 399, 398.93, 398.28, 12.500203]
[1464058800, 397.47, 398.92, 397.48, 398.92, 14.2411235]
[1464055200, 396.99, 398.45, 396.99, 398.1, 5.85134421]
[1464051600, 396.41, 397.3, 396.81, 397.28, 6.55480654]
[1464048000, 396.77, 397.76, 397.28, 396.85, 3.33403744]
[1464044400, 396.05, 397.76, 397.01, 397.28, 10.91832835]
[1464040800, 394.65, 398.45, 396.01, 397.05, 26.27909201]
[1464037200, 395.97, 397, 396.86, 397, 12.67]
[1464033600, 391.6, 398.45, 395.72, 397.02, 56.27]
[1464030000, 395.7, 398.6, 396.22, 396.5, 18.51]
[1464026400, 396.2, 398.16, 396.63, 397.54, 15.8287]
[1464022800, 395.59, 397.87, 395.77, 396.27, 22.7]
[1464019200, 395.53, 397.71, 396.15, 397.71, 25.20968]
[1464015600, 395.04, 398, 395.12, 397.44, 25.56]
[1464012000, 394.39, 396.64, 395.76, 396.15, 25.91993288]
[1464008400, 393.71, 396.57, 394.71, 396.5, 28.12]
[1464004800, 393.96, 396.82, 394.98, 393.99, 36.6258]
[1464001200, 392.4, 396.6, 394.4, 396.6, 67.460028]
[1463997600, 392.64, 394.5, 394.17, 394.41, 52.40646886]
[1463994000, 391.54, 397.25, 394.72, 392.4, 118.59890371]
[1463990400, 392.63, 394.74, 393, 394.22, 35.90044251]
[1463986800, 392.05, 394.77, 394.76, 393, 26.05354223]
[1463983200, 393.36, 395.45, 395.45, 394.76, 14.973026]
[1463979600, 394.96, 397.99, 395, 394.96, 69.30928155]
[1463976000, 394.06, 397.24, 394.61, 395, 16.68997]
[1463972400, 393.57, 394.99, 393.77, 394.61, 50.258223]
[1463968800, 393.22, 393.79, 393.63, 393.79, 18.68626802]
[1463965200, 393.33, 393.99, 393.37, 393.66, 7.216502]
[1463961600, 393.37, 393.91, 393.73, 393.73, 10.917232]
[1463958000, 393.52, 394.44, 394.02, 393.61, 12.54943874]
[1463954400, 391.59, 394.57, 394.22, 394.02, 48.67314853]
[1463950800, 393.21, 394.74, 393.45, 394.22, 8.47535]
[1463947200, 392.28, 394.14, 392.7, 394.14, 53.899342]
[1463943600, 392.77, 393.93, 393.49, 392.99, 19.97849427]
[1463940000, 392.98, 395, 392.99, 393.63, 33.93546]
[1463936400, 392.92, 395.06, 395.06, 392.99, 47.40091845]
[1463932800, 394.1, 396.77, 396.52, 395.07, 12.1]
[1463929200, 395.71, 396.52, 396.25, 396.52, 10.93207651]
[1463925600, 396.25, 396.9, 396.79, 396.25, 3.95]
[1463922000, 396.32, 396.8, 396.79, 396.79, 2.68]
[1463918400, 396.42, 398, 397.68, 396.42, 25.54]
[1463914800, 396.88, 397.98, 397.52, 397.48, 14.13913]
[1463911200, 396.32, 398.16, 397.22, 397.85, 13.63]
[1463907600, 396.4, 398.3, 396.42, 397.22, 10.23]
[1463904000, 394.94, 398.34, 396.77, 397.53, 31.9281]
[1463900400, 395.09, 396.88, 396.78, 396.88, 4.83306109]
[1463896800, 396.01, 397.4, 396.4, 397.03, 3.758477]
[1463893200, 396.4, 398.05, 397.86, 396.4, 25.79916532]
[1463889600, 397.31, 398.11, 397.31, 397.31, 2.49]
[1463886000, 396.96, 397.94, 397.41, 397.31, 1.36]
[1463882400, 396.69, 397.95, 397.65, 397.43, 2.76]
[1463878800, 396.67, 398.22, 397.39, 397.32, 28.59]
[1463875200, 396.65, 398.39, 398.39, 398.22, 3.098]
[1463871600, 398.23, 398.48, 398.45, 398.25, 2.11]
[1463868000, 397.11, 398.5, 398.48, 398.47, 6.50239284]
[1463864400, 397.68, 398.71, 398.42, 398.49, 8.45]
[1463860800, 395.06, 398.51, 397.71, 398.38, 30.68]
[1463857200, 398.02, 398.49, 398.02, 398.22, 5.1]
[1463853600, 397.43, 398.16, 397.89, 397.64, 8.1179]
[1463850000, 396.96, 398.13, 398.13, 397.89, 16.298985]
[1463846400, 397.79, 398.51, 398.51, 398.13, 11.1028]
