[1461686400, 412.26, 414.68, 413.42, 413.43, 39.2341]
[1461682800, 412.25, 413.63, 412.96, 413.42, 18.6805767]
[1461679200, 411.58, 413.71, 412.91, 412.98, 35.44337664]
[1461675600, 411.49, 413, 411.65, 413, 24.55633399]
[1461672000, 411.37, 412.16, 412.16, 411.89, 31.84134]
[1461668400, 411.24, 412.33, 412.33, 412.16, 18.82047]
[1461664800, 411.97, 414, 413.99, 412.33, 55.2247]
[1461661200, 412.17, 414.21, 413.97, 414, 56.760833]
[1461657600, 412.5, 415.04, 415.03, 414.17, 39.36824551]
[1461654000, 415.03, 415.83, 415.56, 415.03, 31.8047]
[1461650400, 415, 417.8, 415.83, 415.57, 46.13142]
[1461646800, 414.59, 417.19, 414.59, 416.03, 15.12]
[1461643200, 414.33, 416.25, 415.91, 414.58, 29.78841377]
[1461639600, 415.9, 415.96, 415.96, 415.91, 0.65986626]
[1461636000, 415.72, 416.48, 415.72, 416.16, 8.375]
[1461632400, 414.53, 415.25, 414.84, 415.25, 3.9954]
[1461628800, 410.72, 414.87, 414.52, 414.74, 21.7597]
[1461625200, 414.66, 416.47, 415.29, 414.66, 17.38799228]
[1461621600, 413.32, 418.59, 416.41, 415.66, 32.72455873]
[1461618000, 415.33, 416.43, 415.54, 416.43, 2.25012357]
[1461614400, 412.05, 416.3, 414.24, 415.3, 29.7278095]
[1461610800, 411.41, 414.85, 411.41, 413.75, 40.02831603]
[1461607200, 411.25, 412.04, 412.04, 411.41, 11.8737]
[1461603600, 409.48, 412.05, 409.49, 412.05, 33.1657656]
[1461600000, 406.38, 409.48, 408.62, 409.48, 72.8559014]
[1461596400, 408.05, 408.62, 408.54, 408.62, 21.3144847]
[1461592800, 408.05, 408.54, 408.46, 408.54, 18.11033194]
[1461589200, 408, 408.99, 408.24, 408.46, 18.8131]
[1461585600, 406.11, 408.59, 406.35, 408.06, 30.58503508]
[1461582000, 406.1, 408.26, 408.07, 406.35, 22.71]
[1461578400, 408, 410.02, 408.52, 408.07, 26.55815]
[1461574800, 408, 410.02, 410, 408.46, 20.6489]
[1461571200, 410, 410.3, 410.21, 410.02, 28.69539216]
[1461567600, 409.9, 410.34, 410.17, 410.22, 22.77980082]
[1461564000, 410, 411.39, 411.39, 410.19, 13.69799999]
[1461560400, 410, 411.9, 410, 411.52, 22.99137299]
[1461556800, 410, 410.01, 410, 410.01, 0.4666]
[1461553200, 410, 410.46, 410.12, 410, 2.0913]
[1461549600, 410.01, 410.34, 410.01, 410.12, 1.0588]
[1461546000, 410.01, 411, 410.63, 410.01, 7.2912]
[1461542400, 410.54, 410.99, 410.96, 410.96, 3.81]
[1461538800, 410.25, 410.99, 410.39, 410.3, 16.15219017]
[1461535200, 410.25, 410.76, 410.76, 410.39, 9.64428483]
[1461531600, 410.79, 411.97, 411.2, 410.79, 26.54895852]
[1461528000, 404, 411.61, 411.61, 411.19, 91.92970109]
[1461524400, 404.31, 411.98, 404.31, 411.98, 58.5561701]
[1461520800, 403.02, 404.49, 403.95, 403.95, 12.41571885]
[1461517200, 403.02, 404.49, 404.49, 403.95, 10.42]
[1461513600, 403.35, 404.69, 403.59, 404.49, 4.4578]
[1461510000, 401.76, 403.59, 401.76, 403.59, 6.51398075]
[1461506400, 400.1, 406.1, 406.1, 401.77, 33.68783731]
[1461502800, 405.51, 406.85, 406.02, 405.6, 17.93]
[1461499200, 403.85, 407.45, 406.85, 406.02, 24.79661]
[1461495600, 406.3, 407.14, 406.94, 406.85, 15.02983258]
[1461492000, 406.94, 407.31, 407.13, 406.94, 30.83727]
[1461488400, 406.3, 407.52, 407.52, 407, 74.78126293]
[1461484800, 407.1, 407.6, 407.6, 407.43, 29.71739168]
[1461481200, 407.01, 407.9, 407.82, 407.6, 16.70391653]
[1461477600, 407.12, 408.09, 408.08, 407.89, 9.3271]
[1461474000, 406.3, 409.68, 408.46, 408.07, 63.62939441]
[1461470400, 408.22, 408.66, 408.47, 408.22, 0.98]
[1461466800, 406.01, 408.99, 408.17, 408.57, 15.9]
[1461463200, 405.65, 409.44, 405.65, 407.87, 2.09]
[1461459600, 404.7, 410, 404.89, 405.58, 37.28817598]
[1461456000, 401.01, 404.9, 402.88, 404.9, 18.46069453]
[1461452400, 401.03, 403, 401.03, 402.92, 7.23448554]
[1461448800, 400.84, 401.04, 401.02, 401.03, 21.15771061]
[1461445200, 400.02, 401.44, 400.02, 401.4, 22.53593383]
[1461441600, 399.95, 400.68, 400.03, 400.16, 8.493]
[1461438000, 399.95, 400.71, 400.67, 400.51, 22.566]
[1461434400, 399.96, 400.98, 400.7, 400.67, 43.61470694]
[1461430800, 399.64, 400.99, 400.44, 400.7, 37.9371092]
[1461427200, 399.81, 401, 400.62, 400.44, 12.54000026]
[1461423600, 400.25, 401, 400.53, 400.97, 16.22]
[1461420000, 400.05, 401, 400.96, 400.53, 22.85368627]
[1461416400, 399.81, 401, 401, 400.82, 36.3271582]
[1461412800, 399.82, 401.29, 399.99, 401.29, 37.3422201]
[1461409200, 399.8, 400.94, 400, 400.23, 14.30887173]
[1461405600, 397.23, 400, 398.55, 400, 56.94905157]
[1461402000, 398.19, 398.95, 398.78, 398.54, 10.12]
[1461398400, 398.13, 399, 398.93, 398.48, 24.05]
[1461394800, 398.9, 399, 398.96, 398.95, 17.9774]
[1461391200, 398.92, 399.89, 398.92, 399, 12.60856747]
[1461387600, 398.91, 399.42, 399.16, 399.19, 15.85959479]
[1461384000, 398.9, 399.42, 399.28, 398.9, 5.44092677]
[1461380400, 399.15, 399.84, 399.83, 399.15, 3.84913951]
[1461376800, 399.52, 400.97, 399.84, 399.52, 8.90250155]
[1461373200, 399.71, 400.29, 400.14, 399.88, 23.80435585]
[1461369600, 399.44, 400.59, 399.44, 400.14, 7.25736184]
[1461366000, 399.16, 399.44, 399.16, 399.44, 1.77]
[1461362400, 399.15, 399.6, 399.5, 399.17, 9.66610056]
[1461358800, 399.45, 400.4, 399.98, 399.5, 17.53067278]
[1461355200, 399.97, 400.97, 400.38, 399.97, 24.43722233]
[1461351600, 399.51, 400.98, 399.8, 400.46, 20.39465585]
[1461348000, 398.99, 399.77, 399, 399.77, 175.7489178]
[1461344400, 398.7, 399.6, 398.77, 399, 113.41264152]
[1461340800, 397.46, 399.08, 397.96, 398.6, 35.21678916]
[1461337200, 396.91, 398, 397.49, 397.75, 27.23580141]
[1461333600, 394.74, 397.5, 397.22, 397.47, 35.17452693]
[1461330000, 396.3, 397.49, 397.49, 397.23, 13.34905048]
[1461326400, 397.01, 397.7, 397.28, 397.5, 13.59798326]
[1461322800, 397.09, 397.96, 397.09, 397.28, 20.30177395]
[1461319200, 396.13, 398.5, 397.05, 397.09, 17.49994662]
[1461315600, 396.38, 398.73, 396.38, 397.32, 33.62416141]
[1461312000, 394.98, 396.93, 395.96, 396.38, 118.82448319]
[1461308400, 394.86, 396.21, 396.21, 395.94, 30.92410113]
[1461304800, 395.83, 397.69, 396.27, 395.83, 61.71615022]
[1461301200, 394.82, 397.82, 397.32, 396.34, 16.59189656]
[1461297600, 397.31, 398.22, 397.53, 397.32, 6.3703]
[1461294000, 395.97, 397.7, 397.47, 397.43, 10.12469495]
[1461290400, 395, 397.9, 396.54, 397.9, 12.08688474]
[1461286800, 396.66, 399.5, 399.49, 396.66, 17.81638572]
[1461283200, 399.49, 400.36, 399.85, 399.49, 16.97219409]
[1461279600, 399.35, 400.97, 399.35, 399.82, 20.15336133]
[1461276000, 398.4, 400.79, 399, 398.45, 49.68959593]
[1461272400, 399, 399.95, 399.8, 399, 19.73247334]
[1461268800, 397.25, 400, 397.82, 399.8, 61.11801033]
[1461265200, 394.5, 397.95, 395.52, 397.83, 53.54256966]
[1461261600, 394.35, 396.96, 395.83, 395.77, 91.51280196]
[1461258000, 392.3, 396.78, 393.06, 395.39, 128.47583333]
[1461254400, 391.49, 393.49, 392.31, 393.47, 42.1521463]
[1461250800, 390.38, 393, 392.76, 392.23, 62.74412368]
[1461247200, 390.62, 392.5, 391.93, 392.5, 74.39969627]
[1461243600, 390.38, 392.59, 390.38, 392, 75.39198926]
[1461240000, 389.75, 392.6, 392.57, 390.53, 72.16466071]
[1461236400, 392.54, 393.15, 392.65, 392.93, 15.3786532]
[1461232800, 392, 393.11, 392.85, 392.54, 11.7940541]
[1461229200, 392.84, 393.27, 392.96, 392.85, 40.53266642]
[1461225600, 392.47, 393.25, 392.93, 393.21, 35.60041953]
[1461222000, 391, 393.01, 392.3, 393, 22.24528774]
[1461218400, 391.89, 394.3, 394.05, 392.44, 17.79044364]
[1461214800, 393.44, 395, 393.89, 394.28, 20.69]
[1461211200, 393.47, 394.73, 393.47, 393.89, 10.88302367]
[1461207600, 392.77, 393.59, 393.59, 393, 2.7875499]
[1461204000, 392.33, 393.98, 392.33, 393.59, 31.55736523]
[1461200400, 391.68, 392.33, 391.99, 392.33, 15.07452061]
[1461196800, 391.9, 392.08, 392.04, 392.08, 1.22]
[1461193200, 391.29, 392.26, 392.25, 392.08, 13.39411778]
[1461189600, 392.02, 392.85, 392.07, 392.25, 31.3492746]
[1461186000, 391.25, 393.15, 392.74, 392.06, 54.48986075]
[1461182400, 390.5, 392.86, 390.99, 392.86, 45.52224324]
[1461178800, 389.89, 391.36, 390.37, 391.21, 54.57231515]
[1461175200, 389.25, 390.9, 390.82, 390.21, 24.56613219]
[1461171600, 388.45, 393, 388.45, 390.82, 87.65757612]
[1461168000, 387.43, 388.45, 387.88, 388.45, 31.15121123]
[1461164400, 386.25, 387.99, 386.88, 387.99, 33.44459023]
[1461160800, 385.53, 387.24, 385.53, 386.71, 26.55753956]
[1461157200, 384.94, 388, 385.24, 385.54, 53.824]
[1461153600, 384.51, 386.06, 385.53, 385.14, 30.76442688]
[1461150000, 384.67, 385.6, 385.12, 385.49, 42.23619145]
[1461146400, 384.96, 388, 385.58, 385.26, 41.39082358]
[1461142800, 385.28, 386.01, 385.7, 385.34, 27.42732736]
[1461139200, 385.7, 386.69, 385.72, 385.7, 27.90887586]
[1461135600, 385.67, 386.44, 386, 386.3, 23.822821]
[1461132000, 385.26, 388, 385.91, 385.99, 42.57550923]
[1461128400, 384.31, 386.01, 385.91, 385.77, 6.98]
[1461124800, 385.17, 385.85, 385.29, 385.85, 1.25]
[1461121200, 384, 386.05, 384.96, 384.49, 23.96]
[1461117600, 384.5, 384.66, 384.66, 384.5, 2.46]
[1461114000, 384.65, 385, 384.8, 384.69, 2.9]
[1461110400, 384.65, 385, 384.95, 385, 3.93]
[1461106800, 382.5, 385, 382.5, 384.72, 21.74410576]
[1461103200, 381.25, 382.49, 381.57, 382.49, 37.20055594]
[1461099600, 381.26, 382.04, 381.5, 381.57, 36.98626717]
[1461096000, 380, 381.92, 380.27, 381.5, 71.0868015]
[1461092400, 378.94, 381.43, 379.3, 380.07, 53.60282416]
[1461088800, 379.28, 379.61, 379.58, 379.3, 23.63831439]
[1461085200, 379.3, 379.58, 379.32, 379.31, 17.4077583]
[1461081600, 378.31, 379.95, 378.75, 379.39, 24.15]
[1461078000, 378.26, 378.93, 378.76, 378.75, 32.13594321]
[1461074400, 378.75, 380, 379.01, 378.75, 36.4049]
[1461070800, 378.75, 379.88, 379.61, 379.01, 28.1111378]
[1461067200, 379.49, 380, 379.57, 379.99, 37.01504743]
[1461063600, 378.89, 379.99, 379.17, 379.73, 19.22102517]
[1461060000, 378.89, 380.75, 379.41, 379, 61.2612]
[1461056400, 379.05, 380, 380, 379.37, 14.24788541]
[1461052800, 379.83, 380.5, 380.36, 380, 29.37475772]
[1461049200, 379.47, 381.04, 381, 380.36, 44.86909667]
[1461045600, 380.81, 382.7, 382.7, 381, 49.35457296]
[1461042000, 379.85, 382.97, 379.85, 382.97, 22.7915]
[1461038400, 379.82, 380.32, 380.14, 379.82, 1.2308]
[1461034800, 380.06, 380.35, 380.06, 380.33, 2.76]
[1461031200, 380.09, 380.34, 380.09, 380.34, 2.18]
[1461027600, 380, 380.26, 380.04, 380.09, 4.91]
[1461024000, 380.11, 380.26, 380.11, 380.26, 2.47042878]
[1461020400, 379.71, 380.19, 379.78, 380.19, 5.08195495]
[1461016800, 379.58, 380.09, 380.01, 380.09, 7.24]
[1461013200, 379.29, 380.01, 379.82, 380.01, 24.34]
[1461009600, 379.49, 379.88, 379.76, 379.56, 31.52]
[1461006000, 379.63, 379.79, 379.79, 379.76, 12.20637961]
[1461002400, 379.14, 379.79, 379.51, 379.79, 39.92988778]
[1460998800, 379.27, 379.71, 379.7, 379.5, 5.3781]
[1460995200, 379.05, 380.07, 379.84, 380.07, 9.12]
[1460991600, 379.5, 380.47, 379.98, 379.84, 30.504565]
[1460988000, 379, 380.52, 380.26, 380.37, 7.312]
[1460984400, 379.01, 380.62, 380.32, 380.11, 33.75688381]
[1460980800, 380, 381.05, 380.25, 380.37, 10.72954979]
[1460977200, 380.01, 382, 381.3, 380.01, 39.28]
[1460973600, 381.1, 381.77, 381.46, 381.3, 5.68]
[1460970000, 381.01, 382.46, 381.67, 381.59, 13.379135]
[1460966400, 381.63, 382.4, 381.69, 381.64, 13.45686028]
