[1472486400, 512.48, 515.82, 515.36, 513.55, 15.16707399]
[1472482800, 512.48, 517.24, 515.44, 515.96, 25.10499407]
[1472479200, 515.01, 517.76, 517.06, 516.42, 26.88058581]
[1472475600, 515, 517.19, 515.92, 517.06, 8.06]
[1472472000, 514.3, 517.34, 515.64, 515.4, 26.75541061]
[1472468400, 512.49, 515.75, 514.59, 514.88, 14.87]
[1472464800, 514, 515, 514.7, 514.58, 16.74]
[1472461200, 514.41, 515, 514.87, 514.62, 10.469004]
[1472457600, 514.86, 516.1, 515.03, 514.86, 11.19803752]
[1472454000, 515.03, 516.98, 515.94, 515.03, 10.27641778]
[1472450400, 513.59, 516.9, 513.95, 516.67, 26.49]
[1472446800, 513.95, 515.48, 515, 513.95, 4.07]
[1472443200, 514.6, 515.43, 515.43, 515, 0.58]
[1472439600, 515.39, 515.43, 515.43, 515.42, 0.949]
[1472436000, 515.38, 516.38, 516.25, 515.38, 1.3298]
[1472432400, 515.7, 516.27, 516.15, 516.24, 0.95]
[1472428800, 514.94, 516.25, 514.94, 516.25, 4.580015]
[1472425200, 513.05, 515.09, 513.83, 514.87, 4.05]
[1472421600, 512.93, 515.7, 513.06, 513.38, 15.78956824]
[1472418000, 512.52, 514.16, 512.54, 513.03, 4.82]
[1472414400, 508.84, 515.1, 511.22, 513.21, 19.25121692]
[1472410800, 508.64, 512.5, 511.87, 508.76, 15.758]
[1472407200, 509.43, 512.5, 512.22, 512.31, 8.38]
[1472403600, 510.7, 512.47, 511.06, 512.21, 8.43]
[1472400000, 508.42, 512.5, 512.49, 511.04, 11.74]
[1472396400, 511.09, 512.5, 512.5, 512.42, 3.82]
[1472392800, 511.24, 512.5, 512.5, 512.5, 12.39977921]
[1472389200, 511.06, 512.5, 512.5, 512.49, 6.66]
[1472385600, 508.42, 514.94, 511.86, 512.5, 28.20674735]
[1472382000, 509.17, 512.53, 511.99, 510.93, 10.06]
[1472378400, 511.7, 512, 512, 511.99, 5.66132247]
[1472374800, 511.98, 512.5, 512.5, 512, 7.00948255]
[1472371200, 511.56, 514.18, 513.88, 512.51, 12.5]
[1472367600, 512.29, 514.14, 513.24, 514.14, 7.119]
[1472364000, 512.03, 513.75, 512.03, 512.28, 7.5]
[1472360400, 512.02, 512.04, 512.02, 512.03, 1.21]
[1472356800, 512.03, 512.04, 512.04, 512.04, 1.07]
[1472353200, 512.04, 512.06, 512.06, 512.04, 0.13]
[1472349600, 512.04, 512.46, 512.46, 512.04, 2.40154154]
[1472346000, 512.45, 512.52, 512.45, 512.49, 1.47721]
[1472342400, 511.56, 512.46, 511.57, 512.46, 1.6]
[1472338800, 510.45, 511.62, 510.45, 511.62, 2.66]
[1472335200, 510.76, 513.6, 511.1, 510.77, 7.68]
[1472331600, 509.76, 511.38, 510.49, 511.36, 6.7985]
[1472328000, 509.06, 510.77, 510.77, 510.49, 10.39]
[1472324400, 510.08, 511.74, 510.09, 511.07, 6.79149302]
[1472320800, 508.7, 513.22, 508.99, 510.09, 8.58111834]
[1472317200, 508.47, 509.48, 509.48, 509.2, 3.77]
[1472313600, 508.53, 509.74, 509.35, 509.49, 11.16]
[1472310000, 508.75, 512.74, 512.64, 509.35, 11.3134606]
[1472306400, 513.23, 515.88, 515.12, 515.02, 14.11]
[1472302800, 513.21, 515.63, 514.97, 515.03, 20.78]
[1472299200, 514.14, 514.98, 514.5, 514.97, 8.96618397]
[1472295600, 513.25, 515, 514.98, 514.48, 13.2]
[1472292000, 514.6, 515.83, 515.83, 514.98, 5.07542366]
[1472288400, 514, 515.85, 515.83, 515.85, 10.5172791]
[1472284800, 515.51, 516.71, 515.81, 515.51, 17.76]
[1472281200, 514.57, 516.29, 515.31, 515.76, 3.293]
[1472277600, 514.49, 516.6, 514.54, 514.76, 10.1317]
[1472274000, 514.54, 516.26, 516.26, 514.54, 1.21080989]
[1472270400, 516.28, 516.75, 516.28, 516.75, 4.09]
[1472266800, 516.53, 516.9, 516.53, 516.9, 0.84]
[1472263200, 516.25, 517.19, 516.25, 516.65, 0.42]
[1472259600, 516.62, 519.47, 518.88, 516.64, 6.61]
[1472256000, 516.8, 518.93, 518.26, 518.22, 7.74]
[1472252400, 518.14, 518.76, 518.14, 518.73, 2.25]
[1472248800, 516.25, 518.48, 516.97, 516.25, 5.40700651]
[1472245200, 516.24, 518.55, 517.05, 517.19, 7.2]
[1472241600, 516.52, 518.76, 516.87, 518.21, 8.20393556]
[1472238000, 511.45, 517.11, 516.26, 516.94, 19.82686732]
[1472234400, 515.38, 516.74, 516.22, 516.24, 3.55]
[1472230800, 515, 516.44, 515.94, 516.22, 4.95]
[1472227200, 515.21, 516.38, 515.21, 515.94, 8.714597]
[1472223600, 513.27, 515.52, 515, 515.07, 16.93]
[1472220000, 514.45, 515, 514.5, 515, 6.46531658]
[1472216400, 514.29, 515, 515, 514.92, 6.93]
[1472212800, 514.23, 516.42, 515.33, 514.99, 30.61676698]
[1472209200, 514.02, 515.97, 514.59, 515.74, 9.61523184]
[1472205600, 513.1, 515.63, 514.01, 515.06, 13.31879037]
[1472202000, 514.01, 515.4, 514.49, 514.01, 32.61510854]
[1472198400, 511.99, 515, 512, 514.25, 14.69691]
[1472194800, 511.98, 512, 512, 512, 11.193]
[1472191200, 511.95, 514.27, 513.79, 512, 12.24841189]
[1472187600, 513.31, 514.1, 513.71, 514.1, 2.25]
[1472184000, 512.2, 513.74, 512.2, 513.72, 1.29]
[1472180400, 511.65, 512.83, 511.93, 512.83, 1.33]
[1472176800, 510.57, 513.55, 513.31, 513.55, 20.09163954]
[1472173200, 512.56, 513.36, 512.57, 513.13, 0.9]
[1472169600, 512.66, 513.86, 512.66, 513.44, 1.46]
[1472166000, 511.54, 514, 513.08, 511.54, 6.13392115]
[1472162400, 512.76, 513.76, 513.58, 513.1, 12.307075]
[1472158800, 511.59, 513.79, 512.33, 513.59, 14.39]
[1472155200, 508.02, 512.5, 512, 511.53, 34.15]
[1472151600, 508, 512.5, 512.49, 512, 15.32]
[1472148000, 508.95, 512.5, 511.13, 512.5, 10.93]
[1472144400, 508, 512.95, 512.87, 508, 10.95]
[1472140800, 509, 512.87, 511, 512.87, 12.99]
[1472137200, 510.35, 511, 510.99, 511, 18.81]
[1472133600, 510.5, 511.99, 511.51, 510.98, 7.3851]
[1472130000, 510.92, 512, 511.89, 511.6, 9.76]
[1472126400, 509.58, 512.32, 512.06, 511.99, 17.88346347]
[1472122800, 510.3, 512.2, 510.59, 511.99, 26.78]
[1472119200, 509.45, 512.18, 511.26, 512.18, 17.89]
[1472115600, 511.26, 512.18, 511.73, 511.26, 15.8692]
[1472112000, 511.25, 513.41, 512.05, 512.16, 24.3929]
[1472108400, 511.76, 513.32, 512.52, 512.91, 20.58372825]
[1472104800, 512.02, 512.54, 512.52, 512.52, 3.99]
[1472101200, 512.02, 512.54, 512.27, 512.54, 4.01]
[1472097600, 512.02, 512.68, 512.54, 512.41, 5.4005]
[1472094000, 512.12, 514.03, 512.12, 513.41, 1.8006]
[1472090400, 512.08, 512.22, 512.22, 512.12, 1.597956]
[1472086800, 512.1, 515.41, 515.1, 512.1, 4.229]
[1472083200, 515.88, 516.81, 516.24, 516.73, 1.49]
[1472079600, 515.34, 517.23, 516.73, 516.65, 4.14]
[1472076000, 515.96, 517.24, 516.38, 516.73, 14.97]
[1472072400, 514.69, 517.2, 516.07, 516.37, 12.88]
[1472068800, 514.89, 516.54, 516.53, 515.33, 6.88]
[1472065200, 515.91, 516.54, 516.54, 516.54, 12.3294]
[1472061600, 515.64, 516.54, 516.15, 516.54, 17.92675207]
[1472058000, 514.77, 516.15, 516.13, 516.13, 17.79301785]
[1472054400, 516.12, 518.19, 516.2, 516.15, 10.85]
[1472050800, 514.84, 517.75, 517.53, 517.75, 12.672084]
[1472047200, 515.85, 518.49, 518.47, 517.35, 13.32083221]
[1472043600, 516.58, 518.49, 516.81, 518.37, 23.5176813]
[1472040000, 516.17, 518.26, 516.5, 516.85, 16.51]
[1472036400, 515.82, 516.5, 516.5, 516.5, 12.731]
[1472032800, 515.99, 516.5, 516.5, 516.5, 16.47]
[1472029200, 515.93, 518.36, 518.22, 516.5, 16.0532]
[1472025600, 516.12, 518.48, 516.84, 518.2, 10.5085]
[1472022000, 514.61, 518.01, 514.62, 517.71, 22.98379572]
[1472018400, 514.01, 516.38, 515.55, 514.99, 31.2686]
[1472014800, 515.65, 516.5, 516.01, 515.65, 1.73]
[1472011200, 516.17, 516.5, 516.17, 516.5, 0.63]
[1472007600, 516.64, 517.3, 517.3, 516.76, 0.41]
[1472004000, 516.01, 517.71, 517.24, 517.71, 1]
[1472000400, 516.14, 517.65, 517.63, 517.65, 0.74]
[1471996800, 515.86, 518.41, 518.4, 517.46, 4.26]
[1471993200, 516.16, 518.91, 516.74, 518.05, 15.38]
[1471989600, 512.02, 518.19, 517.01, 517.2, 28.26]
[1471986000, 516.24, 518, 516.24, 517.02, 21]
[1471982400, 515.4, 517.22, 515.43, 516.78, 15.2]
[1471978800, 514.77, 516.08, 515.02, 515.91, 8.94]
[1471975200, 514.5, 516.2, 516.2, 515.03, 17.53135158]
[1471971600, 516.02, 516.2, 516.09, 516.2, 7.75]
[1471968000, 515.35, 518.04, 515.56, 516.15, 19.83908654]
[1471964400, 515.52, 518.75, 517.23, 516.99, 12.28]
[1471960800, 515.63, 518.69, 517.18, 517.22, 13.13]
[1471957200, 516.02, 517.19, 516.66, 517.19, 36.55]
[1471953600, 515.1, 516.68, 516.24, 516.66, 16.17]
[1471950000, 514.89, 517.46, 517.23, 516.26, 14.25]
[1471946400, 514.99, 517.31, 515.46, 516.68, 17.16456625]
[1471942800, 515.22, 516.33, 515.77, 515.5, 37.23214387]
[1471939200, 515.37, 520.63, 519.97, 515.85, 17.32218789]
[1471935600, 519.18, 521.56, 520.19, 520.18, 46.88289148]
[1471932000, 520, 520.9, 520.47, 520, 10.28]
[1471928400, 520.03, 520.9, 520.48, 520.78, 14.91]
[1471924800, 520.05, 520.72, 520.5, 520.54, 7.2787]
[1471921200, 519.59, 520.48, 519.6, 520.48, 0.54]
[1471917600, 519.61, 520.79, 520.52, 519.89, 2.21]
[1471914000, 519.61, 520.61, 520.22, 520.48, 0.57]
[1471910400, 520, 520.91, 520.32, 520.19, 12.28]
[1471906800, 518, 520.5, 520.39, 520.28, 11.08]
[1471903200, 519.02, 520.74, 519.19, 520.5, 28.82]
[1471899600, 518.33, 520, 519.98, 519, 5.47371757]
[1471896000, 519.17, 521.54, 520.52, 520, 13.24097693]
[1471892400, 519.32, 520.54, 520.51, 520.13, 8.51]
[1471888800, 518.93, 520.7, 520.69, 520.4, 15.32]
[1471885200, 519.66, 521.82, 520.79, 520.68, 17.72294199]
[1471881600, 518.63, 521.23, 520.96, 519.96, 18]
[1471878000, 518.01, 521.08, 519.15, 520.3, 12.20103222]
[1471874400, 517.07, 519.35, 517.07, 519.01, 7.4]
[1471870800, 515.91, 518, 516.97, 517.33, 8.87]
[1471867200, 516.16, 517.63, 516.28, 517.52, 5.50201905]
[1471863600, 515.24, 516.4, 516.39, 515.24, 11.471]
[1471860000, 515.32, 516.4, 516.37, 516.35, 9.71318609]
[1471856400, 515.33, 516.4, 516.37, 516.38, 12.75776846]
[1471852800, 515.59, 516.4, 516.37, 516.37, 11.214]
[1471849200, 516.03, 517.27, 517.27, 516.37, 9.18]
[1471845600, 516.18, 517.84, 517.84, 517.29, 3.94893742]
[1471842000, 516.96, 518.04, 516.96, 517.73, 1.61]
[1471838400, 512.13, 517.5, 517.31, 517.5, 6.97]
[1471834800, 517.69, 518.31, 517.9, 517.7, 0.75233732]
[1471831200, 516.24, 517.7, 517.34, 517.66, 2]
[1471827600, 516.7, 517.69, 517.59, 516.7, 2.28]
[1471824000, 517.45, 518.53, 517.45, 517.98, 5.28796003]
[1471820400, 515.95, 517.38, 515.95, 517.38, 3.46]
[1471816800, 513.76, 516.23, 515.55, 515.84, 9.32]
[1471813200, 515, 516.26, 516.14, 515, 7.35]
[1471809600, 515.22, 517.14, 515.51, 516.13, 7.02]
[1471806000, 515.36, 517.14, 515.8, 516.21, 5.13]
[1471802400, 515.81, 517.05, 516.02, 516.1, 3.81]
[1471798800, 515.81, 517.56, 516.12, 515.81, 2.86]
[1471795200, 515.18, 517.3, 516.14, 516.7, 9.81]
[1471791600, 515.01, 516.96, 515.17, 516.14, 12.1]
[1471788000, 515, 517.18, 515.93, 515.89, 7.14]
[1471784400, 513, 516.91, 515.98, 515.94, 15.47]
[1471780800, 515.46, 516, 516, 515.98, 5.5]
[1471777200, 515.43, 516, 516, 516, 5.59]
[1471773600, 515.37, 518.36, 518.14, 516, 5.1852]
[1471770000, 516.59, 518.33, 516.59, 518.24, 2.52]
[1471766400, 516.18, 518.26, 518.24, 518.15, 6.2]
