[1476086400, 553.9, 555.7, 555.64, 555.55, 27.4]
[1476082800, 554.42, 555.64, 555.3, 555.64, 18.47604544]
[1476079200, 554.27, 555.33, 554.63, 555.3, 21.27005844]
[1476075600, 554.62, 554.64, 554.62, 554.64, 2.38]
[1476072000, 554.42, 554.7, 554.7, 554.62, 3.810315]
[1476068400, 554.67, 554.7, 554.7, 554.7, 0.72]
[1476064800, 554.67, 554.7, 554.67, 554.7, 0.86]
[1476061200, 554.6, 555.05, 555.05, 554.6, 1.002]
[1476057600, 555.05, 555.35, 555.35, 555.14, 1.896]
[1476054000, 555.25, 555.4, 555.35, 555.35, 5.90779]
[1476050400, 555.35, 555.35, 555.35, 555.35, 4.21]
[1476046800, 554.8, 555.46, 554.8, 555.35, 3.84]
[1476043200, 553.81, 554.83, 554.02, 554.8, 10.00391656]
[1476039600, 553.71, 555.96, 555.96, 554.12, 12.63]
[1476036000, 554.85, 555.96, 554.86, 555.96, 21.865507]
[1476032400, 554.85, 554.99, 554.96, 554.85, 3.07]
[1476028800, 554.93, 555.05, 554.96, 555.03, 5.7]
[1476025200, 553.94, 556.91, 553.94, 555.05, 19.94]
[1476021600, 553.75, 554.68, 554.61, 553.93, 17.44215335]
[1476018000, 554.19, 554.74, 554.19, 554.68, 12.36]
[1476014400, 554.16, 555.18, 554.99, 554.25, 12.39]
[1476010800, 555, 555.84, 555.54, 555, 3.9496]
[1476007200, 554.78, 555.54, 554.8, 555.54, 3.68188431]
[1476003600, 551.7, 555.59, 555.53, 554.8, 21.532997]
[1476000000, 555.52, 555.53, 555.53, 555.53, 6.11751578]
[1475996400, 555.52, 555.53, 555.53, 555.53, 3.24]
[1475992800, 555.29, 555.69, 555.29, 555.53, 2.401]
[1475989200, 555.29, 555.39, 555.39, 555.3, 1.24]
[1475985600, 555.4, 555.41, 555.41, 555.4, 0.23]
[1475982000, 555.41, 556.86, 556.86, 555.41, 1.57000001]
[1475978400, 556.87, 557.2, 557.2, 556.87, 0.99]
[1475974800, 557.21, 557.38, 557.3, 557.21, 1.06]
[1475971200, 557.19, 557.4, 557.32, 557.3, 1.058]
[1475967600, 556.92, 557.33, 556.92, 557.33, 2.75]
[1475964000, 556.58, 556.95, 556.64, 556.92, 2.59]
[1475960400, 556, 556.73, 556.17, 556.64, 8.50626212]
[1475956800, 555.31, 556.18, 555.31, 556.17, 5.961057]
[1475953200, 555.19, 555.39, 555.19, 555.32, 3.491087]
[1475949600, 554.43, 555.18, 554.86, 555.12, 7.09]
[1475946000, 554.27, 554.96, 554.39, 554.87, 7.63]
[1475942400, 554.4, 555.32, 555.29, 554.49, 10.11]
[1475938800, 555.11, 555.73, 555.11, 555.38, 4.95]
[1475935200, 554.93, 555.72, 555.19, 555.07, 9.15000307]
[1475931600, 554.97, 556.75, 556.66, 555.27, 10.53]
[1475928000, 555.55, 556.76, 555.56, 556.76, 14.76765035]
[1475924400, 553.03, 556.09, 556.08, 555.56, 20.54]
[1475920800, 556.08, 556.74, 556.42, 556.09, 11.43]
[1475917200, 556.01, 557.23, 556.1, 556.42, 13.2899495]
[1475913600, 556, 556.41, 556.34, 556.1, 9.08]
[1475910000, 556.25, 556.34, 556.26, 556.34, 7.2303]
[1475906400, 556.25, 556.5, 556.42, 556.26, 3.385]
[1475902800, 554.82, 556.43, 555.4, 556.42, 3.33097999]
[1475899200, 554.82, 555.39, 554.82, 555.39, 1.4428]
[1475895600, 554.37, 555.43, 555.34, 554.81, 2.2102]
[1475892000, 554.78, 555.43, 555.21, 555.43, 1.32]
[1475888400, 555.2, 555.95, 555.95, 555.21, 4.83]
[1475884800, 555.31, 556.09, 555.31, 555.94, 2.51]
[1475881200, 555.31, 555.63, 555.32, 555.31, 5.891711]
[1475877600, 554.95, 556.98, 556.06, 555.32, 5.74]
[1475874000, 556.01, 556.88, 556.01, 556.07, 6.05]
[1475870400, 543.64, 556.52, 556.52, 556, 88.03643786]
[1475866800, 556.53, 557.76, 557.6, 556.56, 30.5027877]
[1475863200, 557.59, 558.42, 558.42, 557.61, 11.11763699]
[1475859600, 558.42, 559.23, 559.13, 558.46, 9.00995]
[1475856000, 559.08, 559.26, 559.26, 559.23, 16.5]
[1475852400, 558.82, 559.5, 558.93, 559.26, 21.45358]
[1475848800, 558.61, 559.33, 558.61, 558.94, 21.92]
[1475845200, 554.5, 559.38, 558.55, 558.68, 40.22]
[1475841600, 557.99, 559.52, 557.99, 558.49, 20.9]
[1475838000, 556.35, 558, 557.5, 558, 27.16572725]
[1475834400, 556.09, 557.77, 556.1, 557.49, 20.88738592]
[1475830800, 555.08, 556.52, 555.08, 556.1, 29.71]
[1475827200, 553.16, 555.32, 554.16, 555.08, 41.722]
[1475823600, 554.05, 555, 554.05, 554.16, 11.97]
[1475820000, 552.99, 554.04, 553, 554.04, 16.31]
[1475816400, 551.7, 553.5, 551.88, 553, 12.758169]
[1475812800, 551.75, 552.62, 552.53, 551.75, 13.794]
[1475809200, 552.37, 552.62, 552.44, 552.61, 0.76]
[1475805600, 552.22, 552.67, 552.22, 552.34, 1.83]
[1475802000, 551.8, 552.22, 552.22, 552.22, 1.91]
[1475798400, 552.22, 552.6, 552.59, 552.31, 1.67]
[1475794800, 552.35, 552.7, 552.48, 552.69, 1.86]
[1475791200, 552.07, 553.22, 553.19, 552.48, 9.13]
[1475787600, 552.9, 553.28, 552.99, 553.28, 5.76641]
[1475784000, 551.59, 553.26, 552.71, 553.06, 11.67]
[1475780400, 550.9, 552.84, 552.83, 552.81, 27.8891433]
[1475776800, 551.62, 552.84, 552, 552.84, 22.65834874]
[1475773200, 551.15, 552.43, 552.34, 552, 20.4]
[1475769600, 551.94, 552.43, 552.22, 552.43, 44.78901867]
[1475766000, 551.83, 552.33, 552.24, 552.33, 26.8]
[1475762400, 551.88, 552.25, 552, 552.25, 24.05]
[1475758800, 551.43, 552, 551.48, 552, 20.41649535]
[1475755200, 550.68, 551.87, 550.99, 551.56, 17.46748]
[1475751600, 550.51, 552, 551.49, 551.08, 21.91988]
[1475748000, 550.5, 552, 551.73, 551.5, 40.36]
[1475744400, 550.16, 551.74, 550.77, 551.72, 16.525808]
[1475740800, 550.36, 550.97, 550.89, 550.88, 40.497]
[1475737200, 550.9, 551.17, 551.17, 550.99, 6.53217276]
[1475733600, 551.08, 551.79, 551.5, 551.17, 10.80240358]
[1475730000, 550.42, 551.94, 550.52, 551.94, 20.67]
[1475726400, 550.52, 550.82, 550.73, 550.52, 3.90079]
[1475722800, 550.73, 551.17, 551.17, 550.78, 1.585]
[1475719200, 551.05, 551.28, 551.1, 551.18, 0.52]
[1475715600, 550.52, 551.61, 550.56, 551.11, 4.24]
[1475712000, 550.57, 551.94, 551.65, 550.57, 4.45]
[1475708400, 551.21, 551.66, 551.37, 551.65, 7.38089538]
[1475704800, 551.27, 551.6, 551.54, 551.37, 5.23959009]
[1475701200, 550.49, 551.6, 550.87, 551.44, 15.13]
[1475697600, 550.23, 550.87, 550.55, 550.87, 6.415]
[1475694000, 549.81, 550.87, 550.81, 550.56, 14.71010092]
[1475690400, 549.34, 550.97, 550.95, 550.8, 13.80572275]
[1475686800, 550.36, 551.75, 551.08, 550.99, 22.51]
[1475683200, 550.66, 551.94, 550.88, 551.05, 16.42]
[1475679600, 549.95, 551.94, 549.98, 550.88, 32.47]
[1475676000, 549.04, 550.38, 549.45, 550.01, 21.31]
[1475672400, 549.2, 550.93, 550.93, 549.39, 22.49]
[1475668800, 546.77, 551.62, 546.77, 550.93, 37.64109739]
[1475665200, 545.57, 548.43, 547.58, 546.76, 26.9516911]
[1475661600, 546.37, 547.58, 547, 547.58, 9.531]
[1475658000, 546.16, 547.1, 546.16, 547.09, 16.61071756]
[1475654400, 545.97, 546.37, 546.13, 546.19, 20.86]
[1475650800, 545.83, 546.18, 545.93, 546.12, 14.619]
[1475647200, 545.83, 545.99, 545.95, 545.84, 8.93929151]
[1475643600, 545.9, 545.99, 545.91, 545.96, 4.14]
[1475640000, 545.89, 546.38, 546.38, 545.99, 1.53]
[1475636400, 546.39, 546.7, 546.7, 546.39, 0.96]
[1475632800, 546.7, 546.7, 546.7, 546.7, 0.41]
[1475629200, 546.7, 546.84, 546.84, 546.72, 0.71]
[1475625600, 545.84, 549.45, 545.84, 546.85, 22.41520117]
[1475622000, 545.83, 545.84, 545.83, 545.84, 4.03194]
[1475618400, 545.34, 545.84, 545.35, 545.84, 4.78]
[1475614800, 544, 545.62, 545.47, 545.35, 12.43]
[1475611200, 545.01, 549.13, 549.13, 545.36, 23.26436627]
[1475607600, 547.46, 549.22, 547.75, 549.13, 35.54]
[1475604000, 545.99, 548.69, 548.29, 547.75, 30.75889385]
[1475600400, 548.29, 548.98, 548.89, 548.29, 12.992]
[1475596800, 547.52, 549.17, 549.17, 548.97, 18.63]
[1475593200, 548.84, 552.11, 549.91, 549.17, 95.55394712]
[1475589600, 549.27, 550.35, 549.46, 549.91, 20.61515555]
[1475586000, 548.42, 549.56, 549.45, 549.56, 14.32970921]
[1475582400, 547.79, 550.88, 547.79, 549.45, 41.49]
[1475578800, 547.45, 548.13, 547.95, 547.78, 19.65947945]
[1475575200, 547.23, 548.52, 548.42, 547.94, 19.68665544]
[1475571600, 547.87, 548.52, 548.06, 548.52, 14.69]
[1475568000, 547.88, 548.5, 548.19, 548.06, 18.10186909]
[1475564400, 547.19, 549.61, 547.19, 548.18, 13.43]
[1475560800, 545.43, 549.8, 546.84, 547.26, 53.433853]
[1475557200, 546.37, 546.93, 546.37, 546.84, 1.16]
[1475553600, 545.53, 546.36, 545.53, 546.36, 1.34]
[1475550000, 545.39, 548.09, 548.09, 545.53, 8.10891]
[1475546400, 547.24, 548.1, 547.24, 548.09, 3.334628]
[1475542800, 546.96, 547.46, 547.04, 547.23, 2.938763]
[1475539200, 546.84, 547.35, 547.29, 547.04, 1.6]
[1475535600, 546.77, 547.29, 547.18, 547.29, 6.46]
[1475532000, 546.1, 547.4, 546.1, 547.21, 12.38]
[1475528400, 541.27, 546.1, 545.91, 546.1, 11.978868]
[1475524800, 540.47, 547.46, 547.46, 545.91, 37.678856]
[1475521200, 547.35, 548.6, 548.6, 547.35, 18.807]
[1475517600, 548.32, 549.13, 548.54, 548.6, 13.51428679]
[1475514000, 547.47, 548.67, 548.67, 548.51, 12.14]
[1475510400, 546.97, 549.92, 547.27, 548.67, 32.45]
[1475506800, 546.87, 548.29, 547.79, 547.32, 17.14]
[1475503200, 547.52, 548.8, 548.55, 547.79, 18.38]
[1475499600, 546.68, 548.66, 548.07, 548.64, 30.72343]
[1475496000, 547.73, 549.19, 548.14, 548.07, 13.05]
[1475492400, 547.72, 548.57, 547.76, 548.05, 14.43]
[1475488800, 547.77, 549.08, 548.65, 547.86, 14.43]
[1475485200, 547.39, 550.89, 547.4, 548.65, 32.536]
[1475481600, 545.36, 551, 548, 547.4, 56.93945177]
[1475478000, 547.98, 550.76, 549.79, 548, 28.35810759]
[1475474400, 544.27, 550, 549.65, 549.83, 27.68]
[1475470800, 549.58, 549.85, 549.85, 549.65, 1.7]
[1475467200, 549.84, 549.99, 549.99, 549.86, 1.78]
[1475463600, 548.76, 549.96, 548.92, 549.89, 6.08]
[1475460000, 548.53, 549.15, 548.53, 548.82, 2.88]
[1475456400, 547.75, 548.54, 548.2, 548.54, 2.37]
[1475452800, 548.06, 548.34, 548.34, 548.31, 4.36164437]
[1475449200, 546.82, 548.37, 546.82, 548.37, 7.698793]
[1475445600, 546.62, 547.49, 546.96, 546.81, 2.954]
[1475442000, 546.16, 547.17, 546.45, 546.96, 9.740985]
[1475438400, 545.26, 547.48, 546.97, 546.54, 13.28]
[1475434800, 545.97, 547.55, 546.03, 547, 21.66]
[1475431200, 545.6, 546.83, 546.35, 545.93, 8.36]
[1475427600, 546.14, 547.37, 546.71, 546.34, 11.08]
[1475424000, 543.98, 546.72, 544.99, 546.72, 12.45]
[1475420400, 545, 547.59, 547.09, 545, 15.90426845]
[1475416800, 546.79, 547.54, 547.38, 546.99, 7.73]
[1475413200, 546.62, 548.01, 548.01, 547.38, 14.59305915]
[1475409600, 544.37, 549, 549, 548.01, 25.029298]
[1475406000, 548.93, 549.06, 549.06, 549.06, 4.99]
[1475402400, 548.8, 549.06, 548.92, 549.06, 7.34]
[1475398800, 548.4, 548.97, 548.59, 548.85, 12.13]
[1475395200, 548.45, 549.15, 549.01, 548.52, 6.28013661]
[1475391600, 549, 549.1, 549.01, 549.1, 4.17]
[1475388000, 549, 549.35, 549.35, 549.08, 3.43]
[1475384400, 549.36, 550.5, 550.49, 549.37, 3.596836]
[1475380800, 550.48, 550.48, 550.48, 550.48, 0.29]
[1475377200, 550.28, 550.5, 550.5, 550.48, 0.32]
[1475373600, 550.4, 550.5, 550.5, 550.5, 0.34]
[1475370000, 550.5, 550.5, 550.5, 550.5, 1.23]
[1475366400, 550.21, 550.65, 550.54, 550.49, 2.06]
