[1470326400, 520.01, 525.62, 523.56, 523.44, 23.19703785]
[1470322800, 523.36, 527.98, 526.3, 524.7, 20.30905827]
[1470319200, 524, 528.6, 528.11, 525.39, 23.41]
[1470315600, 520, 532.99, 528.66, 528.11, 25.96062138]
[1470312000, 523.28, 535.7, 524.76, 529.5, 46.39]
[1470308400, 520.4, 528.52, 528.03, 527.08, 14.82023191]
[1470304800, 519.71, 528.53, 527.6, 528.19, 41.32423225]
[1470301200, 518.05, 529.01, 525.02, 528.03, 42.63012541]
[1470297600, 525, 528.64, 527.99, 525.06, 69.43728403]
[1470294000, 524.66, 529.06, 526.32, 527.99, 27.049]
[1470290400, 524.65, 540, 530.94, 526.31, 106.60975402]
[1470286800, 527.96, 533.89, 528.69, 533.26, 15.79122325]
[1470283200, 529.11, 541.97, 533.7, 529.11, 41.51764424]
[1470279600, 527.96, 539.14, 535.43, 531, 30.10637935]
[1470276000, 519.93, 539.14, 519.97, 535.43, 26.75162951]
[1470272400, 516.72, 523.48, 518.06, 519.96, 11.0979]
[1470268800, 511, 518, 517.99, 517.19, 14.204]
[1470265200, 511.22, 518, 511.22, 517.99, 16.00208193]
[1470261600, 507.79, 519.12, 514.97, 510.99, 15.03268525]
[1470258000, 510.16, 522.76, 518.52, 514.61, 42.40384255]
[1470254400, 507.53, 524.14, 518.4, 519.12, 158.79668212]
[1470250800, 508.72, 520.31, 514.9, 518.44, 80.88045666]
[1470247200, 507.95, 517.08, 511.35, 514.9, 135.184209]
[1470243600, 507.22, 512.51, 508.18, 511.55, 44.97856682]
[1470240000, 502.89, 510.23, 504.28, 508.18, 29.30414444]
[1470236400, 496.34, 505.33, 499.67, 503.61, 36.54772224]
[1470232800, 490, 514.08, 511.97, 499.67, 54.29455631]
[1470229200, 499.76, 520, 500.27, 510.95, 104.260768]
[1470225600, 491.99, 502.81, 498, 496, 43.80499583]
[1470222000, 480.66, 497.98, 482.25, 497.96, 34.66530895]
[1470218400, 478.65, 486.5, 486.4, 482.96, 52.47427071]
[1470214800, 479.58, 491.16, 490.49, 486.39, 62.48048303]
[1470211200, 487.04, 500, 494.75, 494.8, 45.33334367]
[1470207600, 479.56, 495.55, 479.56, 494.76, 40.42013281]
[1470204000, 475.38, 502.11, 478.29, 479.55, 75.94784298]
[1470200400, 473.27, 486.37, 482.91, 486.07, 21.52624394]
[1470196800, 476.31, 487.56, 487.55, 482.9, 16.16294461]
[1470193200, 478.07, 491.03, 482, 485.23, 7.39024]
[1470189600, 477.03, 489.98, 489.97, 480.73, 9.31985558]
[1470186000, 472.8, 491.1, 472.8, 491.1, 16.76570579]
[1470182400, 462.15, 483.16, 476.51, 472.8, 22.58416583]
[1470178800, 434.78, 478, 448, 477.97, 48.09585368]
[1470175200, 448.23, 493.54, 493.54, 448.23, 39.62277527]
[1470171600, 487.3, 503.97, 501.91, 491.48, 52.64795045]
[1470168000, 492.96, 514.25, 505.03, 503.97, 94.69174032]
[1470164400, 490.22, 520.85, 510.42, 505.06, 85.60548979]
[1470160800, 508.61, 536.68, 535.5, 509.56, 61.50947415]
[1470157200, 530.5, 536.93, 531.46, 535.51, 32.29822]
[1470153600, 531.03, 534.48, 532.28, 531.47, 19.52]
[1470150000, 527.18, 537.76, 537.75, 531.7, 36.59876437]
[1470146400, 536, 543.44, 539.66, 537.77, 26.80031837]
[1470142800, 539.05, 542.91, 540.03, 539.61, 30.8221]
[1470139200, 535.34, 540.19, 535.89, 540.03, 15.05372508]
[1470135600, 532.88, 538, 535.37, 535.88, 25.4432]
[1470132000, 532.24, 537.48, 536.22, 537.05, 30.24]
[1470128400, 532.98, 540, 536.05, 537.3, 27.5887]
[1470124800, 534.4, 539.49, 536.88, 536.35, 45.86518998]
[1470121200, 532.69, 537, 535.89, 536.88, 95.43493135]
[1470117600, 530.5, 539.85, 538.23, 536.26, 18.95190816]
[1470114000, 533.87, 540.96, 535.38, 538.17, 17.32097044]
[1470110400, 527.67, 536.12, 536.11, 534.34, 21.23]
[1470106800, 536.04, 541, 541, 536.76, 7.23791661]
[1470103200, 540.64, 542.38, 542.38, 541.94, 1.71946173]
[1470099600, 543.39, 546.38, 544.56, 543.54, 7.0466]
[1470096000, 535.65, 545.51, 537.2, 544.56, 60.51164968]
[1470092400, 531.71, 541.68, 540.81, 537.18, 17.54256548]
[1470088800, 535.26, 552.09, 551.64, 541.29, 30.16418636]
[1470085200, 547.1, 553.71, 552.19, 551.74, 22.05291675]
[1470081600, 543.23, 553.46, 552.01, 552.21, 44.61563952]
[1470078000, 546.09, 553.52, 549.88, 552.6, 21.56]
[1470074400, 546, 554.98, 554.96, 549.87, 37.7003878]
[1470070800, 552.74, 556, 555.87, 555, 19.01159223]
[1470067200, 553.8, 556.9, 555.96, 555.92, 17.5588887]
[1470063600, 553.55, 557, 556.98, 555.98, 23.86869434]
[1470060000, 556.96, 561.26, 559.56, 556.98, 18.10193656]
[1470056400, 559.01, 561.15, 561.15, 559.88, 15.7331846]
[1470052800, 560.55, 563.91, 561.91, 560.55, 19.069999]
[1470049200, 559.91, 564.98, 561.61, 561.91, 17.05989365]
[1470045600, 560.03, 562.72, 560.19, 562.09, 22.93]
[1470042000, 553.94, 560.25, 558.55, 560.09, 49.4]
[1470038400, 556.27, 559.49, 558.04, 558.81, 18.77518361]
[1470034800, 554.89, 560.24, 559.29, 559.45, 14.49155147]
[1470031200, 558.23, 560.01, 558.23, 559.77, 13.91142]
[1470027600, 557.3, 559.63, 558.78, 557.88, 5.33656953]
[1470024000, 556.14, 559.4, 556.14, 558.59, 3.41]
[1470020400, 554.45, 556.25, 554.87, 555.1, 1.86365786]
[1470016800, 550.93, 557.25, 556.42, 551.81, 3.3]
[1470013200, 552.43, 558.99, 558.65, 552.97, 5.58]
[1470009600, 556.54, 560, 559.2, 559.36, 3.30270928]
[1470006000, 555, 565.96, 565.89, 559.21, 95.04139859]
[1470002400, 563.66, 567.08, 564.19, 565.81, 23.6092]
[1469998800, 563.45, 567.96, 566.54, 564.2, 51.33943563]
[1469995200, 564.13, 569.23, 569.23, 566.44, 15.8296]
[1469991600, 564.81, 570.11, 569.36, 569.53, 16.06200139]
[1469988000, 568.15, 571.11, 568.25, 569.38, 7.51]
[1469984400, 568.25, 571.35, 570.79, 568.25, 6.55]
[1469980800, 565.08, 571.87, 571.67, 571.29, 16.5]
[1469977200, 570.4, 572.69, 571.37, 572.23, 13.7833947]
[1469973600, 566.85, 573.04, 573.02, 571.37, 16.77014]
[1469970000, 572.92, 575.17, 574.73, 573.37, 14.19165]
[1469966400, 571.98, 576, 574.02, 574.75, 11.5794]
[1469962800, 567.56, 574.94, 573.78, 573.47, 28.97754138]
[1469959200, 572.04, 575.8, 572.75, 573.67, 28.7853]
[1469955600, 572.11, 577.44, 573.57, 572.77, 29.2881331]
[1469952000, 573.84, 580.74, 575.33, 573.95, 22.19887307]
[1469948400, 571.28, 577.99, 575, 575.41, 14.8]
[1469944800, 571.02, 574.93, 573.35, 574.93, 6.08]
[1469941200, 568, 572.83, 572.83, 572.21, 12.3382]
[1469937600, 569, 574.37, 574.37, 572.98, 22.7263253]
[1469934000, 574.22, 578.14, 576.54, 574.37, 3.032]
[1469930400, 575.56, 587.04, 587.04, 576.55, 31.75515076]
[1469926800, 587.06, 587.91, 587.43, 587.91, 1.02]
[1469923200, 587.07, 587.79, 587.79, 587.66, 0.55]
[1469919600, 587.04, 588.49, 587.5, 587.66, 8.46]
[1469916000, 587.04, 588.76, 587.12, 587.35, 7.11]
[1469912400, 587.04, 587.82, 587.82, 587.59, 2.21775681]
[1469908800, 587.04, 588.74, 587.29, 587.96, 3.15]
[1469905200, 587.04, 589, 589, 587.17, 12.06]
[1469901600, 589, 590.29, 589.76, 589.01, 8.5016]
[1469898000, 589.78, 590.75, 590.33, 589.93, 8.02]
[1469894400, 589.97, 591.47, 590.38, 590.53, 5.993]
[1469890800, 589.32, 593.39, 591.3, 590.47, 13.02501414]
[1469887200, 588.56, 591.28, 588.88, 591.28, 4.1536564]
[1469883600, 587.51, 590.41, 589.91, 589.13, 9.97]
[1469880000, 589.27, 591.31, 589.65, 589.27, 14.93]
[1469876400, 589.15, 592.08, 591.13, 590.4, 26.73240059]
[1469872800, 589, 594.31, 589.57, 591.06, 13.04667729]
[1469869200, 588.92, 590.5, 590.27, 590.01, 7.61]
[1469865600, 588.8, 590.25, 588.96, 590.25, 6.85]
[1469862000, 588.22, 589.17, 588.22, 588.96, 3.72]
[1469858400, 588.11, 589.94, 589.94, 588.11, 3.81127717]
[1469854800, 587.22, 589.89, 588.75, 589.89, 3.75]
[1469851200, 588.46, 588.59, 588.59, 588.47, 0.49]
[1469847600, 587.07, 589.92, 589.58, 589.02, 4.08126829]
[1469844000, 588.31, 590.75, 589.75, 589.85, 1.28]
[1469840400, 590.2, 591, 590.89, 590.22, 2.05]
[1469836800, 588.99, 590.98, 590.49, 590.98, 2.73]
[1469833200, 587.33, 591.04, 591.04, 590.98, 4.44]
[1469829600, 587.05, 592.03, 591.73, 591.04, 7.71]
[1469826000, 589.56, 591.78, 590.55, 591.68, 4.29]
[1469822400, 588, 592.38, 591.21, 590.49, 10.28]
[1469818800, 588.12, 591.88, 589.71, 591.88, 9.37597023]
[1469815200, 588.11, 591.39, 590.27, 589.72, 11.0696173]
[1469811600, 588.3, 591.64, 590.88, 590.44, 26.39923031]
[1469808000, 590, 592.55, 591.51, 590.43, 15.1402]
[1469804400, 590.96, 592.6, 592.04, 591.54, 5.82884619]
[1469800800, 590.6, 595.33, 594.31, 591.97, 10.65181442]
[1469797200, 591.02, 595.55, 593, 594.46, 38.05039]
[1469793600, 591.03, 596.65, 595.06, 592.99, 44.99042415]
[1469790000, 593.5, 595.27, 594.47, 594.66, 16.90426615]
[1469786400, 593.5, 595, 594, 593.5, 25.77]
[1469782800, 594, 595.12, 594.8, 594.01, 18.891]
[1469779200, 594.52, 595.45, 594.66, 594.56, 8.88]
[1469775600, 593.5, 594.9, 594.81, 594.45, 10.07]
[1469772000, 594.02, 595.09, 595.05, 595.09, 3.52761003]
[1469768400, 594.02, 595.09, 595.08, 594.6, 4.75]
[1469764800, 594.76, 595.49, 595.18, 595.05, 1.26]
[1469761200, 593.5, 595.16, 593.75, 594.76, 1.82]
[1469757600, 593.12, 594.72, 594.53, 594.04, 1.8118619]
[1469754000, 594.77, 595.13, 595.13, 595.04, 1.3201]
[1469750400, 594.76, 595.25, 594.99, 595.22, 1.27]
[1469746800, 593.37, 595.35, 594.44, 594.99, 11.61]
[1469743200, 593.58, 594.79, 593.59, 594.61, 4.55681438]
[1469739600, 590.5, 595, 593.66, 593.66, 31.04]
[1469736000, 593.46, 596.05, 595.89, 593.66, 13.53152]
[1469732400, 593.6, 596.09, 596, 595.18, 13.838]
[1469728800, 593.3, 596.57, 594.49, 596.01, 13.931]
[1469725200, 593.24, 595.38, 593.52, 594.49, 22.41462291]
[1469721600, 593.52, 596.96, 595.07, 593.52, 15.5531]
[1469718000, 595.05, 595.81, 595.41, 595.05, 10.85]
[1469714400, 595.02, 597.27, 595.69, 595.41, 9.99195]
[1469710800, 595, 596.07, 595.69, 595.69, 15.05]
[1469707200, 594.93, 597.08, 594.93, 596.42, 30.38]
[1469703600, 593.52, 596.18, 593.95, 594.93, 8.48]
[1469700000, 593.5, 596.44, 595, 593.95, 24.72696]
[1469696400, 593.2, 595.25, 593.24, 595.14, 24.8]
[1469692800, 593.2, 594.47, 593.42, 593.58, 14.4]
[1469689200, 592.04, 595.16, 595, 593.29, 14.08]
[1469685600, 594.69, 595.07, 594.69, 595, 9.71]
[1469682000, 594.52, 595.65, 595.41, 594.52, 7.15]
[1469678400, 594.81, 595.52, 594.99, 595.41, 0.6]
[1469674800, 593.81, 594.48, 594.26, 593.81, 0.62]
[1469671200, 593.38, 594.95, 594.56, 594.21, 2.62]
[1469667600, 594.79, 595.06, 595.05, 595.04, 1.39]
[1469664000, 594.17, 594.73, 594.51, 594.73, 3.23]
[1469660400, 592.68, 595.53, 595.53, 594.01, 6.08]
[1469656800, 595.51, 596.04, 595.8, 595.52, 9.4249442]
[1469653200, 595.54, 596.06, 596.05, 595.56, 6.02]
[1469649600, 595.58, 597.74, 596.89, 596.06, 9.51]
[1469646000, 595.75, 598.56, 596.42, 596.92, 11.77]
[1469642400, 596.22, 598.78, 598.68, 596.42, 14.33912899]
[1469638800, 597.27, 600, 599.99, 598.14, 19.08]
[1469635200, 596.02, 600, 597.98, 600, 32.14487566]
[1469631600, 596.73, 598, 597.62, 597.96, 13.41778]
[1469628000, 595.53, 598, 597.83, 597.63, 16.90130152]
[1469624400, 595.5, 598, 595.81, 597.83, 30.18072985]
[1469620800, 594.46, 597, 595.41, 595.39, 19.91765282]
[1469617200, 591.2, 597.34, 596.55, 594.99, 25.54508282]
[1469613600, 595.3, 599.37, 598.56, 596.55, 29.739402]
[1469610000, 597.54, 599.87, 597.91, 598.7, 40.81807063]
[1469606400, 595.69, 598.8, 598.09, 597.91, 23.6870008]
