[1459526400, 365.62, 366.83, 366.47, 365.66, 72.81051467]
[1459522800, 365.62, 366.5, 365.99, 366.47, 55.02185136]
[1459519200, 365.29, 367, 365.57, 365.72, 65.56502056]
[1459515600, 364.94, 365.72, 365.72, 365.39, 36.13582513]
[1459512000, 364.54, 365.93, 365.06, 365.72, 26.25095779]
[1459508400, 364.47, 366.51, 365.84, 365.06, 44.51441012]
[1459504800, 364.7, 365.89, 365.75, 365.89, 30.38336739]
[1459501200, 365.37, 366, 365.76, 365.75, 49.83186785]
[1459497600, 364.53, 365.97, 365.71, 365.83, 46.56]
[1459494000, 365.01, 366.14, 365.95, 365.71, 9.94]
[1459490400, 365, 366.05, 365.59, 365.88, 14.25]
[1459486800, 365.49, 367.03, 366.6, 365.52, 12.5]
[1459483200, 364.62, 366.43, 366.36, 366.4, 8.39]
[1459479600, 365.9, 367, 366.79, 366.09, 5.4435]
[1459476000, 365.14, 366.75, 366.65, 366.75, 9.75]
[1459472400, 365.85, 366.67, 365.85, 366.56, 8.074197]
[1459468800, 365.26, 367.02, 366.65, 366.35, 13.32]
[1459465200, 365.78, 367.02, 366.84, 366.2, 6.40170476]
[1459461600, 366.17, 367.12, 366.66, 366.53, 6.73]
[1459458000, 366.39, 367.58, 366.96, 366.57, 9.17]
[1459454400, 366.26, 367.08, 366.7, 366.75, 17.25247]
[1459450800, 366.09, 367.34, 366.53, 367.08, 30.84]
[1459447200, 365.87, 367.14, 366.73, 366.46, 20.04652179]
[1459443600, 365.18, 366.73, 366.28, 366.73, 29.98]
[1459440000, 365.36, 366.27, 365.71, 366.21, 11.15294469]
[1459436400, 364.59, 366.26, 365.03, 365.56, 27.79004466]
[1459432800, 364.5, 366.09, 365.54, 364.97, 44.80153315]
[1459429200, 364.16, 366.48, 366.4, 365.69, 39.07906212]
[1459425600, 364.83, 366.36, 365.04, 366.36, 44.51260613]
[1459422000, 364.58, 365.57, 364.94, 365.16, 15.84006296]
[1459418400, 363.75, 365.5, 365.23, 365.5, 22.62221031]
[1459414800, 364.52, 366.06, 365.37, 364.52, 33.26515468]
[1459411200, 365.34, 366.34, 365.6, 365.8, 28.58719366]
[1459407600, 365.4, 366.9, 366.45, 366.05, 56.61397881]
[1459404000, 365.23, 367.17, 366.74, 366.9, 46.39838055]
[1459400400, 366.76, 367.57, 367.57, 367.44, 5.90545453]
[1459396800, 366.38, 368, 366.62, 367.63, 12.1729]
[1459393200, 366, 366.28, 366.13, 366.09, 0.88]
[1459389600, 366.11, 366.62, 366.62, 366.15, 1.68]
[1459386000, 365.17, 366.62, 365.17, 366.62, 12.79946664]
[1459382400, 364.98, 365.18, 364.99, 365.18, 28.02031985]
[1459378800, 364.38, 364.99, 364.55, 364.99, 13.76290649]
[1459375200, 364.2, 364.99, 364.47, 364.99, 24.6449198]
[1459371600, 363.9, 365.63, 364.71, 364.39, 14.02072147]
[1459368000, 363.77, 365.51, 363.85, 364.46, 39.40362173]
[1459364400, 363.44, 364.85, 363.88, 363.91, 28.49084876]
[1459360800, 363, 364.98, 364.73, 364.44, 49.59578293]
[1459357200, 363.8, 364.84, 364.36, 363.8, 18.09035]
[1459353600, 363.8, 365, 364.06, 363.8, 36.39595571]
[1459350000, 363.35, 366.16, 364.15, 363.75, 43.951255]
[1459346400, 362.25, 366.87, 363.08, 364.09, 26.39185]
[1459342800, 361.62, 366.26, 365.71, 363.81, 87.62441364]
[1459339200, 365, 366.03, 366.03, 365.71, 41.93320512]
[1459335600, 365.77, 367.69, 366.43, 365.79, 31.5857571]
[1459332000, 366.18, 368.39, 366.25, 366.54, 49.19050091]
[1459328400, 365.69, 366.46, 366.08, 365.84, 23.31]
[1459324800, 365.3, 367.14, 365.8, 365.3, 28.22657097]
[1459321200, 365, 366.04, 366.04, 365.67, 37.30225483]
[1459317600, 366.03, 367.97, 367.34, 366.08, 5.37894928]
[1459314000, 367.34, 368.05, 367.58, 368.05, 5.36]
[1459310400, 366.83, 368.02, 367.32, 367.58, 2.335]
[1459306800, 366.98, 368.05, 366.98, 368.02, 0.87]
[1459303200, 366.43, 367.66, 367.35, 366.98, 13.61811802]
[1459299600, 367.31, 368.25, 367.92, 367.68, 10.39972272]
[1459296000, 367.81, 368.89, 368.89, 367.93, 4.21334757]
[1459292400, 368.38, 368.9, 368.77, 368.9, 2.37238919]
[1459288800, 368.11, 371.23, 368.11, 368.77, 13.41558]
[1459285200, 366.62, 368.83, 368.19, 368.11, 40.30974859]
[1459281600, 365.91, 368.56, 368.08, 367.26, 42.98211777]
[1459278000, 367.41, 371.13, 367.53, 368.34, 89.32093146]
[1459274400, 366.87, 369.82, 368.52, 367.98, 54.20292054]
[1459270800, 365.75, 370.04, 367.24, 368.54, 100.14738771]
[1459267200, 366.98, 370.05, 368.91, 367.83, 27.77496972]
[1459263600, 368.25, 371.14, 371.14, 369.01, 66.0032276]
[1459260000, 369.87, 372.74, 371.01, 371.63, 58.8680769]
[1459256400, 369.11, 372.75, 370.5, 371.51, 13.60462946]
[1459252800, 367.26, 372.72, 372, 370.6, 85.05783455]
[1459249200, 372.83, 376.26, 376.03, 372.83, 47.07038536]
[1459245600, 376.01, 378, 377.77, 376.31, 30.82]
[1459242000, 376.57, 379.83, 379.35, 377.79, 25.05378475]
[1459238400, 378.01, 379.97, 378.47, 379.63, 9.13]
[1459234800, 377.5, 378.49, 378.47, 378.47, 8]
[1459231200, 377.13, 378.77, 378.02, 377.38, 5.45370623]
[1459227600, 376.34, 379.08, 378.21, 377.75, 8.01962362]
[1459224000, 377.8, 379.99, 378.48, 378.22, 2.5]
[1459220400, 377.63, 379.86, 378.34, 379.85, 6.14]
[1459216800, 378.3, 380, 378.49, 378.42, 2.8]
[1459213200, 377.04, 378.5, 377.29, 378.49, 4.14132617]
[1459209600, 377.08, 378, 377.08, 377.46, 4.95]
[1459206000, 376.97, 378.32, 377.43, 377.38, 11.145]
[1459202400, 376.57, 377.43, 377.14, 377.43, 5.35504642]
[1459198800, 376.14, 378, 376.93, 377.14, 13.35148124]
[1459195200, 376.5, 377.98, 376.6, 376.93, 7.99]
[1459191600, 376.04, 376.84, 376.36, 376.8, 6.61564445]
[1459188000, 376.08, 376.63, 376.6, 376.46, 4.19]
[1459184400, 375.72, 376.77, 376.3, 376.37, 15.11]
[1459180800, 375.01, 377.02, 376.94, 376.52, 37.18830475]
[1459177200, 376.3, 378.7, 378.53, 376.96, 42.87075977]
[1459173600, 378.03, 380.85, 378.65, 378.67, 18.5232]
[1459170000, 377.54, 380.22, 379.03, 378.99, 29.92250201]
[1459166400, 378.34, 379.81, 378.94, 379.02, 18.43182836]
[1459162800, 378.01, 379.21, 379.2, 378.58, 7.3732804]
[1459159200, 377.81, 379.34, 379.3, 379.2, 32.45307853]
[1459155600, 378.83, 379.4, 378.88, 379.3, 10.58]
[1459152000, 376.01, 378.88, 378.1, 378.88, 11.94789609]
[1459148400, 377.82, 379.49, 379.47, 377.84, 16.6798]
[1459144800, 378, 379.94, 379.94, 379.62, 4.62]
[1459141200, 377.29, 379.96, 379.01, 379.96, 14.01581135]
[1459137600, 379, 379.37, 379.32, 379.37, 2.0793332]
[1459134000, 378.63, 379.32, 378.63, 379.32, 0.93]
[1459130400, 379.05, 379.65, 379.64, 379.06, 0.76]
[1459126800, 378.67, 379.81, 379.23, 379.78, 0.93]
[1459123200, 379.12, 380, 379.97, 379.42, 4.646]
[1459119600, 376.29, 379.97, 379.46, 379.97, 27.90198791]
[1459116000, 379.36, 379.97, 379.97, 379.46, 2.50871]
[1459112400, 378.39, 380.97, 380.31, 379.97, 49.80329026]
[1459108800, 378.49, 381, 380.39, 380.31, 13.27]
[1459105200, 379.76, 382.31, 382.03, 380.39, 20.08367292]
[1459101600, 379.73, 382.73, 382.7, 382.21, 24.71121221]
[1459098000, 380.93, 382.95, 381.55, 382.7, 19.42448294]
[1459094400, 379.33, 381.81, 379.33, 381.55, 66.39011435]
[1459090800, 373.77, 379, 373.98, 379, 54.32959385]
[1459087200, 373.77, 373.99, 373.92, 373.98, 5.14858353]
[1459083600, 373.37, 373.99, 373.97, 373.93, 1.94]
[1459080000, 373.29, 373.99, 373.76, 373.97, 4.93]
[1459076400, 373.22, 373.98, 373.98, 373.72, 8.53]
[1459072800, 373.37, 373.99, 373.98, 373.52, 8.14]
[1459069200, 372.83, 373.99, 373.09, 373.98, 2.67]
[1459065600, 372.82, 373.95, 373.29, 373.05, 6.72]
[1459062000, 372.95, 373.9, 373.29, 373.43, 6.45]
[1459058400, 372.51, 373.41, 372.71, 373.16, 0.82]
[1459054800, 372.9, 373.34, 373.34, 373.25, 0.60089026]
[1459051200, 373.29, 373.42, 373.29, 373.35, 3.22199]
[1459047600, 372.8, 373.75, 373.69, 373.29, 4.01]
[1459044000, 373.45, 373.7, 373.7, 373.67, 0.71]
[1459040400, 372.75, 373.87, 373.87, 373.54, 9.45]
[1459036800, 373.28, 373.83, 373.48, 373.75, 3.84]
[1459033200, 372.04, 373.5, 373.5, 373.47, 28.45]
[1459029600, 373.48, 373.98, 373.98, 373.5, 1.72]
[1459026000, 373.34, 373.99, 373.57, 373.97, 2.57]
[1459022400, 372.98, 373.97, 373.27, 373.34, 12.62]
[1459018800, 373.25, 373.98, 373.96, 373.27, 10.5]
[1459015200, 373.1, 373.99, 373.17, 373.18, 8.54174159]
[1459011600, 373.02, 374, 373.36, 373.94, 6.94]
[1459008000, 372.7, 373.47, 373.35, 373.36, 9.45]
[1459004400, 372.72, 373.54, 373.48, 373.35, 9.85]
[1459000800, 372.71, 373.6, 373.01, 373.48, 16.25491104]
[1458997200, 372.75, 373.06, 373.05, 373, 66.95350323]
[1458993600, 372.6, 373.28, 372.61, 373, 70.5687]
[1458990000, 372.14, 372.79, 372.79, 372.61, 20.53199948]
[1458986400, 372.35, 373.1, 372.88, 373.1, 26.11]
[1458982800, 371.91, 373.59, 373.59, 373, 9.67374221]
[1458979200, 373.02, 373.99, 373.99, 373.58, 10.64373315]
[1458975600, 373.5, 373.99, 373.5, 373.99, 1.03]
[1458972000, 373.49, 373.5, 373.49, 373.5, 3.08]
[1458968400, 373.37, 373.49, 373.37, 373.49, 9.77]
[1458964800, 373.17, 373.17, 373.17, 373.17, 0.21]
[1458961200, 372.54, 373.25, 372.81, 373.18, 0.33]
[1458957600, 373.41, 373.47, 373.47, 373.41, 0.61]
[1458954000, 372.73, 373.48, 372.9, 373.24, 8.94]
[1458950400, 372.48, 373.42, 372.73, 373.42, 1.48]
[1458946800, 372.73, 373, 372.77, 372.99, 3.52]
[1458943200, 371.91, 373.43, 373.01, 372.76, 36.29]
[1458939600, 373, 373.29, 373.09, 373.1, 4.08]
[1458936000, 372.5, 373.08, 372.51, 373.08, 10.97596501]
[1458932400, 372.25, 372.97, 372.77, 372.83, 6.16]
[1458928800, 371.63, 373.13, 372.8, 372.53, 47.01619646]
[1458925200, 372.33, 373.84, 373.84, 372.55, 17.27788012]
[1458921600, 373.1, 374.05, 373.85, 373.85, 14.91279469]
[1458918000, 372.5, 373.89, 373.66, 373.89, 27.73565924]
[1458914400, 373.03, 373.66, 373.59, 373.65, 12.13]
[1458910800, 372.3, 373.59, 372.72, 373.59, 14.56543082]
[1458907200, 372.31, 373.46, 373.4, 372.72, 16.01613046]
[1458903600, 372.03, 373.4, 372.45, 373.4, 5.39]
[1458900000, 371.89, 373.32, 372.4, 372.51, 22.78104469]
[1458896400, 371.6, 373.33, 371.66, 372.07, 23.8826]
[1458892800, 371.65, 372.17, 372, 371.66, 7.67]
[1458889200, 370.59, 372, 370.59, 372, 5.98]
[1458885600, 369.53, 371.61, 370.99, 370.57, 8.78]
[1458882000, 370.24, 372.83, 370.44, 370.84, 4.79]
[1458878400, 370.27, 370.62, 370.47, 370.62, 0.4209847]
[1458874800, 370.04, 371.26, 370.47, 370.72, 10.79882874]
[1458871200, 369.1, 370.55, 369.1, 370.55, 2.51831101]
[1458867600, 368.97, 369.11, 368.99, 369.11, 1.5]
[1458864000, 368.69, 370.16, 370.11, 368.99, 23.33864687]
[1458860400, 369.62, 372.65, 370.63, 370.11, 30.05539097]
[1458856800, 370.62, 373.39, 372.89, 370.62, 47.05065647]
[1458853200, 372, 373.4, 373.29, 372.28, 13.89]
[1458849600, 372.57, 373.29, 372.99, 373.29, 20.27]
[1458846000, 372.62, 373, 372.93, 373, 18.28323778]
[1458842400, 372.32, 373, 372.32, 372.99, 21.11]
[1458838800, 372.15, 373, 373, 372.32, 28.65712594]
[1458835200, 372.82, 373.38, 373.13, 373, 18.849]
[1458831600, 372.82, 373.53, 373.25, 373.39, 7.203]
[1458828000, 372.91, 373.94, 373.81, 373.25, 21.22879173]
[1458824400, 369.69, 373.79, 372.47, 373.72, 55.88482498]
[1458820800, 365, 372.95, 372.42, 372.47, 118.3477]
[1458817200, 371.24, 372.96, 372.16, 372.42, 14.17750118]
[1458813600, 370.95, 372.37, 370.95, 371.97, 5.35732971]
[1458810000, 370.66, 371.55, 371.51, 371, 5.334]
[1458806400, 371.03, 372.37, 372.26, 371.55, 12.7105842]
