[1463846400, 397.79, 398.51, 398.51, 398.13, 11.1028]
[1463842800, 398.38, 399.4, 398.7, 398.51, 13.29063752]
[1463839200, 398.38, 398.95, 398.55, 398.7, 15.6062]
[1463835600, 397.22, 398.83, 397.22, 398.69, 5.77]
[1463832000, 395.58, 398.96, 395.7, 397.22, 24.48171]
[1463828400, 395.6, 395.7, 395.7, 395.7, 11.94248698]
[1463824800, 395.65, 395.7, 395.7, 395.7, 10.37]
[1463821200, 395.25, 396.91, 395.75, 395.7, 20.96]
[1463817600, 395.2, 396, 395.2, 395.36, 5.51565671]
[1463814000, 395.2, 395.3, 395.29, 395.2, 10.47434329]
[1463810400, 394.04, 395.67, 394.6, 395.3, 39.95633]
[1463806800, 394.6, 397.64, 397.63, 394.6, 23.43111874]
[1463803200, 396.61, 398.2, 397.15, 397.27, 1.12]
[1463799600, 396.6, 398.19, 396.62, 398.19, 5.76]
[1463796000, 396.61, 397.09, 396.96, 397.09, 1.16]
[1463792400, 396.19, 396.91, 396.56, 396.85, 2.29]
[1463788800, 396.47, 398.15, 396.75, 398.01, 15.18]
[1463785200, 395.11, 396.75, 395.69, 396.75, 2.49]
[1463781600, 395.14, 396.56, 396.1, 395.91, 11.67]
[1463778000, 395.15, 396.31, 395.64, 396.2, 17.27]
[1463774400, 394.07, 395.91, 395.38, 395.64, 35.08]
[1463770800, 395.15, 396.16, 395.16, 395.16, 27.1511329]
[1463767200, 395.15, 396.77, 396.61, 395.15, 15.2224]
[1463763600, 396.15, 396.64, 396.15, 396.63, 8.03]
[1463760000, 395.68, 396.72, 395.82, 396.16, 31.17261097]
[1463756400, 395.69, 400, 397.03, 396.64, 25.78985942]
[1463752800, 396.39, 399.01, 396.91, 397.04, 28.24375]
[1463749200, 396.03, 398.52, 397.43, 397.69, 30.621795]
[1463745600, 396.01, 397.23, 396.5, 396.72, 22.29947092]
[1463742000, 396.06, 397.41, 396.51, 396.53, 18.81453443]
[1463738400, 395.26, 396.97, 396, 396.55, 23.2319]
[1463734800, 394.93, 397, 395.25, 396, 25.89768274]
[1463731200, 395, 396.58, 396.27, 395.36, 36.9321]
[1463727600, 394.89, 396.77, 395.37, 396.58, 19.32554261]
[1463724000, 394.1, 396, 395.02, 394.96, 47.12662553]
[1463720400, 393.48, 395.43, 394.1, 394.67, 23.6748]
[1463716800, 393.74, 394.41, 394.37, 394.1, 0.83]
[1463713200, 394.21, 394.41, 394.21, 394.41, 19.74895413]
[1463709600, 393.3, 394.3, 393.98, 394.21, 6.92744]
[1463706000, 391.13, 394.3, 391.95, 393.96, 13.00758]
[1463702400, 390.27, 392.57, 390.32, 392.07, 2.19]
[1463698800, 390.2, 396.45, 396.27, 390.92, 22.52451107]
[1463695200, 394.54, 397.45, 394.59, 396.27, 16.534]
[1463691600, 394.17, 397.62, 397, 394.59, 34.86032711]
[1463688000, 395.03, 398.37, 395.97, 397, 44.94728063]
[1463684400, 395, 400.7, 400.7, 395.98, 78.06869057]
[1463680800, 400.28, 401.56, 400.95, 400.54, 18.13069245]
[1463677200, 398.62, 401, 400.99, 400.3, 26.34]
[1463673600, 399.77, 401, 400.52, 400.95, 24.67091466]
[1463670000, 398.76, 401.79, 401.21, 399.13, 64.32]
[1463666400, 400.36, 401.63, 400.6, 400.97, 23.16006]
[1463662800, 399, 401.5, 400.01, 400.6, 63.0354245]
[1463659200, 400, 401.5, 401.36, 400, 14.52140004]
[1463655600, 400.43, 401.5, 400.64, 401.46, 21.2511225]
[1463652000, 400.5, 401.51, 401.51, 400.64, 36.32858418]
[1463648400, 401.35, 405.42, 405.42, 401.51, 28.71784062]
[1463644800, 405, 406.03, 405.77, 405.42, 8.998]
[1463641200, 405.11, 406, 405.11, 405.77, 4.01]
[1463637600, 405.01, 405.63, 405.63, 405.11, 5.72]
[1463634000, 405.5, 406.66, 405.5, 406.22, 13.98]
[1463630400, 405.08, 405.53, 405.5, 405.53, 4.05852368]
[1463626800, 405.13, 405.53, 405.4, 405.53, 4.52]
[1463623200, 404.94, 405.48, 405.33, 405.39, 17.1592]
[1463619600, 405.07, 405.52, 405.5, 405.48, 14.9888553]
[1463616000, 405.5, 405.53, 405.53, 405.51, 2.00275265]
[1463612400, 405.5, 405.7, 405.61, 405.53, 3.72]
[1463608800, 405.36, 406.24, 405.79, 405.6, 7.05]
[1463605200, 405.3, 406.58, 406.58, 406.17, 7.70754]
[1463601600, 403.48, 406.66, 406.57, 405.58, 75.50375495]
[1463598000, 405.01, 406.7, 405.31, 405.54, 42.49661244]
[1463594400, 404.61, 406.53, 405, 405.32, 13.64]
[1463590800, 404.55, 405.06, 404.82, 405, 5.414115]
[1463587200, 404.8, 405, 405, 404.99, 0.99]
[1463583600, 404.6, 405, 404.97, 405, 5.35]
[1463580000, 404.04, 404.99, 404.51, 404.6, 14.586187]
[1463576400, 404.16, 405, 404.34, 404.51, 4.85]
[1463572800, 403.46, 404.63, 403.46, 404.34, 11.81019672]
[1463569200, 403.42, 404.01, 403.98, 403.6, 6.59]
[1463565600, 403.5, 404, 404, 404, 8.07]
[1463562000, 401.15, 404, 403.99, 404, 46.66464136]
[1463558400, 403.82, 405, 404.61, 403.99, 36.7784]
[1463554800, 403.81, 404.61, 403.82, 404.61, 43.79]
[1463551200, 403.4, 403.93, 403.4, 403.93, 15.77]
[1463547600, 402.47, 403.4, 402.74, 403.37, 17.76]
[1463544000, 402.4, 403.08, 402.74, 403.08, 6.37]
[1463540400, 401.56, 402.98, 401.56, 402.81, 1.82]
[1463536800, 401.64, 402.45, 401.64, 402.17, 3.1788]
[1463533200, 401.18, 401.65, 401.65, 401.31, 2.44]
[1463529600, 400.97, 402.98, 401.41, 401.79, 9.792]
[1463526000, 400.48, 401.9, 401.68, 401.51, 10.7023]
[1463522400, 401.16, 402.63, 402.63, 401.68, 8.570677]
[1463518800, 400.97, 403.6, 401.85, 402.71, 51.23]
[1463515200, 400.35, 402.62, 402.29, 401.85, 45.3386]
[1463511600, 401.48, 403.75, 402.38, 401.88, 37.70353536]
[1463508000, 401.5, 403.75, 403.45, 401.5, 25.83885083]
[1463504400, 401.97, 404.4, 402.69, 402.81, 37.26558198]
[1463500800, 402.37, 403.45, 402.66, 403.22, 6.95]
[1463497200, 401.84, 403.37, 403.18, 402.6, 15.82737073]
[1463493600, 402, 404.36, 402.04, 403.15, 15.19]
[1463490000, 402, 402.91, 402.83, 402.33, 16.13]
[1463486400, 402, 404, 402.69, 402.83, 25.18075]
[1463482800, 401.64, 403.9, 402.73, 402.07, 16.48]
[1463479200, 402, 403.6, 403.15, 403.51, 41.068]
[1463475600, 402.55, 404.13, 402.55, 403.42, 32.42]
[1463472000, 402.55, 404, 403.5, 402.76, 11.5820489]
[1463468400, 402.26, 403.92, 403.34, 402.34, 20.17630836]
[1463464800, 400.91, 403.82, 403.54, 403.23, 43.63443]
[1463461200, 402.95, 403.54, 403.3, 403.54, 5.4643]
[1463457600, 403, 403.3, 403.23, 403.3, 3.25]
[1463454000, 402.5, 403.3, 402.86, 403.28, 2.97]
[1463450400, 402.85, 403.3, 403.07, 403.3, 13.34]
[1463446800, 403, 403.07, 403.06, 403.06, 3.25]
[1463443200, 403.04, 403.51, 403.51, 403.06, 0.74]
[1463439600, 403, 404.42, 404, 403, 10.19]
[1463436000, 402.13, 404, 402.69, 404, 5.64]
[1463432400, 401.75, 403.89, 401.91, 403.5, 27.73070772]
[1463428800, 400.7, 402.94, 401.36, 402.1, 27.36282814]
[1463425200, 399.62, 405.43, 404.96, 401.71, 78.13106327]
[1463421600, 403.76, 405.11, 404.13, 405.11, 40.13895724]
[1463418000, 403.4, 406.96, 404.15, 404.18, 42.6095]
[1463414400, 403.42, 406.13, 404.4, 404.59, 42.37005069]
[1463410800, 403.65, 405, 404.57, 404.4, 10.70317772]
[1463407200, 403.39, 405, 403.78, 404.15, 35.81515036]
[1463403600, 403.44, 404.78, 403.45, 404.44, 6.67813332]
[1463400000, 403.52, 405, 404.74, 404.59, 37.06640667]
[1463396400, 403.82, 404.98, 404.25, 404.95, 5.9844]
[1463392800, 403.01, 404.3, 404.29, 403.01, 18.68]
[1463389200, 403.5, 405.71, 405.68, 404.29, 16.8442]
[1463385600, 404, 406, 405.1, 404.53, 11.35537872]
[1463382000, 404.04, 405.36, 405.35, 405.11, 8.03977534]
[1463378400, 405.02, 405.84, 405.84, 405.35, 4.19743635]
[1463374800, 405.02, 406.1, 406.1, 405.02, 4.71]
[1463371200, 404.45, 406.62, 406.22, 405.78, 9.91]
[1463367600, 406.12, 407.5, 407.31, 406.12, 1.49]
[1463364000, 406.7, 407.5, 406.71, 407.37, 0.26]
[1463360400, 406.71, 406.88, 406.72, 406.75, 0.91]
[1463356800, 406.71, 407.09, 406.71, 406.96, 0.96]
[1463353200, 405.83, 407.47, 406.98, 406.88, 4.55445469]
[1463349600, 406.26, 407.48, 407.41, 407.08, 6.03]
[1463346000, 405.37, 407.98, 407.96, 407.5, 18.61141676]
[1463342400, 404.57, 408.5, 408.1, 407.9, 29.66414914]
[1463338800, 407.52, 408.84, 407.52, 408.35, 8.04483]
[1463335200, 406.37, 408.77, 408.07, 408.39, 14.97]
[1463331600, 405.91, 408.5, 406.41, 408.44, 22.46]
[1463328000, 405.45, 408.45, 405.79, 406.33, 36.52]
[1463324400, 405.62, 406.7, 406.48, 406.38, 10.49774]
[1463320800, 404.01, 406.65, 406.44, 406.48, 21.45]
[1463317200, 405.33, 406.97, 405.58, 405.87, 12.05]
[1463313600, 403.49, 406.75, 406.5, 405.62, 15.14]
[1463310000, 405.37, 406.57, 405.4, 406.5, 4.57]
[1463306400, 404.64, 405.8, 405.52, 405.8, 7.27054117]
[1463302800, 405.45, 406.42, 406.31, 405.52, 8.46147]
[1463299200, 405.72, 407.44, 406.69, 406.31, 13.82]
[1463295600, 404.13, 407.1, 406.26, 405.97, 10.54]
[1463292000, 406.14, 407.24, 407.01, 406.22, 5.57]
[1463288400, 406.06, 407.21, 406.4, 407.01, 1.07]
[1463284800, 406.24, 407.22, 407.22, 406.24, 1.7]
[1463281200, 405.83, 407.12, 407.08, 406.87, 1.63]
[1463277600, 406.09, 407.23, 407.15, 407.01, 1.29]
[1463274000, 405.45, 407.17, 405.59, 405.89, 3.478]
[1463270400, 405.05, 407.17, 406.5, 407.17, 2.11]
[1463266800, 404.88, 407.18, 406, 406.59, 27.54386272]
[1463263200, 405.98, 406.29, 406.29, 406, 5.6]
[1463259600, 404.65, 406.41, 405.9, 405.76, 9.57]
[1463256000, 404.96, 406.46, 406.46, 405.82, 3.67]
[1463252400, 405.1, 406.96, 406.08, 405.6, 21.18408981]
[1463248800, 404.25, 406.96, 404.47, 406.93, 20.2]
[1463245200, 403.86, 406.98, 404.01, 404.08, 38.91]
[1463241600, 403.52, 404.71, 404.5, 404.12, 8.42]
[1463238000, 403.4, 406.09, 404.23, 404.4, 26.51]
[1463234400, 403.05, 406, 404.87, 405.64, 35.09]
[1463230800, 403.32, 404.99, 403.33, 404.89, 13.99]
[1463227200, 403.33, 405.39, 404.38, 403.33, 8.87]
[1463223600, 403.08, 404.83, 403.11, 403.46, 10.21]
[1463220000, 402.98, 405.51, 404.51, 403.06, 18.98]
[1463216400, 403.66, 406.03, 403.66, 404.52, 13.81606215]
[1463212800, 403.01, 405.27, 405.27, 403.65, 70.96]
[1463209200, 404.39, 405.86, 404.84, 405.32, 5.33]
[1463205600, 403.32, 406.98, 404.5, 403.32, 47.28]
[1463202000, 404.39, 405.66, 404.82, 404.54, 8.62]
[1463198400, 404.72, 405.11, 404.88, 404.72, 6.95]
[1463194800, 404.65, 406.73, 406.26, 404.65, 9.04384434]
[1463191200, 405.98, 406.95, 406.49, 406.06, 1.43]
[1463187600, 405.52, 406.95, 405.53, 406.95, 3.8239]
[1463184000, 403.95, 406.52, 405.99, 405.95, 4.46]
[1463180400, 404.2, 406.03, 405.65, 405.99, 7.67335997]
[1463176800, 405.01, 405.95, 405.61, 405.73, 15.66617]
[1463173200, 404.66, 405.95, 404.66, 405.95, 12.06341]
[1463169600, 404.29, 405.95, 405.85, 405.72, 18.64]
[1463166000, 404.41, 405.95, 404.41, 405.77, 11.31]
[1463162400, 404.05, 406.51, 405, 405.95, 22.12527683]
[1463158800, 403.89, 406.5, 404.13, 405.01, 62.15302722]
[1463155200, 401.96, 406.44, 403.12, 404.73, 110.66180284]
[1463151600, 402.13, 405, 403, 403.15, 40.75620906]
[1463148000, 401.99, 403.99, 403.05, 401.99, 27.64037712]
[1463144400, 401.5, 403.5, 401.5, 403.17, 24.05024]
[1463140800, 400.67, 402.17, 402.07, 401.5, 15.9418229]
[1463137200, 398.96, 402.29, 401.91, 402.28, 36.5748]
[1463133600, 399.57, 401.99, 401.52, 401.84, 23.73329072]
[1463130000, 399.77, 402.95, 401.9, 401.38, 91.51645]
[1463126400, 400.16, 402.92, 400.62, 402.92, 30.483]
