[1454486400, 341.08, 342.87, 341.5, 342.7, 10.13]
[1454482800, 340.52, 341.5, 340.77, 341.5, 14.46]
[1454479200, 340.26, 341, 341, 340.77, 6.36]
[1454475600, 340.92, 342.76, 341.34, 341.4, 18.07337448]
[1454472000, 341.04, 341.05, 341.05, 341.04, 1.47]
[1454468400, 338.11, 341.17, 340.96, 341.17, 20.46208553]
[1454464800, 341.36, 341.95, 341.49, 341.94, 2.01]
[1454461200, 340.88, 341.78, 341.78, 341.37, 8.47852676]
[1454457600, 341.65, 342.46, 341.79, 342.39, 3.49]
[1454454000, 341.37, 342.84, 342.64, 342.46, 22.65944229]
[1454450400, 342.17, 343.67, 342.73, 342.72, 17.38330227]
[1454446800, 341.81, 345.32, 342.68, 342.73, 59.94110133]
[1454443200, 341.13, 343.75, 342.83, 342.74, 49.90381177]
[1454439600, 341.57, 345.3, 342.05, 342.9, 147.60966712]
[1454436000, 341.51, 342.4, 341.76, 342.05, 4.65]
[1454432400, 341.51, 342.6, 342.3, 341.86, 17.83]
[1454428800, 341.51, 344.42, 342.89, 342.3, 47.5234585]
[1454425200, 340.94, 342.94, 341.53, 342.85, 14.829]
[1454421600, 340.37, 342.25, 342.05, 341.53, 18.69347637]
[1454418000, 339, 342.14, 341.5, 342.08, 61.91210831]
[1454414400, 340.51, 341.9, 341.53, 341, 19.14]
[1454410800, 340.73, 342.15, 341.55, 341.53, 4.07453793]
[1454407200, 340.91, 342.83, 341.86, 342.4, 35.49819177]
[1454403600, 340.19, 342.88, 342.16, 342.01, 38.40818939]
[1454400000, 341.64, 343.42, 343.4, 343, 10.13]
[1454396400, 341.7, 343.44, 341.9, 341.7, 8.19156723]
[1454392800, 341.23, 342.97, 342.97, 341.57, 14.23897]
[1454389200, 341.98, 343.05, 341.98, 342.79, 5.74]
[1454385600, 341.67, 342.3, 341.67, 342.3, 4.25923]
[1454382000, 341.73, 342.8, 342.8, 341.77, 0.58946205]
[1454378400, 341.8, 342.5, 342.5, 342.45, 0.56138416]
[1454374800, 341.89, 342.89, 342.77, 341.89, 2.53873625]
[1454371200, 340.58, 342.77, 340.59, 342.76, 6.80454002]
[1454367600, 340.44, 341.57, 340.6, 341.28, 6.8853986]
[1454364000, 339.84, 341.43, 340.24, 340.49, 6.384]
[1454360400, 337.98, 340.46, 338.85, 339.82, 20.49]
[1454356800, 338.17, 341.59, 341.59, 339.86, 18.53959273]
[1454353200, 338.74, 342.49, 341.22, 341.58, 39.76712283]
[1454349600, 341.5, 343.47, 343.47, 342.04, 9.86]
[1454346000, 332.49, 344.04, 343.98, 343.37, 163.31066321]
[1454342400, 342.3, 344.42, 343.74, 343.84, 6.80085018]
[1454338800, 342.7, 344.29, 343.96, 343.74, 11.89039876]
[1454335200, 342.63, 346.34, 346.02, 344.93, 27.2977]
[1454331600, 345.22, 346.69, 346.69, 346.22, 4.98993548]
[1454328000, 344.55, 347.83, 347, 346.69, 19.46116253]
[1454324400, 344.51, 349.01, 348.7, 346.93, 15.83280348]
[1454320800, 343.87, 349.44, 344.79, 348.81, 14.24122637]
[1454317200, 344.58, 347.14, 345.23, 344.79, 12.75909699]
[1454313600, 344.57, 347.39, 345.9, 344.57, 16.292539]
[1454310000, 345.5, 347.99, 345.75, 345.54, 6.58240389]
[1454306400, 345.04, 347.99, 345.47, 345.58, 9.77]
[1454302800, 344.14, 345.52, 344.79, 345.06, 4.7]
[1454299200, 344.53, 344.77, 344.61, 344.77, 1.57972548]
[1454295600, 342.11, 344.96, 342.27, 343.12, 5.05668317]
[1454292000, 339.62, 342.26, 339.89, 340.2, 21.26935985]
[1454288400, 338.89, 341.34, 341.33, 339.81, 7.84638385]
[1454284800, 339.73, 342.44, 340.85, 341.1, 14.74504667]
[1454281200, 336.95, 346.84, 346.84, 340.41, 70.38628254]
[1454277600, 346.81, 351.02, 350.02, 346.87, 32.34023137]
[1454274000, 348.67, 351.02, 350, 349.87, 39.79833]
[1454270400, 349.12, 350.97, 350.47, 350.97, 3.9478]
[1454266800, 349.16, 351.03, 350.02, 350.65, 5.88850262]
[1454263200, 349.12, 351.03, 349.66, 349.12, 8.93394848]
[1454259600, 349.23, 350.65, 350.42, 350.33, 7.50225]
[1454256000, 348.84, 351.03, 350.04, 350.46, 10.8843404]
[1454252400, 349.04, 351.03, 350.63, 349.04, 14.47]
[1454248800, 349.05, 351.43, 350.49, 350.55, 46.16725421]
[1454245200, 349.05, 351.85, 351.85, 350.5, 45.06949861]
[1454241600, 351.51, 353.19, 353.1, 352.51, 6.49]
[1454238000, 351.72, 353.33, 352.2, 352.94, 9.19]
[1454234400, 351.46, 352.83, 352.34, 352.4, 3.76]
[1454230800, 351.76, 353.33, 352.99, 352.34, 5.86233972]
[1454227200, 352.14, 353.33, 352.95, 353.28, 4.63]
[1454223600, 352.21, 353.08, 352.78, 352.98, 2.01]
[1454220000, 351.33, 352.96, 352.61, 352.76, 3.28]
[1454216400, 351.21, 352.97, 351.25, 352.87, 4.91588691]
[1454212800, 350.92, 351.62, 350.92, 351.41, 2.55051887]
[1454209200, 350.45, 351.17, 351.17, 351.17, 0.4146215]
[1454205600, 350.16, 351.35, 350.84, 351.17, 1.96058787]
[1454202000, 349.52, 350.62, 349.85, 350.62, 1.15351917]
[1454198400, 349.58, 350.91, 350.26, 349.85, 3.24453406]
[1454194800, 348.89, 353.84, 350.08, 350.31, 10.82971806]
[1454191200, 349.43, 355, 351, 350.56, 10.25616002]
[1454187600, 349.46, 350.96, 349.57, 350.96, 4.3]
[1454184000, 349.57, 350.18, 349.82, 349.91, 2.62]
[1454180400, 349.11, 355, 349.97, 349.82, 24.70848573]
[1454176800, 347.34, 351.12, 349.12, 350.13, 16.03299893]
[1454173200, 348.73, 349.85, 349.85, 349.12, 7.65537997]
[1454169600, 349.09, 351.35, 350.74, 349.41, 14.02284]
[1454166000, 350.04, 352.73, 350.78, 350.84, 9.26262848]
[1454162400, 349.52, 352.58, 350, 350.44, 17.16]
[1454158800, 348.77, 350.55, 349.91, 350, 8.69]
[1454155200, 348.32, 352.16, 350.4, 350.56, 20.13191418]
[1454151600, 349.88, 353.22, 351.03, 350.8, 53.64]
[1454148000, 349.38, 352.23, 351.39, 350.52, 18.54974907]
[1454144400, 349.31, 352.13, 351.82, 351.39, 10.130156]
[1454140800, 350.23, 352.29, 352.05, 351.82, 11.28]
[1454137200, 351.18, 353.56, 352.65, 351.18, 2.36721564]
[1454133600, 350.41, 353.53, 350.41, 352.68, 11.52]
[1454130000, 349.64, 351.81, 350.48, 349.64, 1.4899291]
[1454126400, 348.12, 350.48, 349.82, 350.33, 2.82063087]
[1454122800, 350.11, 352.07, 351.97, 350.11, 2.85497414]
[1454119200, 350.15, 352.03, 352.03, 351.54, 2.16766329]
[1454115600, 350.03, 354.25, 351.51, 352.4, 9.02756634]
[1454112000, 349.82, 352.02, 350.65, 351.5, 7.50028645]
[1454108400, 346.63, 354.99, 351.79, 350.71, 40.53000448]
[1454104800, 344.56, 352.14, 346.52, 351.44, 39.03540946]
[1454101200, 344.85, 347.81, 346.01, 346.49, 27.50665013]
[1454097600, 344.59, 348.66, 347.7, 346.46, 53.01603648]
[1454094000, 347.33, 349.75, 349.45, 347.62, 31.70180255]
[1454090400, 347.48, 351, 349.47, 349.35, 23.75042225]
[1454086800, 348.91, 351.01, 350, 349.36, 25.44572137]
[1454083200, 350.01, 353.68, 351.28, 350.01, 11.23509607]
[1454079600, 348.65, 352, 349.78, 350.26, 18.71357557]
[1454076000, 349.68, 352.5, 349.94, 349.79, 12.6]
[1454072400, 348.05, 352.77, 352.69, 349.94, 11.88173641]
[1454068800, 351.3, 353.39, 353.09, 352.81, 26.03776066]
[1454065200, 351, 352.9, 351.71, 352.9, 8.01271]
[1454061600, 348.31, 354.71, 348.31, 351.58, 13.42908524]
[1454058000, 344.38, 349.65, 344.54, 348.37, 28.36411997]
[1454054400, 344.42, 346.52, 345.46, 345, 19.30779]
[1454050800, 344.3, 347.54, 345.35, 344.88, 23.22883416]
[1454047200, 341.6, 345.93, 343.84, 345.31, 19.55529672]
[1454043600, 341.09, 343.86, 343.86, 343.53, 15.61439758]
[1454040000, 340.8, 345.18, 341.17, 344.88, 8.02291822]
[1454036400, 333.83, 343.55, 338.17, 340.49, 27.60175756]
[1454032800, 338.4, 342.21, 339.16, 338.4, 8.15716064]
[1454029200, 337, 340.28, 339.4, 340.27, 17.67403893]
[1454025600, 338, 347.89, 347.89, 338.74, 41.41676078]
[1454022000, 346.22, 348.53, 347.75, 348.04, 28.5643]
[1454018400, 347.59, 351.98, 349.96, 347.81, 33.77405767]
[1454014800, 344.12, 352, 350.85, 351.93, 101.88804848]
[1454011200, 349.68, 351.51, 350.38, 350.2, 21.93]
[1454007600, 348.69, 351.7, 349.97, 350.69, 31.96078817]
[1454004000, 348.67, 351.49, 349.5, 350.19, 78.35267185]
[1454000400, 346.48, 351.26, 350.16, 349.5, 89.68836208]
[1453996800, 348.26, 352.91, 352.82, 348.81, 29.13768024]
[1453993200, 351.88, 353.31, 352.31, 352.82, 27.41925683]
[1453989600, 351.63, 353.68, 352.12, 352.69, 14.52815896]
[1453986000, 351, 355.92, 352, 352.12, 37.71587537]
[1453982400, 351, 353.36, 352.93, 351.9, 20.62360861]
[1453978800, 352, 353.45, 352.88, 352.56, 20.54023702]
[1453975200, 351.26, 353.88, 351.96, 352.8, 20.08218067]
[1453971600, 351.46, 356, 353.7, 352.12, 61.48084502]
[1453968000, 352.36, 356.48, 352.37, 353.7, 12.51393221]
[1453964400, 351.18, 360.3, 351.88, 354.07, 17.15251474]
[1453960800, 351.07, 354.69, 352.73, 351.35, 50.22271634]
[1453957200, 351.3, 354.13, 352.39, 353.16, 8.32827618]
[1453953600, 350.26, 353.96, 351.4, 352.18, 11.06003589]
[1453950000, 347.19, 353.15, 352.54, 350.92, 54.30112521]
[1453946400, 351.9, 362.72, 362.1, 354.45, 85.8609147]
[1453942800, 362.16, 363.24, 363.16, 362.16, 2.53470539]
[1453939200, 362.15, 363.24, 362.44, 363.24, 5.75752693]
[1453935600, 362.22, 363.16, 362.8, 362.22, 14.92897697]
[1453932000, 361.87, 362.82, 362.75, 362.79, 27.15044524]
[1453928400, 361.97, 363.79, 363.73, 362.57, 34.25]
[1453924800, 363.21, 363.8, 363.23, 363.63, 33.567851]
[1453921200, 361.83, 363.46, 363.01, 362.92, 13.03831836]
[1453917600, 362.09, 363.74, 363.64, 363.45, 9.43]
[1453914000, 361.31, 364.37, 363.62, 363.97, 46.6924]
[1453910400, 363.18, 364.31, 363.44, 364.19, 28.59]
[1453906800, 362.54, 364.01, 363.58, 362.54, 35.11550569]
[1453903200, 362.42, 363.87, 362.78, 363.58, 22.92768142]
[1453899600, 362.43, 365, 362.76, 363.3, 73.18951]
[1453896000, 362.13, 363.94, 363.94, 363.18, 9.51283375]
[1453892400, 362.02, 364.83, 364.83, 363.28, 14.55522418]
[1453888800, 361.93, 364.69, 363.97, 364.69, 19.66027431]
[1453885200, 363.05, 364.94, 364.45, 363.9, 8.6768652]
[1453881600, 363.13, 365.29, 364.7, 364.45, 20.946951]
[1453878000, 362.13, 366.32, 366.32, 365.1, 24.60841115]
[1453874400, 364.62, 366.3, 364.63, 366.04, 15.85536042]
[1453870800, 363, 365.35, 363, 364.98, 18.8288]
[1453867200, 361.39, 362.97, 361.39, 362.97, 0.72]
[1453863600, 361.13, 362.49, 362, 362.06, 2.94]
[1453860000, 362.19, 362.88, 362.21, 362.88, 0.53]
[1453856400, 360.47, 362.31, 361.58, 362.31, 4.89]
[1453852800, 359.13, 361.88, 361.58, 361.76, 28.75]
[1453849200, 357.32, 363.99, 363.33, 361.48, 14.23506]
[1453845600, 361.91, 363.09, 362.42, 362.78, 17.36816844]
[1453842000, 361.78, 363.09, 361.87, 362.51, 21.54]
[1453838400, 361.8, 362.99, 362.99, 361.8, 9.19252236]
[1453834800, 361.79, 363.47, 363.46, 362.94, 26.96372236]
[1453831200, 361.92, 364.18, 364.16, 363.53, 23.65991]
[1453827600, 363.21, 364.47, 363.34, 364.25, 4.21]
[1453824000, 362.14, 364.62, 362.64, 363.64, 23.3803432]
[1453820400, 361.36, 362.79, 361.97, 362.52, 57.4146]
[1453816800, 361.81, 365.81, 365.54, 361.81, 25.31627854]
[1453813200, 364.44, 365.74, 364.75, 365.67, 7.81]
[1453809600, 363.02, 366.09, 365.95, 364.73, 46.76]
[1453806000, 363.62, 366.87, 366.87, 365.95, 31.12]
[1453802400, 365.14, 367.48, 366.1, 367, 23.55]
[1453798800, 362.3, 366.1, 363.46, 366.1, 15.36]
[1453795200, 360.91, 363.44, 361.28, 363.36, 35.55]
[1453791600, 361.04, 363.2, 361.56, 363.2, 42.02352402]
[1453788000, 360.28, 362.99, 362.98, 361.4, 7.94]
[1453784400, 360.75, 363.08, 361.56, 363.08, 0.94]
[1453780800, 360, 361.97, 360.3, 361.97, 3.07068]
[1453777200, 361.38, 362.93, 361.67, 362.93, 0.58]
[1453773600, 361.78, 362.42, 361.92, 362.42, 0.31]
[1453770000, 361.66, 363.42, 362.46, 362.88, 6.58528495]
[1453766400, 361.69, 362.46, 361.69, 362.46, 5.77992206]
