[1467446400, 611.33, 613.36, 612.88, 613.12, 7.52]
[1467442800, 611.07, 613.46, 613.02, 612.97, 3.02163415]
[1467439200, 611.01, 613.51, 611.01, 613.01, 2.33807725]
[1467435600, 611.01, 612, 611.99, 611.01, 0.6]
[1467432000, 611.99, 612, 611.99, 612, 0.2]
[1467428400, 611.08, 613.65, 613.65, 611.08, 0.22]
[1467424800, 612.39, 614.98, 614.11, 612.39, 1.46]
[1467421200, 611.08, 614.11, 612.17, 614.08, 1.73]
[1467417600, 610.77, 611.93, 610.78, 611.93, 6.4900163]
[1467414000, 610.74, 614.47, 613.44, 610.97, 6.32]
[1467410400, 611.55, 613.59, 612.7, 613.56, 2.69]
[1467406800, 609.27, 613.56, 612.71, 612.36, 9.03136193]
[1467403200, 604.7, 616, 610.71, 607.18, 20.03011756]
[1467399600, 605, 611.72, 610.25, 610.71, 20.9064]
[1467396000, 607.5, 614.81, 613.46, 609.42, 9.0545]
[1467392400, 611.37, 615.4, 611.58, 613.16, 22.42283183]
[1467388800, 608.1, 612.04, 611.05, 611.55, 13.17434493]
[1467385200, 604, 612.06, 607.6, 612.06, 37.6917711]
[1467381600, 605.02, 611.76, 611.76, 606.61, 17.39864013]
[1467378000, 609.38, 614.12, 613, 611.43, 14.61]
[1467374400, 611.35, 615.5, 615.5, 613, 22.3107245]
[1467370800, 611.31, 616.2, 613.93, 613.74, 17.53]
[1467367200, 597.72, 616.3, 613.86, 613.94, 35.67103129]
[1467363600, 609.9, 613.87, 611.9, 612.48, 13.31297372]
[1467360000, 608.84, 615.11, 612.5, 609.47, 23.07816607]
[1467356400, 609.89, 617.39, 616.87, 612.5, 71.95660953]
[1467352800, 616.5, 622.15, 618.02, 616.87, 32.49240144]
[1467349200, 615.09, 620, 615.09, 618.01, 13.8079049]
[1467345600, 615.09, 615.1, 615.1, 615.1, 5.0195]
[1467342000, 613.91, 615.1, 613.91, 615.1, 2.42]
[1467338400, 609.69, 613.92, 609.69, 613.91, 7.21]
[1467334800, 606.44, 612.51, 608.42, 611.24, 27.27301447]
[1467331200, 605.65, 609.22, 608.86, 606.58, 5.5926277]
[1467327600, 608.03, 610.7, 608.21, 608.85, 8.46875233]
[1467324000, 606, 610, 606.1, 608.62, 26.88938759]
[1467320400, 602.48, 606.1, 605.51, 606.1, 13.68921701]
[1467316800, 604, 606.92, 606, 605.51, 17.46430889]
[1467313200, 603.61, 608.68, 608.49, 606, 34.13268975]
[1467309600, 608.49, 612.43, 611.57, 608.49, 8.87077835]
[1467306000, 609.99, 614.07, 609.99, 611.57, 35.52338473]
[1467302400, 601.94, 610, 604.76, 609.2, 30.49183542]
[1467298800, 602.69, 608.7, 603.67, 604.6, 56.61538461]
[1467295200, 599.12, 608.57, 604.88, 601.79, 26.18811574]
[1467291600, 596.21, 608.04, 596.21, 604.96, 56.43313955]
[1467288000, 590.33, 596.21, 592.47, 596.21, 19.97205028]
[1467284400, 585.01, 592.99, 591.46, 590.32, 26.771108]
[1467280800, 584.59, 594.81, 587.16, 590.66, 62.67748723]
[1467277200, 578.05, 587.16, 578.44, 587.16, 29.8744]
[1467273600, 575.17, 581.67, 579.43, 575.17, 49.5687]
[1467270000, 578.84, 580.72, 579.27, 580.49, 13.92018]
[1467266400, 577.57, 581.37, 578.26, 579.35, 16.8589314]
[1467262800, 576, 578.64, 576, 578.64, 6.51442545]
[1467259200, 574.87, 575.87, 575.51, 574.87, 6.94]
[1467255600, 573, 577.9, 577.9, 575.82, 0.3201]
[1467252000, 576.73, 578.59, 576.73, 578.57, 1]
[1467248400, 573, 579.59, 579.59, 578.53, 23.37424158]
[1467244800, 576.72, 580.13, 578.42, 579.06, 13.65]
[1467241200, 577.68, 578.75, 578.09, 578.43, 1.17929508]
[1467237600, 573.92, 577.83, 576.69, 577.82, 13.71866496]
[1467234000, 573.04, 579.44, 577.93, 576.72, 20.50998784]
[1467230400, 577.01, 585.53, 579.46, 578.6, 21.50309523]
[1467226800, 577.94, 583.24, 578.31, 579.46, 10.18]
[1467223200, 578.3, 582.52, 579.64, 578.31, 15.94]
[1467219600, 575.81, 582.72, 578.74, 581.19, 14.26098837]
[1467216000, 570, 579.19, 572.35, 579.18, 30.1624594]
[1467212400, 570.02, 574.98, 573.17, 570.2, 22.5389]
[1467208800, 567.12, 573.95, 572.96, 573.18, 12.99]
[1467205200, 565.67, 574.34, 574, 572.72, 61.76407171]
[1467201600, 573.94, 579.85, 573.94, 574, 23.63014759]
[1467198000, 569.21, 577.72, 572, 573.95, 27.3089]
[1467194400, 572, 579.35, 577.53, 572, 62.99140975]
[1467190800, 576.33, 586.03, 580.42, 578.99, 35.88774122]
[1467187200, 579, 585, 580, 580, 30.5342]
[1467183600, 579.96, 584.3, 579.97, 580, 35.73039677]
[1467180000, 571.51, 581.76, 577.18, 579.97, 16.49582083]
[1467176400, 571.01, 578.95, 576.72, 576.81, 13.90180951]
[1467172800, 575, 581.28, 579.97, 575.17, 5.4713]
[1467169200, 578.22, 579.39, 578.36, 578.57, 9.73]
[1467165600, 576.01, 580.53, 580.53, 577.43, 2.9672]
[1467162000, 584, 588.26, 588.26, 584, 14.66105188]
[1467158400, 586.51, 590.11, 590.11, 588.55, 3.263543]
[1467154800, 586.68, 592.89, 590.92, 589.43, 12.28]
[1467151200, 590.42, 597.43, 592.49, 590.94, 15.41016462]
[1467147600, 586.81, 595.83, 591.7, 592.19, 24.7513537]
[1467144000, 584.61, 591.71, 590.9, 591.67, 17.11093743]
[1467140400, 584.85, 592.49, 592.48, 590.77, 16.55202099]
[1467136800, 589.08, 593.52, 593.51, 592.47, 32.31]
[1467133200, 590.23, 594.01, 592.13, 593.69, 10.61]
[1467129600, 588.32, 594.99, 589.71, 593.3, 17.69747177]
[1467126000, 584, 591.63, 585.7, 589.71, 49.68555796]
[1467122400, 584, 592.97, 592.57, 585.7, 29.54601618]
[1467118800, 590, 594.22, 592.69, 591.55, 24.98299673]
[1467115200, 591.54, 597.47, 595.43, 593.87, 27.54823344]
[1467111600, 593, 600.07, 597.06, 596.76, 36.71518936]
[1467108000, 590, 597.85, 595.57, 597.06, 36.1563]
[1467104400, 591.78, 598.26, 596.5, 595.76, 35.725]
[1467100800, 591.93, 597.74, 591.94, 596.56, 19.39955955]
[1467097200, 590.01, 595.87, 594.75, 594.18, 24.55]
[1467093600, 590, 599.7, 594.95, 595.81, 24.58371244]
[1467090000, 590.01, 598.83, 596.01, 595.31, 29.2258]
[1467086400, 595.22, 600.19, 600.06, 595.23, 6.25112462]
[1467082800, 598.77, 601.25, 599.43, 601.21, 9.03477881]
[1467079200, 599.42, 600, 599.64, 599.7, 4.59]
[1467075600, 598.82, 599.99, 599.39, 599.59, 2.82]
[1467072000, 596.82, 600, 597.17, 599.08, 11.29726783]
[1467068400, 590.09, 597.17, 591.53, 596.39, 18.11355615]
[1467064800, 590, 595.34, 592.5, 592.49, 21.75229999]
[1467061200, 586.9, 595.34, 589.99, 592.14, 20.88]
[1467057600, 586.9, 595, 589.99, 586.9, 27.43115743]
[1467054000, 581.32, 590, 588.59, 590, 32.49924168]
[1467050400, 586.83, 589.27, 589.27, 588.78, 9.021]
[1467046800, 583.44, 589.99, 583.44, 589.27, 9.13406144]
[1467043200, 578.92, 585.41, 581.97, 583.45, 24.0156408]
[1467039600, 578.47, 586.89, 580.57, 581.98, 15.5691795]
[1467036000, 579.41, 583.08, 581.65, 580.57, 14.48903511]
[1467032400, 580.57, 589.96, 585.81, 581.68, 21.413]
[1467028800, 580.01, 589.18, 584.49, 586.16, 13.82768]
[1467025200, 581.99, 585.67, 584.66, 584.5, 10.79450594]
[1467021600, 581.99, 594.91, 593.08, 584.66, 24.4814]
[1467018000, 590.01, 599.13, 592.7, 591.27, 31.39]
[1467014400, 588.52, 594.99, 594.1, 592.74, 17.62444903]
[1467010800, 581.69, 594.99, 594.56, 592.27, 29.7784]
[1467007200, 586.64, 595.43, 590.99, 595, 15.6322]
[1467003600, 588.53, 591.67, 588.54, 590.69, 2.60455858]
[1467000000, 587.05, 591.45, 591.45, 587.05, 3.0655]
[1466996400, 588.87, 594.06, 592.05, 591.45, 4.65886599]
[1466992800, 591.96, 596.54, 594.64, 591.96, 5.80637]
[1466989200, 571.99, 592.72, 571.99, 592.72, 12.32612397]
[1466985600, 569.59, 579.52, 575.28, 570.35, 13.99644954]
[1466982000, 568.52, 580.23, 580.23, 570.99, 27.50227121]
[1466978400, 578.76, 583.06, 579.56, 581.54, 14.78914023]
[1466974800, 577.16, 582.44, 579.94, 577.16, 12.64084607]
[1466971200, 571.51, 582.26, 575.29, 579.93, 29.10956921]
[1466967600, 570.13, 585, 577.09, 575.13, 28.1924]
[1466964000, 575.99, 582.45, 579.4, 577.28, 16.9187352]
[1466960400, 568.11, 581.42, 574.89, 579.42, 17.92755332]
[1466956800, 562.11, 576.2, 570.92, 572.22, 36.19327183]
[1466953200, 570.9, 578.17, 576.22, 570.9, 14.63400999]
[1466949600, 574.81, 581.71, 577.11, 576.21, 16.36741651]
[1466946000, 560.59, 579.43, 574.02, 577.5, 50.98075838]
[1466942400, 568.53, 597.07, 597.07, 574.02, 61.77885159]
[1466938800, 593, 597.37, 596.86, 597.07, 11.09355386]
[1466935200, 594, 598.89, 598.36, 595.69, 7.9906017]
[1466931600, 596.63, 603.27, 600.52, 599.16, 10.20274717]
[1466928000, 598.93, 607.32, 598.93, 600.54, 12.80913481]
[1466924400, 595.38, 599, 597.61, 598.93, 12.47233921]
[1466920800, 593.19, 597.63, 595.51, 597.62, 8.69642]
[1466917200, 593.57, 597.63, 594.37, 595.51, 6.857]
[1466913600, 592.75, 597.64, 595.84, 594.36, 10.95682209]
[1466910000, 595.47, 600.15, 600.15, 595.47, 5.99]
[1466906400, 600, 604.15, 604.15, 600.09, 1.23125761]
[1466902800, 600.74, 604.95, 604.22, 604.17, 5.7699]
[1466899200, 601.52, 608.2, 607.3, 604.21, 4.82]
[1466895600, 603.97, 611.95, 611.95, 607.35, 3.73921]
[1466892000, 595.01, 611.95, 607.3, 611.95, 18.90336942]
[1466888400, 598.68, 607.32, 598.68, 607.3, 20.00421955]
[1466884800, 594.88, 598.39, 597.98, 597.94, 6.5464]
[1466881200, 594.23, 598, 595.65, 597.99, 11.90026783]
[1466877600, 585.01, 598.99, 598.98, 597.25, 20.96623028]
[1466874000, 585.01, 600, 600, 598.86, 36.26211931]
[1466870400, 600, 618.48, 618.47, 600.01, 38.56392024]
[1466866800, 618.47, 619.88, 619.49, 618.48, 10.89]
[1466863200, 616.89, 620.86, 620.82, 619.5, 7.05001609]
[1466859600, 615.49, 620.89, 617.35, 617.45, 19.46]
[1466856000, 611.82, 619.9, 616.92, 618.32, 26.62140241]
[1466852400, 612.67, 617.98, 612.67, 616.92, 12.20063]
[1466848800, 612.96, 619.02, 617.56, 615.45, 19.674]
[1466845200, 616.16, 619.98, 616.56, 619.98, 6.11140215]
[1466841600, 615.51, 624.89, 619.87, 616.58, 27.94913942]
[1466838000, 603.94, 623.19, 610.02, 619.88, 45.84826251]
[1466834400, 604.9, 618.11, 609.25, 610.01, 20.72849921]
[1466830800, 606.4, 620.08, 620.08, 609.25, 18.0308222]
[1466827200, 617, 621.92, 617.18, 617, 3.4]
[1466823600, 612.08, 621.93, 621.93, 612.08, 28.716]
[1466820000, 618.16, 625, 621.83, 621.92, 12.76346]
[1466816400, 604.92, 623, 605.61, 619.51, 42.04576701]
[1466812800, 604.92, 608.19, 605.67, 605.54, 1.16]
[1466809200, 602.22, 605.68, 605, 605.68, 17.71]
[1466805600, 601.36, 605, 601.37, 605, 9.654]
[1466802000, 590.11, 601.37, 598.39, 600.28, 25.90143384]
[1466798400, 582.57, 603.12, 602.41, 599.31, 71.59409479]
[1466794800, 591.32, 609.99, 601.47, 602.36, 20.24530857]
[1466791200, 588.06, 606.22, 591.91, 600.5, 35.20671361]
[1466787600, 586.78, 595.8, 590.98, 591.97, 33.12644752]
[1466784000, 579.28, 600, 589.07, 591.86, 38.0957]
[1466780400, 577.01, 603.43, 603.12, 588.2, 36.41237424]
[1466776800, 595, 615.86, 603.16, 603.12, 38.7804631]
[1466773200, 600, 609.12, 607, 600, 41.55344354]
[1466769600, 601.99, 624.83, 603.99, 607, 64.62647825]
[1466766000, 603, 609.92, 608.32, 604, 79.11473734]
[1466762400, 606.51, 619.89, 608.44, 608.5, 84.66711784]
[1466758800, 599.25, 608.47, 601.97, 608.47, 52.0136849]
[1466755200, 598.39, 617.71, 617.71, 601.98, 150.41268573]
[1466751600, 606.15, 619.89, 611.41, 617.71, 84.36431308]
[1466748000, 598.85, 630.13, 615.01, 604, 197.42072542]
[1466744400, 608.81, 634.99, 618.54, 615.01, 284.72044016]
[1466740800, 606.04, 619.97, 608.08, 619.91, 93.32210342]
[1466737200, 589, 612.22, 608.4, 607.08, 65.2196867]
[1466733600, 569.21, 605.01, 569.21, 605.01, 104.4884332]
[1466730000, 562.04, 574.99, 562.15, 569.2, 50.34112894]
[1466726400, 554, 565, 558.72, 565, 48.36646263]
