[1453766400, 361.69, 362.46, 361.69, 362.46, 5.77992206]
[1453762800, 360.67, 363.33, 363.33, 361.65, 18.68]
[1453759200, 361.15, 363.72, 361.49, 363.32, 43.84587197]
[1453755600, 360.96, 364.33, 361.16, 361.38, 34.941025]
[1453752000, 359.57, 361.33, 360.84, 361.33, 13.767]
[1453748400, 359.59, 361.33, 360.41, 360.94, 44.38068867]
[1453744800, 356.67, 361.68, 361.47, 360.46, 32.80379672]
[1453741200, 359.55, 362.33, 360.94, 361.47, 31.4804936]
[1453737600, 359.71, 367.2, 367.2, 360.98, 60.27260746]
[1453734000, 366.34, 367.88, 367.88, 367.64, 7.91215]
[1453730400, 367.08, 369.74, 367.32, 369.15, 16.1103]
[1453726800, 366.74, 368.81, 368.43, 368.11, 8.94]
[1453723200, 366.35, 369.86, 366.65, 369.05, 15.557715]
[1453719600, 365.74, 370.4, 370.4, 367.47, 16.01059476]
[1453716000, 368.34, 370.57, 370.52, 370.39, 12.86059476]
[1453712400, 366.86, 370.67, 370.57, 370.51, 34.14113]
[1453708800, 368.64, 370.91, 370.4, 370.32, 14.64365721]
[1453705200, 367.95, 372.28, 369.1, 369.4, 4.05248773]
[1453701600, 366.87, 369.39, 369.17, 368.91, 9.46]
[1453698000, 367.58, 369.16, 368.95, 367.58, 0.71]
[1453694400, 367.96, 368.95, 368.36, 368.07, 7.19]
[1453690800, 367.4, 369.23, 369.23, 368.37, 2.09688136]
[1453687200, 368.21, 370.21, 368.21, 370.21, 1.05643781]
[1453683600, 367.77, 371.56, 371.22, 368.21, 11.72531111]
[1453680000, 370.64, 374.19, 374.19, 371.64, 7.22639778]
[1453676400, 373.39, 374.87, 374.16, 374.22, 8.06]
[1453672800, 373, 374.13, 373.27, 374.13, 2.75]
[1453669200, 372.62, 374.68, 374.01, 373.96, 23.42]
[1453665600, 374.02, 376.17, 375.72, 374.05, 5.69614405]
[1453662000, 373.74, 375.72, 373.83, 375.72, 8.31]
[1453658400, 372.26, 374.98, 372.26, 374.66, 8.40937117]
[1453654800, 371.63, 374.02, 371.97, 372.26, 10.28875801]
[1453651200, 370.39, 376.81, 371.98, 371.99, 26.55057056]
[1453647600, 370.03, 373.18, 372, 371.98, 16.98084148]
[1453644000, 367.69, 371.94, 367.69, 371.7, 5.28006045]
[1453640400, 365.63, 378.62, 370.99, 367.32, 59.4861112]
[1453636800, 369.11, 371.57, 370.49, 369.73, 11.99210417]
[1453633200, 369.45, 371.56, 371.48, 370.49, 15.39]
[1453629600, 368.89, 371.89, 370.91, 371.48, 38.78385369]
[1453626000, 359.71, 371.54, 359.97, 370.9, 21.34808897]
[1453622400, 359.71, 360.94, 360.42, 359.71, 11.22096931]
[1453618800, 360.11, 361.97, 360.33, 361.22, 2.43]
[1453615200, 360.33, 361.9, 361.23, 360.33, 3.51]
[1453611600, 360.35, 361.83, 361.35, 360.36, 3.98369328]
[1453608000, 360.11, 361.2, 361.07, 360.11, 1.17]
[1453604400, 360.36, 361.45, 361.45, 361.35, 0.64048699]
[1453600800, 360.81, 362.51, 361.55, 362.51, 0.66]
[1453597200, 360.63, 361.96, 361.63, 361.62, 0.65]
[1453593600, 358.22, 360.38, 359.2, 360.38, 2.66]
[1453590000, 357.04, 362.66, 361.69, 359.05, 4.24920577]
[1453586400, 360.1, 363.38, 362.84, 363.38, 3.07497164]
[1453582800, 362.36, 364.45, 362.84, 363.86, 27.3]
[1453579200, 360.59, 363.03, 362.52, 363.03, 4.50133104]
[1453575600, 361.01, 362.56, 362.05, 362.56, 8.028]
[1453572000, 360.58, 365.95, 364.12, 362.05, 64.98451324]
[1453568400, 362.17, 364.69, 362.97, 364.12, 44.09132671]
[1453564800, 357.18, 363, 357.18, 363, 67.1960788]
[1453561200, 356.19, 358.7, 357.39, 356.19, 14.923709]
[1453557600, 356.01, 359.62, 359.06, 357.55, 13.89440353]
[1453554000, 355.01, 359.21, 357.15, 358.8, 15.52427162]
[1453550400, 356.83, 362.71, 362.57, 357, 17.52841973]
[1453546800, 361.21, 364, 362.95, 362.55, 18]
[1453543200, 361.63, 363.89, 362.19, 362.3, 3.04477239]
[1453539600, 360.89, 362.67, 361.24, 362.33, 8.72429]
[1453536000, 359.7, 363.19, 362.14, 361.07, 5.95366]
[1453532400, 360.43, 362.33, 361.79, 360.93, 4.34861]
[1453528800, 361.79, 365.17, 365.17, 361.79, 1.15]
[1453525200, 363.93, 365.92, 365.06, 365.78, 1.27]
[1453521600, 361.75, 365.48, 361.75, 364.89, 13.62046972]
[1453518000, 360.19, 362.12, 360.62, 362.12, 9.34]
[1453514400, 360.91, 364.42, 364.42, 360.96, 5.76318]
[1453510800, 359.74, 367.49, 360.88, 359.75, 12.82992602]
[1453507200, 355.12, 360.85, 355.12, 360.85, 9.44722418]
[1453503600, 350.14, 355.19, 351.06, 355.19, 25.64781522]
[1453500000, 350.23, 353.01, 351.94, 351.06, 17.06343214]
[1453496400, 347.95, 352.94, 352.08, 352.18, 71.74989712]
[1453492800, 347.22, 354.96, 354.05, 352.08, 82.61176141]
[1453489200, 354.75, 357.22, 356.41, 354.75, 27.35660455]
[1453485600, 354.66, 358.15, 357.67, 355.25, 22.86700944]
[1453482000, 354, 358.61, 358.47, 356.61, 20.97617168]
[1453478400, 353.23, 366.37, 366.37, 357.66, 46.05351197]
[1453474800, 364.63, 366.54, 366.44, 366.37, 17.59448765]
[1453471200, 365.03, 367.15, 365.07, 366.3, 30.81882478]
[1453467600, 364.12, 368, 364.12, 365.77, 52.6926513]
[1453464000, 361.73, 366.77, 361.73, 364.12, 58.82959136]
[1453460400, 361.29, 367.22, 367.22, 362.15, 19.74846564]
[1453456800, 367.11, 369.62, 367.78, 367.4, 12.51500544]
[1453453200, 365.34, 369.55, 368.72, 367.83, 40.38539603]
[1453449600, 366.73, 371.23, 366.73, 368.41, 64.20105897]
[1453446000, 365.77, 371.73, 368.54, 365.77, 19.96796789]
[1453442400, 366.93, 374.18, 369.22, 368.46, 27.81948987]
[1453438800, 365, 369.5, 366, 369.5, 12.77208359]
[1453435200, 366.17, 372.33, 372.33, 366.17, 13.97603796]
[1453431600, 372.69, 377.79, 377.79, 373.8, 1.09375613]
[1453428000, 376.26, 379.92, 376.26, 378.65, 3.80949114]
[1453424400, 374.63, 376.89, 375.81, 374.63, 3.05316]
[1453420800, 374.5, 377.56, 376.17, 375.76, 9.2797928]
[1453417200, 375.85, 377.66, 377.66, 377.59, 8.856856]
[1453413600, 373.17, 379, 374.13, 378.57, 33.86373655]
[1453410000, 371.17, 374.55, 372.03, 373.77, 27.7048]
[1453406400, 372.28, 377.39, 376.28, 372.34, 31.77498034]
[1453402800, 374.2, 378.01, 374.2, 376.6, 28.609541]
[1453399200, 371.64, 376.16, 375.5, 374.31, 96.07196317]
[1453395600, 373.01, 378.47, 373.01, 375.77, 50.87620423]
[1453392000, 372, 383.41, 383.41, 373.22, 123.27867619]
[1453388400, 383.08, 384.96, 384.5, 383.91, 28.28730021]
[1453384800, 382.06, 385, 383.06, 384.5, 34.81177017]
[1453381200, 380, 383.09, 380.26, 383.06, 34.07490062]
[1453377600, 379, 381.34, 380.47, 380.14, 13.87228462]
[1453374000, 379.09, 382.67, 380.33, 380.59, 35.04383444]
[1453370400, 381.17, 385.01, 384.75, 381.17, 33.73030375]
[1453366800, 378.76, 384.48, 380.7, 383.36, 53.10931864]
[1453363200, 378.42, 381.16, 379.27, 380.96, 60.308]
[1453359600, 377.12, 380.69, 380.69, 378.06, 10.73573057]
[1453356000, 378.56, 382.49, 381.9, 378.83, 6.2124262]
[1453352400, 378.53, 381.45, 381.45, 380.29, 22.14321716]
[1453348800, 379.54, 385.59, 385.59, 379.55, 18.95246727]
[1453345200, 386.7, 387.68, 387.68, 386.7, 2.1029294]
[1453341600, 387.15, 388.83, 388.36, 387.68, 13.68037]
[1453338000, 385.87, 388.86, 385.87, 388.25, 8.45589974]
[1453334400, 384.03, 387.02, 384.65, 386.62, 34.41817828]
[1453330800, 374.23, 385.47, 374.46, 385.47, 188.27296058]
[1453327200, 372.8, 374.46, 373.55, 374.46, 33.32170066]
[1453323600, 371.54, 375.07, 373.39, 373.54, 54.6686]
[1453320000, 372.91, 377.35, 376.72, 373.24, 29.91113138]
[1453316400, 373.42, 377.52, 374.99, 375.62, 21.96639652]
[1453312800, 370.13, 374.41, 372.01, 373.19, 75.25277993]
[1453309200, 370.23, 375.01, 374.28, 372.01, 35.29720318]
[1453305600, 372.88, 377.86, 375.96, 374.78, 112.63722309]
[1453302000, 367.98, 379.65, 367.98, 375.96, 128.45068147]
[1453298400, 362.8, 368, 365.52, 367.34, 303.80343006]
[1453294800, 357.31, 365.52, 357.31, 365.52, 80.17523345]
[1453291200, 348.99, 357.32, 348.99, 357.32, 74.2632503]
[1453287600, 346.67, 348.99, 346.78, 348.99, 8.4716072]
[1453284000, 345.7, 347.83, 347.83, 346.8, 19.51584]
[1453280400, 346.25, 347.94, 346.99, 347.45, 38.03476]
[1453276800, 345.76, 347.25, 345.84, 346.54, 20.64373]
[1453273200, 340, 348.9, 345.41, 346.84, 89.74904726]
[1453269600, 344.94, 347.85, 347, 345.91, 16.48065423]
[1453266000, 346.25, 347.81, 346.92, 347.14, 15.76]
[1453262400, 340.46, 346.78, 345.54, 340.46, 20.1286238]
[1453258800, 344.01, 345.54, 344.01, 345.54, 4.99847029]
[1453255200, 343.5, 344.28, 343.93, 344.28, 1.44027249]
[1453251600, 342.01, 344, 342.01, 343.15, 1.69217721]
[1453248000, 339.79, 345.22, 344.84, 342.01, 23.45079764]
[1453244400, 344.29, 348.4, 346.47, 344.36, 63.7665581]
[1453240800, 346.68, 347.35, 347, 346.91, 12.46001585]
[1453237200, 345.35, 347.59, 346.34, 347.59, 27.84222684]
[1453233600, 343.9, 347.95, 343.9, 345.43, 39.09818364]
[1453230000, 340.66, 343.97, 342.74, 343.64, 39.2653551]
[1453226400, 341.22, 347.02, 345.99, 342.33, 68.90666728]
[1453222800, 346.02, 348.6, 347.56, 346.13, 40.94046576]
[1453219200, 347, 352.46, 349.68, 347.97, 79.08675632]
[1453215600, 349.06, 353.93, 353.73, 349.93, 45.38030914]
[1453212000, 353.51, 355.15, 354.77, 353.51, 55.69280341]
[1453208400, 352, 355.3, 353.18, 355.24, 76.6584475]
[1453204800, 352.2, 354.24, 354.11, 352.87, 15.91513971]
[1453201200, 351.95, 354.37, 353, 354.12, 38.696887]
[1453197600, 351.49, 353.92, 353.5, 352.91, 59.2]
[1453194000, 351.49, 353.48, 352.15, 352.45, 28.06804411]
[1453190400, 350.98, 353.82, 353.79, 352.4, 19.83149729]
[1453186800, 351.44, 354.09, 352.61, 354.09, 23.18485126]
[1453183200, 351.84, 353.63, 352.53, 352.68, 20.42]
[1453179600, 352.08, 352.53, 352.08, 352.53, 0.03898715]
[1453176000, 351, 352, 351, 352, 1.63695572]
[1453172400, 350.09, 351.27, 351.17, 350.88, 0.68695874]
[1453168800, 351.02, 352.43, 351.57, 351.76, 7.13]
[1453165200, 351.57, 352.91, 352.91, 351.57, 2.23908134]
[1453161600, 352.53, 352.93, 352.71, 352.91, 3.81]
[1453158000, 347.09, 352.91, 349.41, 352.36, 43.35230319]
[1453154400, 347.18, 349.81, 349.36, 348.23, 32.8549439]
[1453150800, 349.2, 351.81, 351.19, 349.2, 32.03510039]
[1453147200, 350.97, 352.81, 352.37, 351.94, 74.3004593]
[1453143600, 351.99, 354.73, 352.85, 352.37, 15.00697117]
[1453140000, 351.81, 354.55, 352.32, 353.22, 37.24795632]
[1453136400, 351.46, 353.76, 353.04, 353.76, 48.03]
[1453132800, 351.64, 353.97, 352.34, 352.65, 37.09727795]
[1453129200, 348.24, 352.08, 349.72, 351.93, 46.899509]
[1453125600, 348.61, 350.7, 350.52, 349.72, 25.88156316]
[1453122000, 348.38, 350.63, 350.36, 350.52, 78.63767984]
[1453118400, 349.22, 351.26, 350.44, 350.37, 25.40107673]
[1453114800, 349.22, 351.63, 350.5, 350.59, 32.25463789]
[1453111200, 341.54, 350.5, 344.7, 350.5, 30.64473053]
[1453107600, 344.53, 345.96, 345.42, 344.76, 106.67845771]
[1453104000, 345.3, 346.4, 345.63, 345.44, 94.85232846]
[1453100400, 345.61, 348, 348, 346.18, 13.1315828]
[1453096800, 348.16, 348.96, 348.96, 348.16, 10.529]
[1453093200, 348.16, 348.96, 348.91, 348.92, 6.251321]
[1453089600, 348.21, 348.96, 348.94, 348.96, 5.14154514]
[1453086000, 348.82, 348.92, 348.9, 348.82, 4.6387]
[1453082400, 348.44, 348.9, 348.9, 348.78, 2.95022153]
[1453078800, 348.29, 348.74, 348.29, 348.74, 11.6129]
[1453075200, 346.67, 348.29, 347.54, 348.28, 40.99253091]
[1453071600, 347.52, 353.13, 353.12, 347.54, 21.97096573]
[1453068000, 352.33, 353.13, 352.92, 353.13, 22.71227754]
[1453064400, 352.18, 352.92, 352.23, 352.92, 6.41575527]
[1453060800, 351.49, 352.89, 352.1, 352.18, 41.25025755]
[1453057200, 351.33, 352.23, 351.78, 352.23, 36.90492378]
[1453053600, 351.49, 351.78, 351.7, 351.78, 21.29]
[1453050000, 351.09, 351.71, 351.56, 351.32, 33.74]
[1453046400, 350.93, 351.56, 351.39, 351.56, 29.42939695]
