[1471766400, 516.18, 518.26, 518.24, 518.15, 6.2]
[1471762800, 517.7, 519.02, 519.02, 518.5, 6.99]
[1471759200, 516.66, 519.31, 517.34, 518.2, 9.44778318]
[1471755600, 516.05, 517.1, 516.27, 517.1, 1.968]
[1471752000, 516.56, 517.02, 517.02, 516.56, 0.59]
[1471748400, 517.03, 517.51, 517.46, 517.5, 1.01]
[1471744800, 516.93, 517.89, 517.24, 517.37, 1.66]
[1471741200, 515.13, 516.51, 515.13, 516.31, 2.26334812]
[1471737600, 514.5, 516.85, 515.78, 516.11, 2.67]
[1471734000, 515.46, 516.6, 516, 515.51, 6.4716]
[1471730400, 514.5, 516.16, 514.9, 515.94, 3.11]
[1471726800, 513.9, 515.59, 514, 515.11, 9.16647131]
[1471723200, 511.77, 514, 513.68, 514, 12.8]
[1471719600, 511.79, 517.25, 511.8, 513.68, 13.4279]
[1471716000, 511.79, 511.8, 511.8, 511.8, 3.61]
[1471712400, 511.76, 511.8, 511.76, 511.8, 5.73]
[1471708800, 510.96, 511.77, 511.57, 511.77, 23.86]
[1471705200, 510.68, 511.63, 511.63, 511.22, 8.33]
[1471701600, 511.21, 511.63, 511.21, 511.63, 16.55]
[1471698000, 507.93, 511.63, 511.63, 511.22, 40.65477855]
[1471694400, 511.44, 511.63, 511.62, 511.63, 11.3]
[1471690800, 511.24, 511.63, 511.25, 511.55, 23.57519538]
[1471687200, 510.95, 511.25, 510.95, 511.25, 15.23]
[1471683600, 510.71, 510.96, 510.71, 510.95, 9.59863797]
[1471680000, 509.17, 510.71, 509.4, 510.71, 20.62836094]
[1471676400, 508.89, 510.33, 509.76, 510.33, 17.16]
[1471672800, 509.76, 510.18, 510.16, 509.76, 5.448]
[1471669200, 508.69, 510.18, 509.95, 510.16, 8.77]
[1471665600, 508.69, 509.91, 509.57, 508.69, 2.2]
[1471662000, 509.62, 510.24, 510.24, 509.62, 0.58]
[1471658400, 508.54, 510.21, 510.21, 508.54, 2.77]
[1471654800, 506.35, 510.22, 509.77, 510.2, 13.1773]
[1471651200, 509.79, 510.82, 509.98, 509.85, 4.35]
[1471647600, 509.37, 510.95, 510.22, 509.37, 2.88707394]
[1471644000, 509.38, 511.37, 511.1, 510.95, 15.2049]
[1471640400, 507.62, 511.8, 511.21, 511.22, 24.0568]
[1471636800, 510.25, 511.76, 510.82, 511.21, 18.68]
[1471633200, 510, 511.45, 511.1, 511.45, 11.29]
[1471629600, 511.01, 511.3, 511.28, 511.22, 6.4944]
[1471626000, 510.96, 511.69, 511.36, 511.28, 22.312586]
[1471622400, 510.21, 511.8, 511.78, 511.54, 7.93943008]
[1471618800, 511.45, 513.16, 511.63, 511.79, 5.80462548]
[1471615200, 507.6, 511.79, 511.09, 510.51, 13.8741]
[1471611600, 509.51, 511.66, 511.16, 510.24, 29.48]
[1471608000, 509.56, 511.94, 510.5, 511.22, 20.3]
[1471604400, 503.47, 511.36, 510.38, 510.38, 80.4632]
[1471600800, 509.24, 510.75, 509.52, 510.57, 8.16573111]
[1471597200, 508.79, 510.43, 509.78, 509.25, 19.8453059]
[1471593600, 508.42, 510.37, 509.4, 510.37, 26.12]
[1471590000, 507.19, 509.89, 507.4, 509.41, 9.05]
[1471586400, 507.4, 509.07, 509.07, 507.7, 19.61]
[1471582800, 507.94, 509.07, 508.5, 509.07, 9.87]
[1471579200, 507.93, 508.55, 508.04, 508.41, 0.9801019]
[1471575600, 507.9, 508.44, 507.9, 507.98, 2.37]
[1471572000, 507.68, 508.86, 507.68, 507.83, 0.85]
[1471568400, 507.13, 508.67, 507.6, 508.67, 0.91]
[1471564800, 506.64, 508.07, 507.83, 507.38, 6.76]
[1471561200, 507.36, 509.12, 509.12, 507.61, 7.41]
[1471557600, 507.47, 510.34, 508.56, 508.7, 12.32]
[1471554000, 503.91, 509.99, 509.33, 508.62, 35.23264]
[1471550400, 508.28, 510.12, 509.63, 509.49, 36.91]
[1471546800, 509.48, 510.87, 509.62, 510.32, 10.58881099]
[1471543200, 509.7, 511.68, 510.87, 509.7, 8.82445736]
[1471539600, 508.82, 511.99, 511.21, 510.87, 18.7]
[1471536000, 507.22, 512.32, 509.62, 511.22, 28.06175235]
[1471532400, 509.3, 510.68, 509.35, 510.07, 7.47]
[1471528800, 508.99, 512.95, 509.6, 509.34, 17.1095]
[1471525200, 508.8, 510.26, 509.61, 509.59, 21.16656735]
[1471521600, 509.5, 510.72, 509.55, 509.61, 8.4631]
[1471518000, 508.85, 510.71, 508.85, 509.55, 3.6075]
[1471514400, 508.64, 510.5, 509.02, 508.82, 15.85]
[1471510800, 508.06, 509.89, 508.73, 509.02, 13.03]
[1471507200, 507.4, 509, 508.98, 508.8, 12.17]
[1471503600, 506.85, 509.87, 509.55, 509.3, 16.84388114]
[1471500000, 507.96, 510.99, 507.96, 509.55, 9.505401]
[1471496400, 506, 509.54, 509.52, 508.29, 9.52]
[1471492800, 506.13, 509.43, 508.8, 509.4, 7.8939]
[1471489200, 506.81, 509.59, 509.52, 508.87, 13.22]
[1471485600, 509.37, 510.25, 509.81, 510.16, 2.35]
[1471482000, 508.96, 509.94, 509.64, 509.94, 1.3643]
[1471478400, 509.53, 510.56, 510.35, 509.86, 4.2986]
[1471474800, 508.51, 510.36, 510.02, 510.35, 6.4073]
[1471471200, 508.75, 512, 511.37, 510.61, 16.64508293]
[1471467600, 504.28, 511.57, 510.26, 510.64, 43.19277047]
[1471464000, 508.58, 511.67, 510.59, 510.94, 23.67433017]
[1471460400, 509.28, 511.44, 509.51, 510.63, 21.23802022]
[1471456800, 508.26, 510.98, 510.98, 509.66, 28.4001069]
[1471453200, 508.84, 511.08, 510.08, 511.08, 11.2491216]
[1471449600, 509.09, 512.37, 512, 510.1, 15.082]
[1471446000, 510.71, 512.81, 512.38, 512.21, 28.5624]
[1471442400, 511.12, 514.34, 513.62, 512.39, 15.58364744]
[1471438800, 512.21, 514.46, 513.07, 513.97, 11.96655]
[1471435200, 513.06, 516.99, 516.75, 513.29, 24.1613686]
[1471431600, 516.27, 518.95, 517.69, 517.01, 17.72365996]
[1471428000, 517.27, 519.25, 518.23, 518.25, 16.26]
[1471424400, 517.1, 518.86, 517.1, 518.86, 25.71385154]
[1471420800, 515.25, 517.38, 516.73, 517.38, 44.2881563]
[1471417200, 515.06, 518.75, 517.14, 516.73, 25.11919704]
[1471413600, 513.35, 517.38, 514.4, 515.97, 19.2008]
[1471410000, 512.11, 514.79, 513.5, 514.79, 5.41663288]
[1471406400, 512.02, 514.03, 512.51, 513.5, 3.18]
[1471402800, 513.01, 514.48, 513.45, 514.15, 3.79]
[1471399200, 513.57, 514.5, 514.5, 513.57, 0.11]
[1471395600, 515.03, 515.74, 515.03, 515.48, 0.22]
[1471392000, 513.68, 515.09, 514, 515.08, 1.37]
[1471388400, 513.08, 517.33, 516.73, 513.61, 7.10971556]
[1471384800, 516.52, 517.33, 516.54, 516.57, 4.84]
[1471381200, 516.5, 517.03, 516.84, 516.53, 13.61]
[1471377600, 512.86, 518.78, 517.53, 516.9, 21.29]
[1471374000, 516.21, 519.39, 518.61, 517.54, 19.93176832]
[1471370400, 517.75, 520.27, 519.02, 519.03, 7.94]
[1471366800, 513.43, 520.06, 514.54, 519.03, 24.043145]
[1471363200, 512.81, 514.65, 514.6, 514.54, 13.46]
[1471359600, 511.82, 516.06, 511.82, 514.91, 27.3809531]
[1471356000, 506.96, 512.49, 508.19, 512.16, 21.25511234]
[1471352400, 505.1, 509.07, 506.97, 508.37, 12.4507]
[1471348800, 505.86, 507.46, 506.48, 506.94, 13.222]
[1471345200, 505.94, 507.39, 507.07, 506.3, 10.7427]
[1471341600, 507.07, 509.68, 509.09, 507.07, 19.54524]
[1471338000, 503.96, 510.32, 507.97, 508.92, 21.37693]
[1471334400, 502.27, 508, 507.98, 507.97, 27.60023]
[1471330800, 507.75, 508.53, 508.17, 507.98, 26.60481332]
[1471327200, 507.87, 510.08, 508.14, 508.17, 18.7866]
[1471323600, 508.26, 511.44, 509.04, 508.97, 16.94059]
[1471320000, 508.26, 509.61, 509.59, 509.11, 1.53]
[1471316400, 509.59, 509.97, 509.59, 509.59, 0.56]
[1471312800, 509.52, 510.74, 510.36, 509.59, 0.22293333]
[1471309200, 508.84, 513.39, 508.95, 513.39, 9.98711]
[1471305600, 508.42, 508.95, 508.94, 508.94, 1.6013]
[1471302000, 508.4, 509.55, 509.55, 508.42, 6.1514]
[1471298400, 508.81, 511.95, 508.95, 509.71, 14.37]
[1471294800, 507.01, 510.6, 509.82, 509.07, 20.4708057]
[1471291200, 507.62, 510.6, 507.96, 510.41, 10.1853]
[1471287600, 501.31, 509.39, 507.02, 509.32, 19.236]
[1471284000, 506.23, 507.96, 507.21, 506.56, 13.22]
[1471280400, 506.09, 508.03, 506.13, 507.21, 24.21725231]
[1471276800, 503.74, 507.05, 505.01, 506.13, 16.5933459]
[1471273200, 505, 508.45, 508.22, 505.01, 20.398216]
[1471269600, 508, 510.8, 510.05, 508.22, 20.806578]
[1471266000, 510.03, 513.52, 513.52, 510.06, 8.50387021]
[1471262400, 513.51, 513.54, 513.52, 513.51, 10.122]
[1471258800, 510.15, 515.01, 515.01, 513.66, 17.73]
[1471255200, 515, 515.2, 515.01, 515.01, 16.14123076]
[1471251600, 513.92, 516.86, 513.92, 515.01, 26.98511]
[1471248000, 513.31, 514.6, 513.91, 513.94, 18.75]
[1471244400, 513.85, 515.43, 514.44, 514.01, 5.59489868]
[1471240800, 513.9, 514.56, 513.97, 514.56, 3.84]
[1471237200, 513.15, 513.97, 513.47, 513.97, 1.02]
[1471233600, 513.01, 514.85, 513.01, 513.75, 2.03]
[1471230000, 512.28, 513.03, 512.29, 512.98, 0.43]
[1471226400, 512.35, 513.03, 512.69, 513.03, 0.6894]
[1471222800, 513.15, 514.17, 514.09, 513.46, 1.83616641]
[1471219200, 512.74, 516.6, 514.52, 513.65, 1.85]
[1471215600, 511.11, 516.31, 511.11, 513.68, 7.57]
[1471212000, 509.03, 515.01, 512.28, 512.01, 7.7]
[1471208400, 511.85, 515, 512.76, 512.46, 24.33153492]
[1471204800, 510.01, 513.88, 510.39, 511.85, 10.06433155]
[1471201200, 507.07, 510.4, 507.08, 510.4, 22.15653177]
[1471197600, 505, 512.57, 512.32, 505, 26.31608992]
[1471194000, 509.76, 513, 510.79, 512.31, 6.50660826]
[1471190400, 509.4, 514.46, 514.46, 510.46, 15.75632718]
[1471186800, 511.97, 514.47, 514.47, 514.47, 11.77]
[1471183200, 513.49, 516.42, 513.93, 514.47, 21.20785218]
[1471179600, 510.72, 517.5, 517.5, 513.93, 26.43424146]
[1471176000, 516.83, 520.21, 520.21, 517.5, 19.33641666]
[1471172400, 520.2, 524.44, 524.44, 520.2, 13.78180439]
[1471168800, 524.43, 525.09, 524.49, 524.44, 7.17]
[1471165200, 524.19, 526.41, 524.19, 524.49, 15.97520769]
[1471161600, 522.49, 524.18, 522.49, 524.16, 4.61]
[1471158000, 520.33, 523.15, 522.04, 522.49, 6.12]
[1471154400, 521.62, 523.11, 522.42, 521.69, 1.72315712]
[1471150800, 522.57, 523.82, 522.99, 522.57, 2.97327]
[1471147200, 522.52, 522.81, 522.52, 522.81, 0.23]
[1471143600, 522.24, 526.42, 526.42, 522.67, 3.773]
[1471140000, 526.41, 526.93, 526.93, 526.41, 2.17]
[1471136400, 526.93, 526.94, 526.94, 526.93, 2.74]
[1471132800, 526.93, 526.94, 526.93, 526.94, 1.18]
[1471129200, 526.94, 527.78, 527.01, 526.94, 4.62]
[1471125600, 526.97, 527.94, 527.13, 527.07, 5.19]
[1471122000, 526.15, 527.87, 526.94, 527.8, 5.42]
[1471118400, 526.63, 527.84, 527.75, 526.99, 14.88088452]
[1471114800, 525.96, 528.99, 527.99, 527.52, 21.7654274]
[1471111200, 525.79, 528.22, 525.95, 527.78, 14.62]
[1471107600, 523.31, 527, 527, 525.93, 7.04]
[1471104000, 523.5, 527, 526.82, 527, 22.32768433]
[1471100400, 526.8, 529.83, 529.48, 526.82, 11.45]
[1471096800, 528.51, 530.43, 529.66, 529.48, 8.29]
[1471093200, 528.81, 530.43, 529.27, 529.74, 18.79]
[1471089600, 527.73, 529.29, 529.26, 528.45, 8.9770496]
[1471086000, 529.06, 529.29, 529.29, 529.26, 4.07]
[1471082400, 529.28, 529.29, 529.29, 529.29, 3.34]
[1471078800, 528.63, 529.41, 529.41, 529.29, 2.92]
[1471075200, 527.75, 530.56, 528.61, 528.73, 7.01]
[1471071600, 526.68, 530.42, 530.31, 530.31, 7.6]
[1471068000, 528.51, 532.81, 528.51, 529.66, 13.2264]
[1471064400, 527.69, 528.51, 528.49, 528.51, 2.2425]
[1471060800, 526.89, 528.48, 526.89, 528.48, 1.11]
[1471057200, 526.5, 527.23, 526.85, 526.5, 1.19]
[1471053600, 526.71, 527.69, 527.57, 526.71, 0.521]
[1471050000, 527.57, 527.96, 527.96, 527.89, 0.07]
[1471046400, 527.41, 528.38, 527.68, 527.58, 1.04]
