[1455206400, 328.24, 332.11, 331, 332.08, 45.91446094]
[1455202800, 330.24, 333.12, 333.02, 330.94, 19.61167335]
[1455199200, 332.51, 335.19, 332.51, 333.02, 17.09695163]
[1455195600, 331.5, 333.6, 331.74, 333.24, 8.77835819]
[1455192000, 328.71, 334.18, 333, 333.23, 39.0227864]
[1455188400, 330.75, 333.84, 330.97, 333, 16.24576438]
[1455184800, 327.12, 331.02, 327.53, 330.97, 41.53810595]
[1455181200, 327.07, 331.54, 330.57, 327.53, 206.67954112]
[1455177600, 330.51, 333.58, 333.27, 330.8, 42.10047961]
[1455174000, 331.79, 333.56, 332.41, 333.37, 11.17117694]
[1455170400, 331.85, 333.34, 332.84, 332.12, 44.76799898]
[1455166800, 332.76, 334.3, 333.49, 332.8, 11.91480485]
[1455163200, 333.39, 334.64, 334.41, 333.49, 8.77290438]
[1455159600, 334.27, 335.89, 334.67, 334.67, 5.80376325]
[1455156000, 334.5, 336.82, 334.96, 334.97, 3.7424124]
[1455152400, 334.26, 335.33, 334.86, 334.38, 3.12760364]
[1455148800, 334.26, 336.09, 335.85, 334.81, 5.41882561]
[1455145200, 334.96, 335.93, 335.18, 335.85, 2.16]
[1455141600, 334.27, 335.5, 334.3, 335.36, 16.41716343]
[1455138000, 334.25, 336, 335.85, 334.25, 68.77119183]
[1455134400, 335.23, 337.41, 335.42, 335.86, 22.55499551]
[1455130800, 334.71, 336.69, 336.57, 335.82, 19.63990222]
[1455127200, 335.04, 337.41, 335.04, 337.41, 33.60590541]
[1455123600, 334.25, 337.35, 337.35, 335.04, 35.38177439]
[1455120000, 334.26, 339.77, 338.26, 337.4, 46.82949718]
[1455116400, 337.96, 341, 340.03, 338.02, 8.7785083]
[1455112800, 338.45, 340.99, 338.45, 339.66, 13.53253592]
[1455109200, 334.6, 340, 335.6, 338.19, 29.99803425]
[1455105600, 333.9, 335.6, 333.94, 335.6, 15.03207228]
[1455102000, 332.69, 334.55, 333.46, 334.04, 34.82408717]
[1455098400, 332.3, 334.17, 333.24, 333.26, 33.43822914]
[1455094800, 333, 335.34, 333.46, 333.01, 47.988464]
[1455091200, 332.95, 335.81, 332.95, 333.82, 43.44550681]
[1455087600, 331.64, 333.34, 332.21, 333, 41.29059902]
[1455084000, 330.19, 332.79, 331.96, 332.79, 24.56144089]
[1455080400, 331.99, 332.42, 331.99, 332.42, 0.54]
[1455076800, 331.16, 332.77, 331.19, 332.03, 2.6742139]
[1455073200, 329.94, 330.78, 330.37, 330.51, 2.70258536]
[1455069600, 330.35, 331.12, 330.35, 330.67, 0.82]
[1455066000, 328.7, 330.41, 330.41, 330.35, 8.50212743]
[1455062400, 330.33, 331.22, 330.8, 330.76, 5.1731952]
[1455058800, 329.97, 331.27, 330.63, 330.8, 10.51297242]
[1455055200, 330.04, 330.73, 330.3, 330.73, 14.43]
[1455051600, 329.56, 330.31, 329.91, 330.3, 11.7308298]
[1455048000, 328.7, 330.69, 330.33, 330.31, 22.53333612]
[1455044400, 329.23, 330.63, 330.61, 330.28, 18.65027138]
[1455040800, 329.91, 331.12, 330.08, 330.6, 7.6058457]
[1455037200, 328.27, 330.9, 330.01, 330.08, 42.61861936]
[1455033600, 329.75, 330.9, 330.6, 330.24, 112.23930361]
[1455030000, 330.21, 332.88, 332.53, 330.66, 32.3951421]
[1455026400, 331.87, 334.03, 332.61, 333.01, 50.30392051]
[1455022800, 331.67, 334.35, 332.52, 332.57, 97.32259536]
[1455019200, 331.79, 333.08, 332.09, 332.52, 12.85322443]
[1455015600, 331.33, 333.06, 332.61, 331.93, 34.15875596]
[1455012000, 331.98, 333.04, 332.17, 332.78, 39.28979079]
[1455008400, 331.59, 332.88, 332.36, 332.47, 16.3657817]
[1455004800, 331.03, 332.88, 331.79, 332.35, 44.40058776]
[1455001200, 331.22, 332.4, 331.65, 331.92, 17.11275366]
[1454997600, 329.32, 332.09, 330.9, 331.65, 29.42795923]
[1454994000, 330.56, 331.77, 331.7, 331.52, 1.47824909]
[1454990400, 331.75, 332.45, 332.14, 331.75, 2.2648173]
[1454986800, 330.24, 332.4, 331.86, 332.4, 8.96733676]
[1454983200, 331.79, 332.23, 332.22, 331.79, 0.61673534]
[1454979600, 331.23, 332.88, 332.52, 332.22, 8.2632741]
[1454976000, 331.26, 332.88, 332.26, 332.84, 14.82]
[1454972400, 330.95, 332.41, 331.76, 332.23, 15.29494406]
[1454968800, 331.63, 333.5, 332.91, 332.06, 16.07994386]
[1454965200, 330.29, 334.04, 332.14, 332.92, 62.76631363]
[1454961600, 330.42, 333.39, 332.35, 332.49, 57.43954722]
[1454958000, 331.45, 339.19, 335.13, 332.55, 122.65672835]
[1454954400, 334.82, 337.89, 336.5, 335.13, 20.44186885]
[1454950800, 335.09, 336.81, 335.58, 336.73, 12.83765585]
[1454947200, 335.08, 337.36, 337.27, 335.58, 16.94591767]
[1454943600, 336.1, 337.8, 336.25, 337.37, 9.75032572]
[1454940000, 335.29, 341.45, 338.96, 337.7, 60.36522299]
[1454936400, 338.56, 339.87, 339.81, 338.95, 11.57160267]
[1454932800, 339.56, 339.88, 339.88, 339.56, 9.95840403]
[1454929200, 335.85, 340.03, 338.94, 339.88, 30.8480336]
[1454925600, 337.13, 339.93, 338.93, 338.89, 11.25003393]
[1454922000, 338.52, 340.47, 340.15, 338.92, 21.6807496]
[1454918400, 338.53, 341.29, 341.24, 340.26, 7.27]
[1454914800, 339.61, 341.29, 340.4, 341.29, 5.1]
[1454911200, 339.32, 341.12, 339.32, 341.12, 3.48800934]
[1454907600, 339.43, 339.79, 339.51, 339.49, 0.22775085]
[1454904000, 338.54, 340.68, 338.91, 340.68, 3.77151634]
[1454900400, 338.11, 338.96, 338.91, 338.91, 1.5762786]
[1454896800, 338.42, 340.08, 340, 338.92, 0.65681]
[1454893200, 338.06, 340, 338.08, 340, 1.94706219]
[1454889600, 337.39, 338.78, 337.83, 338.08, 1.05978]
[1454886000, 337.16, 338.02, 337.67, 337.63, 12.99285601]
[1454882400, 336.26, 338.86, 337.06, 337.67, 17.25192438]
[1454878800, 334.77, 337.65, 335.07, 337.25, 9.585]
[1454875200, 334.47, 337.26, 337, 334.47, 11.96775074]
[1454871600, 335.94, 338.45, 338.27, 336.67, 5.67813844]
[1454868000, 335.5, 338.61, 337.51, 338.45, 21.92564931]
[1454864400, 337.5, 339.3, 338.01, 338.04, 17.38]
[1454860800, 338.01, 339.51, 338.03, 338.97, 6.15058767]
[1454857200, 338.11, 339.4, 338.51, 339, 1.89]
[1454853600, 338.18, 342.48, 340.68, 338.18, 15.3403724]
[1454850000, 339.68, 341.06, 340.67, 340.67, 4.85]
[1454846400, 338.78, 340.84, 339.16, 340.84, 3.51004533]
[1454842800, 336.85, 339.3, 336.85, 339.29, 3.15080756]
[1454839200, 336.76, 338, 336.94, 336.85, 18.21]
[1454835600, 336.9, 338, 337.34, 336.94, 11.04]
[1454832000, 335.82, 337.44, 337.01, 337.19, 3.97]
[1454828400, 336.83, 337.45, 337.45, 337.28, 1.73858]
[1454824800, 336.89, 337.51, 336.89, 337.46, 0.66]
[1454821200, 337.63, 337.85, 337.63, 337.85, 0.31]
[1454817600, 337.71, 337.74, 337.74, 337.71, 0.31]
[1454814000, 336.24, 337.61, 336.52, 337.61, 0.64]
[1454810400, 335.95, 336.52, 336.51, 336.52, 0.5]
[1454806800, 336.15, 337.3, 337.3, 336.15, 2.49886448]
[1454803200, 336.33, 337.55, 337.09, 337.1, 3.5237393]
[1454799600, 336.15, 336.79, 336.49, 336.27, 2.924]
[1454796000, 336.09, 336.92, 336.88, 336.69, 1.2190702]
[1454792400, 334.73, 337.07, 334.76, 336.85, 11.95937098]
[1454788800, 334.84, 336.71, 336.01, 335.83, 14.99220699]
[1454785200, 335.65, 337.87, 336.94, 336.15, 20.61416]
[1454781600, 334.93, 337.41, 335.12, 336.93, 6.50816101]
[1454778000, 333.46, 344.72, 334.72, 336.17, 40.2264103]
[1454774400, 334.85, 337.7, 336.9, 335.34, 6.489186]
[1454770800, 336.9, 337.7, 337.02, 337.31, 5.94918342]
[1454767200, 337, 338.59, 338, 337.07, 5.91006762]
[1454763600, 336.55, 344.65, 337.64, 338, 15.44102821]
[1454760000, 336.37, 343, 336.37, 336.51, 17.07]
[1454756400, 335.1, 337.85, 336.88, 337.11, 13.24169907]
[1454752800, 336.34, 344.76, 336.34, 336.9, 16.81032817]
[1454749200, 335.5, 336.5, 336.47, 336.34, 10.9714]
[1454745600, 335.6, 338.01, 336.21, 335.95, 8.45296075]
[1454742000, 333.61, 335.86, 335.59, 335.86, 8.75422604]
[1454738400, 333.48, 337.13, 335.9, 335.45, 5.83162844]
[1454734800, 332.5, 336.6, 336.6, 335.47, 33.27410251]
[1454731200, 336.75, 339.32, 338.5, 336.75, 2.19497135]
[1454727600, 337.71, 339.5, 339.5, 337.82, 0.26948347]
[1454724000, 339.49, 340.71, 339.89, 339.68, 1.3653]
[1454720400, 337.8, 344.68, 339.78, 339.53, 22.99338527]
[1454716800, 337.27, 345.49, 344.49, 340, 18.35987889]
[1454713200, 343.49, 346.19, 346.08, 344.26, 23.13313306]
[1454709600, 342.73, 346.2, 344.82, 345.64, 12.54071986]
[1454706000, 344.31, 347, 346.1, 344.82, 15.94]
[1454702400, 344.22, 347.62, 346.44, 346.1, 29.10624123]
[1454698800, 345.19, 347.34, 347.24, 346.14, 25.98545705]
[1454695200, 344.79, 348.02, 346.58, 347.59, 74.80555804]
[1454691600, 344.51, 347.42, 347.26, 346.59, 31.94497811]
[1454688000, 345.51, 349, 348.59, 347.77, 19.50831335]
[1454684400, 346.79, 349, 347.01, 348.59, 7.38699088]
[1454680800, 346.06, 348.68, 346.79, 346.32, 20.71227767]
[1454677200, 336.93, 348.11, 347.9, 346.23, 135.11701606]
[1454673600, 346.81, 348.62, 347.65, 348, 19.9631182]
[1454670000, 344.85, 347.88, 345.6, 347.08, 20.15575055]
[1454666400, 344.1, 345.91, 345.24, 344.87, 21.04620879]
[1454662800, 344.77, 345.83, 345.69, 344.77, 6.89097285]
[1454659200, 343.99, 346.79, 343.99, 346.01, 15.105]
[1454655600, 343.06, 344.3, 343.17, 344.3, 5.59501901]
[1454652000, 343.43, 345.68, 345.18, 343.52, 18.53021652]
[1454648400, 344.74, 345.73, 345.51, 345.68, 1.28309]
[1454644800, 344.34, 345.41, 344.99, 345.41, 13.26591739]
[1454641200, 344, 345.7, 345.7, 345, 2.27929612]
[1454637600, 345.45, 346.03, 345.45, 346.03, 1.41]
[1454634000, 345.46, 346.87, 346.87, 345.46, 6.63329651]
[1454630400, 345.51, 346.87, 346.17, 346.87, 26.30078]
[1454626800, 346.8, 349.31, 347.08, 347.63, 23.68255569]
[1454623200, 344.89, 347.1, 344.89, 347.07, 10.27034]
[1454619600, 343.73, 348.02, 347.26, 345.4, 67.03783188]
[1454616000, 343.01, 347.69, 343.42, 347.27, 43.43838835]
[1454612400, 341.25, 344.28, 343.14, 343.42, 44.73450742]
[1454608800, 343.1, 345.36, 344.89, 343.37, 15.95838334]
[1454605200, 345.05, 345.88, 345.31, 345.26, 15.91]
[1454601600, 343.15, 345.88, 345.68, 345.36, 42.98271758]
[1454598000, 342.32, 345.67, 342.8, 345.67, 24.34121706]
[1454594400, 335.2, 345.68, 335.2, 343.07, 96.08804828]
[1454590800, 333.01, 334.12, 333.88, 334.12, 15.0083248]
[1454587200, 331.28, 334.39, 334.39, 333.48, 52.13]
[1454583600, 332.7, 334.54, 333.46, 334.32, 20.97974179]
[1454580000, 332.69, 335.23, 333.99, 333.98, 21.73883254]
[1454576400, 333.56, 335.23, 334.08, 334, 46.37961574]
[1454572800, 334.13, 336.69, 336.16, 334.13, 57.62933929]
[1454569200, 334.91, 336.34, 335.02, 335.21, 17.94679]
[1454565600, 334.43, 336.17, 335.06, 335.1, 13.34972]
[1454562000, 333.2, 335.16, 333.2, 335.16, 8.04]
[1454558400, 333, 334.05, 333.47, 334.05, 2.18]
[1454554800, 332.76, 334.29, 334.25, 333.98, 4.01]
[1454551200, 334.51, 335.02, 334.93, 334.96, 8.2499444]
[1454547600, 332.14, 334.99, 333.65, 334.11, 4.41093028]
[1454544000, 332.25, 333.74, 332.74, 333.74, 12.78997708]
[1454540400, 331.04, 332.76, 331.97, 332.26, 20.87142642]
[1454536800, 330.35, 333.19, 332.68, 332, 33.96026758]
[1454533200, 332.31, 333.62, 333.27, 332.75, 16.55270519]
[1454529600, 331.5, 334.83, 334.83, 333.7, 34.42854786]
[1454526000, 332.52, 335.11, 332.84, 335.07, 17.0238905]
[1454522400, 331, 334.37, 334.37, 332.76, 46.4197117]
[1454518800, 333.01, 336.33, 336.17, 334.54, 28.65440789]
[1454515200, 335.08, 336.45, 335.68, 336.44, 30.247]
[1454511600, 333.63, 337.06, 337.06, 336.06, 54.8046103]
[1454508000, 337.57, 340.09, 339.92, 337.81, 7.60148625]
[1454504400, 338.75, 340.48, 340.38, 340.02, 32.55504974]
[1454500800, 337.23, 340.9, 340.5, 340.38, 42.71760515]
[1454497200, 340.05, 341.79, 341.4, 341.03, 16.04765816]
[1454493600, 341.35, 342.87, 342.62, 341.71, 13.31241176]
[1454490000, 342.17, 342.87, 342.7, 342.86, 14.04]
[1454486400, 341.08, 342.87, 341.5, 342.7, 10.13]
