[1481126400, 712.02, 715.89, 715.24, 714.52, 45.55618794]
[1481122800, 713.72, 716.99, 716.99, 714.01, 54.71145658]
[1481119200, 710.34, 717, 715.79, 716.23, 49.43347703]
[1481115600, 713.98, 715.79, 714.98, 715.79, 17.74260183]
[1481112000, 711.84, 714.8, 711.91, 714.8, 40.99629534]
[1481108400, 710.35, 711.93, 710.35, 711.91, 14.99]
[1481104800, 707.78, 710.35, 707.78, 710.34, 27.03401]
[1481101200, 705.43, 707.78, 707.5, 707.78, 25.457005]
[1481097600, 704.67, 707.62, 706.83, 707.6, 11.73091506]
[1481094000, 704, 707.17, 704.35, 707.17, 24.92]
[1481090400, 705.05, 707.54, 705.37, 705.05, 2.23734082]
[1481086800, 704.36, 705.88, 705.44, 704.48, 1.46]
[1481083200, 708.71, 710.44, 709.83, 709.52, 0.45]
[1481079600, 709.18, 711, 709.42, 709.89, 8.43]
[1481076000, 709.03, 710.38, 709.63, 710.06, 3.84488]
[1481072400, 707.78, 710.43, 707.78, 709.35, 2.23]
[1481068800, 708.02, 710.43, 708.71, 709.81, 26.6990211]
[1481065200, 705.39, 708.72, 708.37, 708.72, 4.99]
[1481061600, 705.24, 708.4, 706.78, 706.55, 12.0243]
[1481058000, 699, 709.88, 706.55, 706.29, 79.03562921]
[1481054400, 705.18, 710, 709.44, 709.24, 38.53693074]
[1481050800, 704.2, 709.44, 708, 709.44, 31.66548264]
[1481047200, 705, 708.02, 706.39, 708, 27.35196848]
[1481043600, 705.76, 708.47, 708, 706.96, 22.26366257]
[1481040000, 707.61, 710.42, 709.18, 708, 17.14132869]
[1481036400, 707.77, 709.58, 709.58, 709.2, 61.20495598]
[1481032800, 708.5, 709.58, 709.06, 709.03, 27.72765351]
[1481029200, 706.8, 709.07, 708.33, 708.4, 111.34429838]
[1481025600, 708.3, 709.65, 709, 708.3, 23.43686753]
[1481022000, 708.14, 709.65, 708.3, 708.23, 25.92219752]
[1481018400, 704.09, 709.5, 708.51, 708.16, 21.04]
[1481014800, 703.83, 708.43, 706.33, 706.18, 24.39]
[1481011200, 699.65, 706.33, 705.61, 706.32, 39.73845374]
[1481004000, 702.58, 705.91, 703.12, 702.58, 3.70610727]
[1481000400, 700.59, 704.98, 704.96, 703.78, 16.26]
[1480996800, 703.97, 704.97, 704.97, 703.97, 0.60475846]
[1480993200, 704.94, 704.98, 704.94, 704.97, 1.29457361]
[1480989600, 703.53, 704.98, 704.46, 704.64, 1.57797337]
[1480986000, 702.98, 704.76, 703.27, 704.71, 4.93700716]
[1480982400, 700.2, 703.26, 702.08, 702.55, 3.89420812]
[1480978800, 702.16, 703.13, 702.92, 702.56, 21.96708398]
[1480975200, 699.81, 703.2, 702.76, 702.92, 23.89327751]
[1480971600, 700.07, 703.75, 700.36, 702.57, 36.18483043]
[1480968000, 700.12, 702.26, 702.15, 701.67, 24.94327808]
[1480964400, 700.55, 704.82, 704.33, 702.21, 32.87862001]
[1480960800, 704, 706.74, 705.85, 704, 16.5647]
[1480957200, 704.64, 707.52, 706.67, 706, 29.03286957]
[1480953600, 704.12, 707.5, 707.07, 706.67, 24.49960563]
[1480950000, 704.92, 707.1, 706.79, 706.68, 26.49308475]
[1480946400, 704.03, 708.3, 705.33, 707.14, 30.89589812]
[1480942800, 702.22, 706.76, 704, 705.32, 42.29155827]
[1480939200, 702.22, 706.84, 706.62, 703.72, 83.09784498]
[1480935600, 704.1, 713.69, 713.58, 704.84, 93.10493699]
[1480932000, 712.5, 716.51, 714.92, 713.57, 31.2767558]
[1480928400, 713.01, 717.83, 717.83, 714.84, 29.91306432]
[1480924800, 713.28, 718, 713.4, 717.83, 17.36905888]
[1480921200, 712.8, 718.14, 718.14, 714.24, 70.36892589]
[1480917600, 716.1, 719.06, 716.19, 718.14, 10.474]
[1480914000, 716, 718.63, 718.39, 716, 11.71381975]
[1480910400, 718.11, 723.17, 723.14, 718.11, 4.83698519]
[1480906800, 722.53, 723.78, 722.54, 723.57, 2.11388178]
[1480903200, 720.02, 723.78, 723.62, 722.71, 13.45366863]
[1480899600, 723.62, 723.8, 723.62, 723.8, 4.74]
[1480896000, 723.5, 723.8, 723.5, 723.8, 9.31702279]
[1480892400, 721.62, 723.5, 722.65, 723.5, 13.00565998]
[1480888800, 720.14, 722.63, 722.08, 721.13, 51.22897223]
[1480885200, 720.37, 722.64, 720.98, 721.92, 19.2897]
[1480881600, 720.1, 722.88, 721.92, 721.7, 24.63802673]
[1480878000, 720.42, 722.84, 721.13, 722.03, 16.519]
[1480874400, 720.54, 723.36, 721.98, 721.06, 24.96676687]
[1480870800, 721.61, 723.15, 721.7, 722.26, 6.88]
[1480867200, 721.63, 723.8, 723.56, 721.64, 6.981]
[1480863600, 722.12, 723.89, 722.89, 723.45, 4.82339168]
[1480860000, 722.64, 725, 723.34, 722.64, 8.95474776]
[1480856400, 721.5, 724.7, 721.99, 724.7, 7.3]
[1480852800, 719.13, 722, 720.2, 722, 9.33995975]
[1480849200, 718.4, 720.21, 719.15, 720.2, 19.267]
[1480845600, 719.05, 719.95, 719.42, 719.15, 4.3905]
[1480842000, 718.72, 720.89, 718.97, 720.89, 10.74]
[1480838400, 718.47, 719.98, 719.55, 719.3, 5.07]
[1480834800, 719.74, 720.93, 720.93, 720.7, 0.34]
[1480831200, 719.97, 721.22, 721.22, 721.06, 0.98022705]
[1480827600, 721.28, 722.12, 722.11, 722.04, 0.74]
[1480824000, 721.24, 721.97, 721.24, 721.95, 0.92]
[1480820400, 721.23, 722.2, 721.69, 721.24, 1.22]
[1480816800, 721.7, 722.28, 722.19, 721.7, 1.9169]
[1480813200, 721.26, 722.78, 722.08, 722.55, 2.2546009]
[1480809600, 721.02, 722.6, 721.02, 722.07, 4.46619811]
[1480806000, 720.64, 721.05, 721.05, 720.94, 3.57]
[1480802400, 718.6, 722.8, 721.73, 721.05, 25.31]
[1480798800, 720.66, 722, 720.78, 721.83, 6.36]
[1480795200, 718.74, 722, 719.6, 722, 4.3909491]
[1480791600, 719.58, 721.65, 721.65, 719.9, 9.09117373]
[1480788000, 719.59, 721.66, 720.27, 721.64, 4.8125404]
[1480784400, 717, 720.28, 717.68, 720.27, 13.5]
[1480780800, 717.03, 719.76, 718.21, 717.2, 7.56]
[1480777200, 717.7, 722.98, 722.89, 717.89, 17.75048365]
[1480773600, 720.8, 723, 721, 722.97, 8.35]
[1480770000, 719.51, 721.19, 719.86, 721, 10.39987039]
[1480766400, 717.98, 722.43, 717.98, 719.44, 27.08]
[1480762800, 715.51, 717.99, 717.02, 717.98, 11.81]
[1480759200, 714.92, 717.39, 715.53, 716.64, 18.73889147]
[1480755600, 714.22, 715.53, 715.21, 715.52, 16.51]
[1480752000, 714.24, 716.17, 714.24, 715.1, 7.13]
[1480748400, 714.22, 717.06, 717.06, 714.89, 8.80180508]
[1480744800, 717.06, 719.35, 718.45, 717.06, 8.0147]
[1480741200, 719.9, 723.17, 722.9, 719.9, 99.97655011]
[1480737600, 722.08, 724.47, 723.51, 722.81, 3.87]
[1480734000, 723, 724.95, 724.14, 724.04, 4.15095301]
[1480730400, 722.78, 724.7, 723.84, 723.58, 6.49]
[1480726800, 722.58, 726.03, 724.56, 722.58, 3.2164]
[1480723200, 723.28, 725.13, 725, 724.09, 36.6978851]
[1480719600, 724.92, 727.36, 727.01, 724.92, 21.07180792]
[1480716000, 726.23, 727.96, 727.94, 727.01, 7.41]
[1480712400, 721.56, 729.02, 722.65, 725.83, 35.28]
[1480708800, 721.4, 723, 721.4, 722.3, 10.9593846]
[1480705200, 720.66, 723.7, 723.32, 721.4, 19.78605088]
[1480701600, 722.52, 728, 726.7, 724.03, 32.58042741]
[1480698000, 722.7, 727.26, 723.83, 725.53, 40.71826896]
[1480694400, 722.03, 726.07, 725.09, 723.76, 31.98047486]
[1480690800, 724.48, 729.73, 725.98, 725.09, 39.90016788]
[1480687200, 724.13, 725.98, 724.99, 725.97, 21.32]
[1480683600, 721.89, 724.48, 723.25, 724.48, 6.90666041]
[1480680000, 721, 723, 722.7, 722.84, 32.769662]
[1480676400, 721.73, 725.83, 723.09, 722.73, 37.8150353]
[1480672800, 722.4, 727.01, 724.99, 722.54, 77.14803701]
[1480669200, 722.87, 725, 722.87, 724.99, 8.15]
[1480665600, 718.69, 722.9, 721.34, 722.24, 31.26859303]
[1480662000, 716.57, 721.34, 718.66, 721.24, 19.39]
[1480658400, 715.31, 718.09, 718.09, 717.78, 15.91822692]
[1480654800, 715.96, 722, 715.96, 716.73, 23.0706686]
[1480651200, 714.96, 717, 715.99, 716.4, 8.85228255]
[1480647600, 713.98, 715.99, 713.98, 715.54, 5.78876502]
[1480644000, 712.8, 713.52, 712.8, 713.52, 4.09]
[1480640400, 709.3, 712.8, 710, 712.8, 20.28417069]
[1480636800, 708.93, 710, 709.6, 710, 4.0142]
[1480633200, 708.48, 709.94, 709.49, 709.81, 12.11]
[1480629600, 708, 709.79, 708.66, 709.49, 5.67]
[1480626000, 705.37, 709.25, 708.28, 708.67, 15.14037242]
[1480622400, 708.27, 710.37, 710.05, 708.54, 10.30281146]
[1480618800, 704.46, 711, 710.99, 710.05, 18.96787549]
[1480615200, 709.92, 711, 710.18, 710.99, 11.89734386]
[1480611600, 708.34, 710.97, 710, 710.97, 17.5]
[1480608000, 708.98, 710.04, 709.71, 710, 14.55619137]
[1480604400, 708.65, 710.05, 709.86, 710.02, 20.73261919]
[1480600800, 708.14, 710, 708.99, 710, 22.68267987]
[1480597200, 708.17, 711.03, 708.75, 709.51, 106.93711534]
[1480593600, 701.63, 708.88, 707.43, 708.84, 43.1703654]
[1480590000, 706.2, 708.47, 707.16, 707.43, 29.5680843]
[1480586400, 704.96, 708, 705.99, 706.03, 16.134]
[1480582800, 703.55, 708, 706, 706.56, 27.4]
[1480579200, 705.21, 706, 705.5, 706, 16.64905393]
[1480575600, 701.47, 705.5, 701.47, 705.5, 28.3417]
[1480572000, 701, 703, 701, 702, 2.24426937]
[1480550400, 700.29, 701.99, 701.27, 700.29, 7.91]
[1480546800, 700.39, 701.94, 701.22, 700.83, 5.92]
[1480543200, 700.53, 702.76, 702.31, 701.19, 9.08]
[1480539600, 701.2, 703, 702.97, 702.07, 20.3]
[1480536000, 701.75, 702.99, 701.75, 702.98, 10.78]
[1480532400, 700.95, 702.24, 701.71, 701.76, 10.58680432]
[1480528800, 701.25, 702.24, 701.58, 701.71, 11.66787819]
[1480525200, 699.21, 702, 699.74, 701.85, 21.85603267]
[1480521600, 698.65, 700.86, 699.98, 700.17, 42.22821]
[1480518000, 698.25, 699.98, 698.28, 699.97, 22.70841791]
[1480514400, 696.03, 699.6, 698.82, 698.27, 40.67133429]
[1480510800, 695.93, 700.33, 700.31, 695.93, 29.40135952]
[1480507200, 698.58, 700.86, 699.02, 700.31, 32.70666099]
[1480503600, 697.17, 699.02, 697.59, 698.94, 10.15172442]
[1480500000, 695.45, 697.6, 695.9, 697.15, 60.64528229]
[1480496400, 694.76, 696.01, 695.26, 695.9, 16.66404988]
[1480492800, 692.95, 696.01, 693, 695.38, 38.14904027]
[1480489200, 686.93, 693, 688.94, 693, 21.71704083]
[1480485600, 688.34, 690.21, 689.19, 688.34, 2.7549808]
[1480482000, 688.66, 690.18, 689.11, 690.18, 3.5455]
[1480478400, 688.69, 691.01, 691, 688.71, 12.01326855]
[1480474800, 689.58, 690.93, 689.58, 690.81, 0.88]
[1480471200, 689.58, 691.32, 689.58, 689.6, 1.65]
[1480467600, 690.07, 690.54, 690.08, 690.53, 0.8]
[1480464000, 688.02, 690.97, 690.97, 690.06, 3.09]
[1480460400, 688.62, 691.2, 689.14, 689.97, 5.90002221]
[1480456800, 687.79, 690.37, 690.37, 689.47, 15.77255151]
[1480453200, 690, 693.19, 692.91, 690.43, 22.13]
[1480449600, 692.4, 693.77, 692.65, 692.79, 11.67008492]
[1480446000, 691.43, 693.83, 692.33, 693.22, 15.13910105]
[1480442400, 691.81, 694.58, 694.55, 692.5, 28.23171506]
[1480438800, 690.94, 694.56, 693.51, 694.55, 31.88]
[1480435200, 692.04, 693.59, 693.03, 693.56, 12.36537698]
[1480431600, 692.26, 693.03, 693.01, 693.03, 9.558]
[1480428000, 691.38, 694.5, 693.58, 693.01, 49.23155905]
[1480424400, 692.27, 694.5, 692.78, 693.57, 43.94606948]
[1480420800, 691.74, 694.5, 693.82, 692.23, 63.02882506]
[1480417200, 693.68, 695.72, 693.86, 695.15, 29.268]
[1480413600, 692.53, 694.98, 693.36, 693.55, 18.44]
[1480410000, 690.06, 697.22, 695.61, 693.42, 34.6205661]
[1480406400, 693.26, 697.1, 693.31, 695.79, 21.09117343]
