[1465286400, 515.67, 518.97, 516.21, 516.99, 39.52483569]
[1465282800, 514.33, 516.91, 516.31, 516.06, 28.63973818]
[1465279200, 515.51, 517.84, 515.6, 516.31, 33.79703167]
[1465275600, 514.3, 517.5, 516.55, 516.23, 111.2765198]
[1465272000, 515.37, 516.75, 516.74, 516.74, 38.73365265]
[1465268400, 516.51, 519.22, 518.68, 516.51, 2.84481]
[1465264800, 518.6, 519.98, 519.05, 518.6, 3.72]
[1465261200, 519.08, 519.99, 519.44, 519.08, 4.7]
[1465257600, 515.88, 519.66, 516.47, 519.66, 22.03138862]
[1465254000, 515.21, 516.89, 515.32, 516.47, 7.97650722]
[1465250400, 514.62, 516.06, 515.02, 515.32, 17.2088091]
[1465246800, 514.34, 515.1, 514.83, 515.1, 16.265]
[1465243200, 514.31, 517.45, 514.53, 514.83, 64.40673186]
[1465239600, 514.31, 518, 515.82, 514.46, 96.47125531]
[1465236000, 515.19, 516, 515.98, 515.87, 15.334735]
[1465232400, 514.45, 516, 515.94, 515.97, 22.27346]
[1465228800, 514.56, 516.79, 515.58, 515.01, 18.01915821]
[1465225200, 514.26, 515.96, 514.5, 515.96, 16.34057638]
[1465221600, 514, 516, 515.23, 514.66, 18.74282796]
[1465218000, 515, 516, 515.16, 515.56, 23.85]
[1465214400, 514.4, 515.97, 515.24, 514.4, 22.53]
[1465210800, 513.08, 515.78, 513.51, 515.24, 29.28743]
[1465207200, 509.19, 514, 512.22, 513.44, 43.944209]
[1465203600, 511.95, 514.04, 513.34, 512.23, 16.47665498]
[1465200000, 512.56, 516.01, 513.93, 513.34, 26.01091495]
[1465196400, 513.41, 514.37, 513.81, 513.91, 33.17678907]
[1465192800, 510.4, 514.45, 513.29, 513.5, 39.14999274]
[1465189200, 512.34, 516.63, 512.58, 513.98, 24.13119931]
[1465185600, 510.54, 513.48, 510.98, 512.39, 15.44247995]
[1465182000, 510.44, 513.38, 510.44, 511.11, 16.85237155]
[1465178400, 509.17, 510.45, 509.17, 510.45, 3.79727936]
[1465174800, 506.81, 509.99, 507.68, 509.81, 35.66644164]
[1465171200, 506.77, 508.23, 506.77, 508.2, 3.08]
[1465167600, 506.76, 508.23, 507.74, 507.1, 19.9888821]
[1465164000, 504.3, 508.12, 506, 507.72, 11.04695758]
[1465160400, 503.86, 507.9, 507.36, 506, 20.27566477]
[1465156800, 507.18, 508.23, 508.19, 507.9, 8.27]
[1465153200, 507.01, 508.24, 508.24, 508.2, 18.73]
[1465149600, 508.03, 510.22, 510.08, 508.24, 20.84753623]
[1465146000, 507.9, 510.1, 508.15, 510.08, 9.86752576]
[1465142400, 506.59, 508.86, 506.59, 508.16, 9.74]
[1465138800, 490.94, 508.74, 507.59, 506.59, 107.19353099]
[1465135200, 506.33, 507.97, 506.91, 507.6, 17.5387]
[1465131600, 504.82, 507, 506.28, 507, 55.41083836]
[1465128000, 504.18, 514.04, 509.14, 506.28, 57.93048862]
[1465124400, 508.41, 510.17, 509.01, 510.06, 9.41502]
[1465120800, 507.6, 509.9, 509.9, 508.5, 16.4865949]
[1465117200, 509.33, 510.46, 509.5, 509.9, 6.24]
[1465113600, 508, 511.32, 508.5, 508.93, 17.29]
[1465110000, 507.11, 510.03, 508.83, 508.5, 4.96]
[1465106400, 506.01, 509.35, 506.06, 509.35, 13.895]
[1465102800, 505.87, 510.81, 510.79, 505.87, 3.03357346]
[1465099200, 509.77, 510.83, 510.83, 509.77, 4.17]
[1465095600, 509.43, 511.46, 511.2, 510.59, 8.17]
[1465092000, 510.53, 514.02, 513.36, 511.66, 6.81434768]
[1465088400, 509.96, 514.63, 509.96, 513.27, 15.99740606]
[1465084800, 507.55, 509.97, 507.55, 509.97, 7.3668958]
[1465081200, 505.98, 509.54, 506.03, 507.77, 23.9918687]
[1465077600, 506.3, 507.83, 507.8, 506.87, 8.5]
[1465074000, 505, 508.86, 506.56, 507.8, 12.4616]
[1465070400, 501.73, 509.88, 504.46, 507.43, 73.6524]
[1465066800, 502.29, 506, 504.12, 505, 17.1337]
[1465063200, 497.95, 503.47, 499.34, 501.46, 22.10396279]
[1465059600, 495.88, 501.79, 500.37, 499.43, 39.70922379]
[1465056000, 497.04, 509.84, 509.84, 500.37, 60.42156924]
[1465052400, 506.48, 509.87, 507, 509.84, 35.22844515]
[1465048800, 506.04, 508.8, 507.79, 507, 45.68227996]
[1465045200, 506.6, 510.09, 510.09, 507.8, 28.21405351]
[1465041600, 506, 511, 506.06, 510.02, 20.65020473]
[1465038000, 506.01, 511.58, 511.14, 506.06, 31.46210854]
[1465034400, 508.72, 520.95, 519.63, 511.14, 41.28566437]
[1465030800, 516.9, 524.81, 518.86, 517.85, 54.85182111]
[1465027200, 512.91, 524.44, 514.38, 518.65, 100.27588718]
[1465023600, 510, 515.97, 510, 514.42, 52.45112359]
[1465020000, 505.99, 510, 505.99, 509.99, 13.33495]
[1465016400, 504.54, 505.99, 504.54, 505.99, 3.54]
[1465012800, 502.64, 505.89, 504.3, 504.53, 9.67219224]
[1465009200, 504.04, 505.14, 504.84, 504.3, 3.49]
[1465005600, 503.22, 505.51, 503.73, 505.24, 9.41158918]
[1465002000, 502.75, 504.73, 504.26, 503.7, 2.94757556]
[1464998400, 503, 504.97, 503.98, 504.72, 6.64696672]
[1464994800, 500.86, 504.37, 502.99, 500.86, 17.21873636]
[1464991200, 500.7, 506.7, 505.62, 502.98, 27.01880654]
[1464987600, 503.2, 509.23, 508.67, 506.58, 41.58240303]
[1464984000, 502.69, 509.68, 504.86, 508.71, 52.30854448]
[1464980400, 504.71, 507.94, 505.99, 504.88, 65.3687164]
[1464976800, 501.96, 507.95, 502.07, 506.37, 35.34153495]
[1464973200, 501.03, 509.02, 506.36, 502.07, 31.86941734]
[1464969600, 498.4, 506.91, 498.58, 506.53, 59.27892804]
[1464966000, 495.13, 500.06, 499.05, 498.47, 40.28150789]
[1464962400, 491.52, 507.04, 498.28, 499.02, 612.67784537]
[1464958800, 494.57, 498.52, 495.49, 498.28, 152.42288174]
[1464955200, 494.73, 497.72, 497.7, 495.45, 68.27519502]
[1464951600, 493.85, 510.36, 495.06, 497.73, 153.81248672]
[1464948000, 494.31, 496.21, 494.81, 494.83, 18.8047]
[1464944400, 490.33, 496.52, 492.98, 494.79, 81.83278032]
[1464940800, 483.48, 494.83, 483.82, 492.95, 103.9460554]
[1464937200, 479.55, 483.88, 482.32, 483.5, 58.84088851]
[1464933600, 482, 483.88, 482.98, 483.88, 6.78]
[1464930000, 482.18, 483, 482.5, 482.8, 6.978]
[1464926400, 482.15, 482.74, 482.15, 482.17, 4.70524662]
[1464922800, 482.11, 483.61, 483.61, 482.15, 0.69718374]
[1464919200, 483.61, 484, 484, 483.62, 2.30307694]
[1464915600, 483.32, 484.01, 483.4, 484, 0.94]
[1464912000, 482.73, 483.53, 483.12, 482.96, 3.050559]
[1464908400, 482.23, 485, 484.5, 483.16, 10.91]
[1464904800, 480.79, 484.99, 480.79, 484.48, 28.06908619]
[1464901200, 480.44, 481.99, 481.52, 481.46, 13.8]
[1464897600, 479.15, 481.98, 479.53, 481.97, 20.278333]
[1464894000, 479.22, 481.5, 480.63, 480.64, 29.91663867]
[1464890400, 480.15, 480.85, 480.26, 480.66, 18.54]
[1464886800, 480, 481.44, 481.11, 480.46, 11.47183157]
[1464883200, 478, 481.35, 478, 480.64, 29.74156601]
[1464879600, 476.19, 478.56, 477.61, 477.99, 53.72034723]
[1464876000, 477.07, 479.61, 477.07, 477.29, 35.4552582]
[1464872400, 476.38, 480.67, 477.34, 478.34, 62.24]
[1464868800, 477.65, 481.44, 480.16, 477.65, 33.44746126]
[1464865200, 478.82, 480.88, 479.69, 480.85, 22.23116649]
[1464861600, 479.09, 481.9, 481.06, 479.77, 26.551455]
[1464858000, 478.35, 481.29, 478.89, 480.67, 31.42]
[1464854400, 476.3, 481.56, 479.81, 478.58, 50.2279]
[1464850800, 479.8, 481.61, 479.81, 479.81, 20.22706681]
[1464847200, 479.3, 481.5, 480.93, 479.81, 7.74920744]
[1464843600, 473.2, 480.97, 480.49, 479.89, 70.42535424]
[1464840000, 479.23, 481, 480.2, 480.07, 9.68240702]
[1464836400, 478.86, 480.25, 478.95, 479.66, 3.16]
[1464832800, 478.85, 480.66, 478.86, 479.73, 2.70419]
[1464829200, 476.48, 479.04, 477.45, 478.85, 7.63690529]
[1464825600, 476.25, 480.31, 478.75, 477.83, 33.00698]
[1464822000, 475.84, 481.5, 478.15, 478.76, 22.16951162]
[1464818400, 476.03, 480.09, 479.93, 477.33, 21.95185]
[1464814800, 478.43, 480.42, 479.02, 479.76, 25.5397]
[1464811200, 475.69, 481.5, 478.42, 478.53, 46.5147058]
[1464807600, 476.86, 479.77, 479, 478.48, 17.9135255]
[1464804000, 478.1, 481.26, 481.2, 479.65, 35.704864]
[1464800400, 479, 481.25, 479.24, 481.25, 52.79550768]
[1464796800, 479.06, 482.67, 481.53, 479.35, 40.003444]
[1464793200, 480.58, 484.07, 483.87, 481.92, 29.08260961]
[1464789600, 481.83, 485.08, 484.33, 484.27, 46.07754242]
[1464786000, 481.35, 486.96, 483.45, 482.15, 29.34115195]
[1464782400, 480, 484.69, 480.05, 484.37, 48.14002868]
[1464778800, 479.46, 481.97, 479.46, 480.05, 27.64042734]
[1464775200, 475.72, 481.64, 476.89, 480.15, 50.89626974]
[1464771600, 475.92, 481.08, 477.52, 477.14, 46.99152538]
[1464768000, 476.8, 481.15, 480.17, 478.71, 38.7254]
[1464764400, 477.88, 486.96, 478.78, 480.11, 72.07526328]
[1464760800, 475.3, 480.25, 475.64, 478.28, 58.60113448]
[1464757200, 471, 477.39, 476.98, 473.69, 22.97916168]
[1464753600, 474.24, 476.99, 474.24, 476.94, 15.63165056]
[1464750000, 472.76, 475.06, 475.04, 473.51, 2.83306653]
[1464746400, 475.31, 478.65, 477.57, 476.09, 4.27403738]
[1464742800, 476.65, 479.98, 477.52, 476.65, 21.58]
[1464739200, 476.33, 478.02, 476.96, 477.52, 11.3637]
[1464735600, 476.35, 479.89, 478.06, 478.45, 12.14096926]
[1464732000, 473.24, 478.56, 473.24, 478.28, 27.06282271]
[1464728400, 468.43, 473.23, 468.61, 473.23, 41.8673118]
[1464724800, 468.57, 472.24, 469.28, 468.61, 51.1739922]
[1464721200, 468.41, 477.32, 476.47, 469.29, 54.89046079]
[1464717600, 476.22, 478, 477.99, 477.01, 14.06]
[1464714000, 475.84, 478, 475.85, 477.99, 17.4373]
[1464710400, 473.91, 479.64, 473.91, 476, 73.69089608]
[1464706800, 471.26, 484.64, 480.69, 473.15, 66.61024]
[1464703200, 478.01, 486, 483.9, 479.43, 75.00627051]
[1464699600, 483.28, 486.92, 486, 484.58, 39.29591]
[1464696000, 484.57, 488.41, 487.66, 485.99, 55.23299]
[1464692400, 483.23, 488.14, 486.5, 487.25, 53.1711538]
[1464688800, 486.41, 490.94, 488.85, 486.41, 50.68038316]
[1464685200, 486.93, 490.66, 488.4, 488.85, 36.29238908]
[1464681600, 480.73, 489.44, 481.64, 488.81, 46.05127178]
[1464678000, 478.7, 484.67, 480.69, 484.67, 55.04022093]
[1464674400, 476.29, 481, 477.27, 480.7, 31.56404947]
[1464670800, 476.2, 480.49, 477.94, 476.25, 15.5418]
[1464667200, 476.12, 479.74, 477.96, 478.28, 21.5436]
[1464663600, 476.31, 478.14, 477.15, 477.96, 7.75528834]
[1464660000, 475, 478.27, 475.49, 478.27, 5.87362]
[1464656400, 475.51, 477.82, 475.79, 476.82, 5.11248359]
[1464652800, 475.1, 479.59, 477.75, 475.1, 18.58418823]
[1464649200, 477.02, 480.31, 478.6, 477.06, 3.95]
[1464645600, 477.01, 479.97, 479, 478.87, 9.14101873]
[1464642000, 478.23, 480.49, 479, 479, 18.74779357]
[1464638400, 476.57, 481.99, 480.71, 479, 44.64519828]
[1464634800, 479.86, 482, 480.59, 481.74, 31.38018953]
[1464631200, 478.46, 482, 481.19, 480.59, 24.39178011]
[1464627600, 478.97, 482.51, 478.97, 479.4, 41.69609324]
[1464624000, 475.3, 481.72, 476.01, 478.33, 45.54238644]
[1464620400, 475.3, 480.07, 477.61, 476.3, 58.60465682]
[1464616800, 476.61, 482.64, 478.99, 477.68, 38.41429082]
[1464613200, 478.16, 486, 484.52, 479, 36.85887627]
[1464609600, 480.28, 486.88, 483.52, 485.9, 30.88873822]
[1464606000, 480, 486.45, 484.04, 483.52, 18.17594]
[1464602400, 477.32, 486.84, 480.09, 484.07, 44.4559987]
[1464598800, 477, 481.79, 477.66, 478.73, 23.0416673]
[1464595200, 474.52, 479.84, 474.52, 478.76, 24.6437281]
[1464591600, 469.22, 478.05, 472.23, 474.52, 21.92643235]
[1464588000, 455.38, 472.44, 472.21, 472.23, 70.7275]
[1464584400, 468.93, 476.78, 476.78, 472.57, 18.739473]
[1464580800, 470.28, 478.95, 474.11, 475.43, 11.26306135]
[1464577200, 471.85, 476.84, 471.85, 475.07, 16.61469582]
[1464573600, 470.03, 474.59, 471, 474.59, 9.55179119]
[1464570000, 466.48, 472.28, 470.84, 471.41, 18.35928534]
[1464566400, 469.61, 473.6, 473.6, 470.01, 11.25858039]
