[1473926400, 544.82, 546.17, 545.63, 544.82, 10.52]
[1473922800, 544.68, 545.92, 544.83, 545.63, 16.15]
[1473919200, 544.83, 545.6, 544.9, 544.83, 3.19980665]
[1473915600, 544.84, 545.75, 544.93, 545.59, 3.72]
[1473912000, 544.71, 545.02, 544.72, 545.02, 0.34]
[1473908400, 544.6, 545.2, 545.2, 545.01, 6.60290519]
[1473904800, 545.06, 546.16, 546.16, 545.06, 1.0300902]
[1473901200, 545.43, 546.16, 545.75, 546.02, 1.46]
[1473897600, 545.55, 545.94, 545.78, 545.8, 2.4468]
[1473894000, 545.65, 546.36, 546.19, 545.74, 2.82508053]
[1473890400, 545.21, 546.82, 546.25, 546.38, 8]
[1473886800, 545.36, 546.95, 546.17, 546.25, 12.93]
[1473883200, 545.09, 546.98, 546.48, 546.55, 9.84]
[1473879600, 545.07, 546.73, 545.26, 546.48, 11.24]
[1473876000, 545.15, 546.78, 546.72, 545.89, 8.39]
[1473872400, 546.07, 547.12, 547.12, 546.78, 18.64]
[1473868800, 544.5, 548, 544.5, 547.12, 14.69]
[1473865200, 543.01, 548.06, 546.81, 544.02, 34.5731]
[1473861600, 545.18, 548.28, 547.61, 547.04, 17.42]
[1473858000, 546.69, 548.05, 547.53, 547.22, 9.06538373]
[1473854400, 545.2, 547.69, 546.96, 547.69, 20.66561533]
[1473850800, 546, 547.71, 547.15, 546.96, 46.91493731]
[1473847200, 546.73, 548.01, 547.73, 547.16, 12.754411]
[1473843600, 545.97, 547.88, 547.22, 547.46, 19.66755875]
[1473840000, 545.26, 547.79, 545.71, 547.28, 14.28]
[1473836400, 545.18, 547.67, 545.38, 545.71, 24.05]
[1473832800, 544.95, 547, 544.95, 545.21, 9.75]
[1473829200, 545.53, 546.94, 546.06, 545.53, 7.16]
[1473825600, 544.58, 546.28, 545.71, 545.79, 3.56]
[1473822000, 544.35, 545.42, 544.36, 545.42, 2.47]
[1473818400, 543.96, 545.51, 545.5, 544.87, 7.17]
[1473814800, 545.23, 546.25, 545.43, 545.54, 0.49]
[1473811200, 545.23, 546.24, 546.24, 545.43, 3.8]
[1473807600, 545.33, 546.25, 546.08, 545.82, 3.78]
[1473804000, 544.21, 547.52, 547.4, 545.58, 5.43069467]
[1473800400, 546.1, 548.01, 547.46, 547.4, 34.97094818]
[1473796800, 545.37, 547.99, 546.39, 547.99, 13.231064]
[1473793200, 544.71, 548.07, 545.31, 546.4, 23.8752525]
[1473789600, 543.77, 547.14, 544.44, 545.49, 12.68282339]
[1473786000, 543.06, 544.45, 543.77, 544.45, 13.3902]
[1473782400, 543.14, 545.31, 544.22, 544, 15.61]
[1473778800, 543.71, 545.2, 544.84, 544.22, 7.34]
[1473775200, 544.65, 545.68, 544.66, 544.84, 16.8]
[1473771600, 544.59, 546.87, 545.69, 544.65, 27.93304523]
[1473768000, 544.81, 548.44, 545, 546.01, 24.135337]
[1473764400, 544.27, 545, 544.57, 544.9, 19.26]
[1473760800, 543.34, 544.6, 544.59, 544.01, 22.6]
[1473757200, 543.69, 544.6, 544.3, 544.59, 21.64]
[1473753600, 543.68, 544.51, 544.27, 544, 16.19]
[1473750000, 544.05, 545, 545, 544.37, 18.16206405]
[1473746400, 544.57, 546.26, 545.89, 544.99, 21.85012217]
[1473742800, 545.42, 546.46, 545.98, 545.9, 11.02]
[1473739200, 545.34, 546.87, 545.66, 545.97, 12.574547]
[1473735600, 544.98, 546.24, 545, 545.4, 2.56]
[1473732000, 543.96, 545, 543.96, 544.8, 2.22]
[1473728400, 542.83, 544.7, 543.88, 544.69, 5.69]
[1473724800, 542.18, 544.7, 543.58, 544.1, 4.93]
[1473721200, 542.73, 544.06, 543.29, 544.05, 10.83351216]
[1473717600, 542.11, 544.22, 542.46, 544.06, 12.26]
[1473714000, 541.47, 542.63, 542.02, 542.47, 6.01]
[1473710400, 541.21, 543.35, 541.63, 542.54, 9.80728376]
[1473706800, 541.14, 542.82, 541.23, 542.77, 12.78]
[1473703200, 541.04, 542.63, 541.2, 541.63, 6.729958]
[1473699600, 540.39, 541.21, 541.21, 541.21, 13.086469]
[1473696000, 541.08, 542, 541.97, 541.51, 5.155858]
[1473692400, 541.59, 542, 542, 541.99, 13.52]
[1473688800, 541.95, 542.5, 542.5, 542, 11.7639393]
[1473685200, 541.64, 543.38, 543.01, 542.48, 10.494]
[1473681600, 541.04, 543.67, 542.28, 543.23, 7.91]
[1473678000, 541.07, 542.81, 541.59, 542.33, 9.66]
[1473674400, 540.23, 542.67, 541.28, 541.58, 11.65]
[1473670800, 540, 543.58, 543.31, 541.19, 29.28888899]
[1473667200, 542.69, 543.88, 542.69, 543.25, 8.252586]
[1473663600, 542.89, 543.88, 543.36, 543.86, 9.4649]
[1473660000, 543.36, 544.42, 543.55, 543.36, 5.34231]
[1473656400, 543.36, 545.38, 543.36, 543.76, 3.4858661]
[1473652800, 543.02, 543.94, 543.94, 543.39, 2.009]
[1473649200, 542.82, 545.84, 543.55, 544.78, 23.11981347]
[1473645600, 543.31, 545, 543.64, 543.43, 2.1505]
[1473642000, 543.52, 544.23, 544.22, 544.22, 5.0314]
[1473638400, 543.68, 544.23, 544.21, 544.19, 2.39]
[1473634800, 541.5, 544.5, 541.5, 544.21, 5.075824]
[1473631200, 540, 543.01, 540, 541.5, 6.48]
[1473627600, 533.93, 540, 536, 540, 25.24823795]
[1473624000, 533.75, 539.03, 536.47, 536, 17.98750463]
[1473620400, 531.09, 562.34, 561.37, 536.82, 108.26263169]
[1473616800, 557.99, 563.09, 557.99, 561.37, 57.51910269]
[1473613200, 555.01, 558.74, 557.9, 557.99, 13.815]
[1473609600, 557.62, 559.06, 558.79, 557.66, 6.34]
[1473606000, 558.11, 559.06, 558.87, 558.97, 5.64]
[1473602400, 557.9, 559.06, 558.3, 558.62, 8.25]
[1473598800, 558.15, 559.07, 558.97, 559.06, 5.12]
[1473595200, 558.26, 559.03, 558.64, 559.03, 5.1906546]
[1473591600, 557.54, 558.7, 558.42, 558.65, 4.15]
[1473588000, 555.99, 558.47, 557, 558.47, 16.8205]
[1473584400, 556.32, 557, 556.76, 557, 15.17]
[1473580800, 555, 557, 556.99, 556.77, 15.4265]
[1473577200, 556.94, 557, 557, 556.94, 1.75]
[1473573600, 556.74, 558.43, 558.27, 557, 4.36481749]
[1473570000, 556.39, 558.12, 556.39, 558.12, 1.64]
[1473566400, 556.16, 558.46, 558.45, 556.16, 5.0225]
[1473562800, 558.19, 558.74, 558.19, 558.61, 0.11]
[1473559200, 558.2, 558.65, 558.46, 558.2, 0.6]
[1473555600, 557.3, 558.62, 558.06, 558.62, 1.21]
[1473552000, 557.04, 559.07, 558.09, 558.18, 4.77039186]
[1473548400, 558.1, 559.06, 559.06, 558.79, 2.83]
[1473544800, 558.34, 559.07, 559.07, 559.05, 5.05]
[1473541200, 558.18, 560.94, 558.5, 559.07, 12.33859776]
[1473537600, 557.66, 559.11, 558.07, 558.51, 4.23]
[1473534000, 558.03, 558.4, 558.37, 558.08, 8.67]
[1473530400, 557.17, 559.12, 558.5, 558.38, 8.2]
[1473526800, 557.34, 560.33, 557.34, 558.19, 10.62]
[1473523200, 555.66, 558.1, 556.73, 557.43, 5.58827744]
[1473519600, 555.99, 558.03, 557.46, 556.68, 11.83]
[1473516000, 556.62, 558.5, 557.71, 557.36, 7.97]
[1473512400, 555, 558.5, 557.68, 558.47, 12.47]
[1473508800, 556.41, 558.5, 558.28, 556.41, 11.55]
[1473505200, 556.81, 558.52, 556.81, 558.28, 5.29]
[1473501600, 556.01, 560.1, 557.96, 557.2, 20.44000505]
[1473498000, 556.74, 559.31, 557.29, 557.96, 9.59262039]
[1473494400, 555.63, 557.33, 556, 557.33, 5.57]
[1473490800, 555.84, 556, 556, 556, 4.76]
[1473487200, 555.99, 556.71, 556.54, 556, 7.17038624]
[1473483600, 556.54, 557.81, 557.07, 556.54, 2.03]
[1473480000, 556.96, 558.25, 557.62, 556.96, 11.43]
[1473476400, 557.53, 558.31, 557.76, 557.53, 0.66]
[1473472800, 557.72, 558.01, 558.01, 557.72, 0.06]
[1473469200, 556.69, 558.25, 557.21, 558.03, 3]
[1473465600, 555.25, 558.05, 556.33, 557.09, 2.78]
[1473462000, 555.81, 557.8, 556.61, 557.31, 5.92]
[1473458400, 555.77, 558.09, 557.44, 557.54, 2.76]
[1473454800, 553.02, 557.5, 555.16, 556.76, 11.355248]
[1473451200, 552.29, 556.67, 554.56, 555.28, 21.8127]
[1473447600, 554.35, 555.2, 555.14, 554.64, 8.28]
[1473444000, 553.54, 555.2, 555.16, 555.14, 18.028155]
[1473440400, 553.41, 555.2, 555.11, 554, 7.06]
[1473436800, 555.16, 556.36, 555.39, 555.16, 8.82]
[1473433200, 555.24, 557, 555.32, 555.39, 16.00372219]
[1473429600, 553.15, 555.94, 553.91, 555.92, 23.403677]
[1473426000, 552, 555.65, 554.19, 554.1, 20.57]
[1473422400, 552.98, 554.98, 553.22, 553.73, 16.39253]
[1473418800, 552.08, 553.47, 553.47, 553.22, 13.2]
[1473415200, 552.93, 553.71, 553.4, 553.06, 14.737]
[1473411600, 551.99, 554.99, 552, 553.81, 39.16272606]
[1473408000, 551.99, 552, 552, 552, 10.80554]
[1473404400, 550.99, 552, 551.45, 552, 11.74]
[1473400800, 550.19, 553.76, 553.76, 552, 19.731342]
[1473397200, 553.68, 558.53, 557, 553.68, 16.0284394]
[1473393600, 557, 557, 557, 557, 4.35]
[1473390000, 557, 557, 557, 557, 0.53]
[1473386400, 556.76, 557.32, 557.32, 557.01, 2.02]
[1473382800, 556.68, 557.95, 557.16, 557.32, 5.75]
[1473379200, 555.53, 561.78, 557.03, 557.16, 28.97031634]
[1473375600, 556.45, 557.67, 556.5, 557.21, 12.29800998]
[1473372000, 555.23, 556.81, 555.59, 556.81, 8.7905927]
[1473368400, 554.73, 555.76, 555, 555.76, 15.62430735]
[1473364800, 551.51, 555, 555, 555, 54.40561801]
[1473361200, 554.88, 555.66, 555.66, 555, 29.01941488]
[1473357600, 554.32, 556.81, 556.81, 556, 23.74395365]
[1473354000, 556.8, 559, 558.99, 556.81, 10.290896]
[1473350400, 558.94, 559, 559, 558.99, 7.81]
[1473346800, 551.28, 559, 558.2, 559, 47.35]
[1473343200, 557.4, 559.47, 559.24, 558.93, 14.42780935]
[1473339600, 557.61, 559.97, 558.44, 559.29, 10.16116363]
[1473336000, 555, 562.3, 558.86, 559.06, 34.31212665]
[1473332400, 558.04, 559.99, 558.84, 558.86, 12.7883953]
[1473328800, 557.8, 559.7, 559.5, 558.02, 30.66646449]
[1473325200, 556.59, 559.96, 556.97, 559.5, 22.59204948]
[1473321600, 548.61, 558.82, 548.62, 556.97, 49.34261788]
[1473318000, 542.85, 552.64, 549.27, 548.61, 110.57]
[1473314400, 548.85, 549.44, 549.12, 549.44, 12.62]
[1473310800, 547.02, 549.67, 548.38, 549.1, 4.13285]
[1473307200, 548.36, 549.43, 548.99, 548.36, 1.76]
[1473303600, 548.29, 549.31, 549.22, 548.29, 3.17405132]
[1473300000, 549.2, 549.44, 549.22, 549.21, 10.49107042]
[1473296400, 549.2, 549.91, 549.43, 549.22, 2.55142348]
[1473292800, 548.82, 550.95, 550, 548.83, 7.62929999]
[1473289200, 548.96, 550.87, 550.14, 549.99, 10.40641001]
[1473285600, 548.46, 551.23, 549.6, 550.17, 8.64]
[1473282000, 547.89, 551.58, 549.51, 549.6, 21.9326]
[1473278400, 546.33, 549.99, 548.88, 548.32, 26.1335]
[1473274800, 546.31, 549.48, 546.31, 548.87, 23.73364859]
[1473271200, 546.18, 548.29, 546.99, 547.58, 10.11]
[1473267600, 544.51, 548.19, 547.26, 547.01, 10.66]
[1473264000, 544.1, 548.01, 546.6, 547.31, 14.5]
[1473260400, 544.62, 547, 544.68, 546.98, 18.06]
[1473256800, 544.64, 547, 545.95, 545.74, 21.39]
[1473253200, 538.46, 547.5, 544.96, 547.13, 37.4308]
[1473249600, 541.34, 546.82, 544.6, 544.96, 33.73]
[1473246000, 540, 545.6, 544, 544.5, 19.48]
[1473242400, 540.61, 545.14, 543.21, 545.04, 13.87724]
[1473238800, 542.14, 545.6, 544.7, 543.41, 10.97]
[1473235200, 540.5, 545.6, 545, 544.06, 27.8851995]
[1473231600, 543.84, 545.6, 543.84, 545, 27.7451759]
[1473228000, 543.81, 545.6, 545.02, 543.84, 11.09748065]
[1473224400, 545.01, 545.6, 545.56, 545.03, 7.4]
[1473220800, 545, 546.01, 546, 545.56, 5.27]
[1473217200, 545.59, 546.9, 546.21, 546.01, 11.1]
[1473213600, 546.2, 546.77, 546.21, 546.21, 2.74]
[1473210000, 545.75, 546.42, 546.3, 546.42, 2.4]
[1473206400, 545.34, 546.43, 546.34, 546.22, 2]
