[1457366400, 371.46, 374.05, 371.46, 373.19, 40.20775922]
[1457362800, 370, 373.47, 371.61, 371.42, 39.71670643]
[1457359200, 371.28, 376.02, 375.5, 371.97, 42.66648781]
[1457355600, 372.72, 375.5, 373.57, 374.53, 25.07693044]
[1457352000, 371.76, 373.8, 372.81, 373.57, 25.56]
[1457348400, 369.99, 373.12, 369.99, 372.77, 33.4028617]
[1457344800, 368.1, 370.08, 369.33, 370, 59.22717081]
[1457341200, 368.55, 370, 368.99, 370, 14.03420862]
[1457337600, 368.34, 369.56, 368.76, 369.32, 25.53218267]
[1457334000, 367.61, 369.96, 367.84, 368.01, 31.1855406]
[1457330400, 367.11, 369.14, 367.35, 367.44, 6.24997424]
[1457326800, 367.08, 367.75, 367.08, 367.75, 11.20840544]
[1457323200, 366.25, 368.31, 368.03, 366.91, 1.82]
[1457319600, 366.72, 368.2, 366.73, 368.16, 4.18525064]
[1457316000, 364.56, 366.01, 365.91, 366.01, 5.81109684]
[1457312400, 362.84, 366.52, 364.95, 366.52, 27.48372813]
[1457308800, 362.81, 368.05, 366.99, 364.32, 17.50206525]
[1457305200, 365.91, 370.53, 370.53, 366.7, 55.28801949]
[1457301600, 368.16, 371.14, 369.98, 370.79, 24.47628306]
[1457298000, 369.48, 370.53, 370.39, 370.23, 23.93985198]
[1457294400, 369.29, 370.83, 370.83, 370.38, 16.50254065]
[1457290800, 370.52, 371.98, 370.85, 370.83, 27.4481639]
[1457287200, 370.2, 370.94, 370.79, 370.83, 21.53615403]
[1457283600, 370, 370.94, 370.72, 370.79, 24.83721615]
[1457280000, 370.31, 371.82, 370.61, 370.78, 10.64397685]
[1457276400, 368.32, 371.42, 368.32, 370.5, 23.99561357]
[1457272800, 365, 368.41, 365.98, 368.19, 44.62804877]
[1457269200, 365, 367.27, 367.11, 365.98, 57.80151292]
[1457265600, 366, 369.28, 368.71, 367.08, 23.30724291]
[1457262000, 367.32, 369.62, 368.7, 368.29, 20.76645086]
[1457258400, 366.51, 370.58, 366.73, 368.7, 55.11104224]
[1457254800, 362.63, 367.13, 363.3, 366.32, 23.89420274]
[1457251200, 362.27, 364.97, 362.85, 363.14, 36.07]
[1457247600, 360.61, 362.85, 360.93, 362.85, 8.43570771]
[1457244000, 360.72, 361.37, 361.37, 361.26, 7.12]
[1457240400, 358.3, 362.15, 362.15, 361.34, 15.64617043]
[1457236800, 359.43, 362.59, 359.43, 362.15, 7.13110491]
[1457233200, 358.8, 359.85, 358.8, 359.4, 3.84]
[1457229600, 356.27, 361.37, 361.37, 358.85, 19.06302871]
[1457226000, 356.24, 363.53, 358.98, 363.53, 116.82958498]
[1457222400, 356.85, 361.78, 360.53, 359.01, 54.21476999]
[1457218800, 358.85, 363.22, 363.22, 360.5, 14.84080667]
[1457215200, 359.29, 363.22, 359.66, 363.22, 14.45469812]
[1457211600, 355.88, 362.53, 358.42, 360.97, 99.63873955]
[1457208000, 356.19, 361, 358.86, 358.42, 72.27862171]
[1457204400, 357.43, 360.33, 357.45, 358.86, 49.7178193]
[1457200800, 353.74, 359.5, 354.21, 357.51, 29.05589257]
[1457197200, 350.79, 358, 350.79, 358, 93.5526201]
[1457193600, 350.73, 361.73, 361.57, 350.79, 259.76590908]
[1457190000, 359.47, 362.19, 361.41, 361.57, 87.6794848]
[1457186400, 359.91, 362.19, 361.98, 361.53, 62.38385868]
[1457182800, 360.01, 361.98, 361.72, 361.98, 29.06151779]
[1457179200, 359.85, 362.34, 361.49, 361.72, 39.24925481]
[1457175600, 360.1, 362.62, 362.07, 361.52, 46.55536582]
[1457172000, 360.25, 365, 361.59, 362.03, 43.47186178]
[1457168400, 355, 371.41, 370.85, 361.59, 160.64956638]
[1457164800, 369.11, 371.42, 369.89, 371.4, 27.74]
[1457161200, 369.43, 372.17, 370.22, 370.33, 32.86328243]
[1457157600, 370.19, 370.93, 370.93, 370.19, 19.88935025]
[1457154000, 369.81, 370.98, 369.98, 370.98, 2.74]
[1457150400, 363.75, 370.2, 363.75, 370.09, 14.40831798]
[1457146800, 363.86, 365.46, 364.8, 363.86, 23.75545239]
[1457143200, 360.02, 365.79, 364.76, 364.6, 72.50882464]
[1457139600, 364.82, 370.35, 368.02, 364.82, 35.14116029]
[1457136000, 367.43, 370.94, 370.84, 368.02, 21.43979413]
[1457132400, 370, 373.25, 370.87, 370.84, 64.47224572]
[1457128800, 372, 374.81, 373.96, 372, 10.75252862]
[1457125200, 368.34, 374.21, 372.81, 373.96, 67.26518259]
[1457121600, 372.97, 379.15, 378.52, 372.97, 112.69351792]
[1457118000, 378.5, 380.42, 379.95, 378.93, 29.07393511]
[1457114400, 378.51, 380.93, 380.73, 379.91, 23.71021674]
[1457110800, 378.33, 382.68, 382.47, 380.74, 66.03]
[1457107200, 380.43, 382.69, 381.71, 382.47, 11.40922209]
[1457103600, 380.86, 383.21, 381, 382.42, 40.2]
[1457100000, 378.91, 381.85, 381.02, 381.05, 33.43]
[1457096400, 379.92, 382.61, 381.65, 381.13, 56.69109122]
[1457092800, 379.33, 382.73, 379.34, 381.94, 19.91573905]
[1457089200, 378.34, 381.95, 381.7, 380.26, 13.47882853]
[1457085600, 381.7, 383.65, 382.72, 381.7, 21.69615003]
[1457082000, 382, 384.24, 384.01, 382.71, 26.33918889]
[1457078400, 384.47, 386.41, 386.17, 384.47, 14.5519259]
[1457074800, 384.55, 386.35, 385.47, 386.3, 17.44214649]
[1457071200, 383.53, 386.2, 384.56, 385.47, 6.23]
[1457067600, 383.79, 385.49, 385.49, 384.59, 5.77788734]
[1457064000, 384.77, 386.02, 386.02, 385.63, 0.89]
[1457060400, 384.27, 385.21, 384.74, 385.21, 2.88211639]
[1457056800, 384.54, 385.46, 385.29, 384.58, 2.06]
[1457053200, 382.57, 384.31, 382.6, 384.21, 14.79643597]
[1457049600, 382.28, 383.72, 383.24, 382.67, 14.86770657]
[1457046000, 381.75, 384.06, 384, 382.88, 13.95337777]
[1457042400, 381.95, 384.23, 383.36, 384.06, 13.40848933]
[1457038800, 379.22, 384.52, 380.97, 383.29, 48.5]
[1457035200, 377.44, 380.95, 378.94, 380.75, 22.4658554]
[1457031600, 378.37, 383.09, 382.72, 378.89, 48.49184852]
[1457028000, 382.59, 384.23, 383.31, 383.3, 31.8351242]
[1457024400, 382.06, 386.61, 383.33, 383.31, 89.55467859]
[1457020800, 381.9, 387, 386.22, 383.33, 32.3500854]
[1457017200, 385.27, 387.6, 387.58, 386.22, 18.78252786]
[1457013600, 387, 388.21, 388.18, 387.58, 20.69801587]
[1457010000, 387.26, 388.18, 388.13, 388.18, 8.86]
[1457006400, 386.13, 388.14, 386.14, 388.14, 36.9015997]
[1457002800, 386.13, 388.12, 387.97, 386.96, 32.00079389]
[1456999200, 385.4, 388.09, 387.6, 387.97, 42.52490607]
[1456995600, 386.5, 388.09, 386.5, 388.09, 56.89923559]
[1456992000, 380.74, 386.56, 381.23, 386.56, 180.51797269]
[1456988400, 380.25, 384.62, 383.05, 381.23, 73.40088049]
[1456984800, 379.54, 383.52, 380.72, 381.66, 24.74429796]
[1456981200, 380.36, 384.97, 381.8, 380.72, 49.16161615]
[1456977600, 376.19, 384.76, 382, 380.44, 50.91177077]
[1456974000, 383.99, 387.83, 387.83, 383.99, 60.09947361]
[1456970400, 386.06, 387.77, 386.06, 387.77, 22.56972]
[1456966800, 384.75, 386.62, 385.65, 386.06, 3.167972]
[1456963200, 382.23, 389.42, 387.01, 386.18, 44.46936566]
[1456959600, 386.38, 391.58, 390.5, 386.45, 52.68988415]
[1456956000, 390, 394.32, 394.32, 390.67, 30.24635705]
[1456952400, 394.05, 395.59, 395.1, 394.33, 40.36802182]
[1456948800, 394.98, 395.97, 395.27, 395.17, 34.46502575]
[1456945200, 394.63, 395.96, 395.44, 395.27, 22.69546293]
[1456941600, 394.05, 395.88, 395.15, 395.45, 28.07]
[1456938000, 394.2, 395.99, 395.52, 395.17, 23.32788655]
[1456934400, 395.81, 395.99, 395.98, 395.99, 20.38]
[1456930800, 394.72, 395.99, 395.46, 395.98, 9.6]
[1456927200, 394.05, 395.99, 395.75, 395.46, 48.74482979]
[1456923600, 394, 395.99, 395.99, 395.74, 41.98579249]
[1456920000, 395.69, 398.09, 397.35, 395.99, 43.25327961]
[1456916400, 397.33, 398.96, 398.94, 397.34, 55.74799699]
[1456912800, 398.07, 399.05, 398.59, 398.92, 22.49988021]
[1456909200, 397.34, 398.95, 397.99, 398.87, 14.59]
[1456905600, 397.34, 399.11, 399.11, 397.99, 21.81426587]
[1456902000, 397.33, 399.94, 399.89, 397.93, 38.01553636]
[1456898400, 397.33, 399.92, 398.38, 399.92, 13.37]
[1456894800, 398.34, 399.95, 399.88, 398.35, 7.1635]
[1456891200, 399.14, 399.92, 399.92, 399.14, 8.04567]
[1456887600, 399.13, 399.92, 399.92, 399.54, 1.2]
[1456884000, 399.38, 399.94, 399.62, 399.92, 1.91]
[1456880400, 399.62, 399.95, 399.7, 399.62, 7.69]
[1456876800, 397.33, 399.69, 398.97, 399.67, 17.97078]
[1456873200, 397.34, 399, 398.32, 398.97, 17.0226]
[1456869600, 397.34, 399, 398.17, 398.34, 26.78750353]
[1456866000, 395.95, 399.7, 396.41, 398.04, 50.50893725]
[1456862400, 395.99, 397.81, 397.61, 397.17, 21.98999397]
[1456858800, 396.9, 399.7, 397.7, 397.53, 25.81945358]
[1456855200, 396.56, 398.11, 397.15, 397.7, 28.94315916]
[1456851600, 396.55, 399.7, 398.4, 398.05, 23.07008531]
[1456848000, 395.57, 399.65, 397.36, 398.37, 33.9689426]
[1456844400, 396.68, 399.79, 398.94, 397.36, 30.48766842]
[1456840800, 398.95, 400, 400, 398.95, 16.27491722]
[1456837200, 398.31, 400, 399.37, 399.91, 25.8072575]
[1456833600, 398.95, 400, 399.65, 399.54, 15.63511703]
[1456830000, 398.69, 400.61, 399.76, 399.63, 29.96474609]
[1456826400, 397.91, 401, 399.52, 399.4, 34.45239021]
[1456822800, 396.6, 400.34, 398.01, 399.48, 19.91]
[1456819200, 396.2, 398.88, 396.2, 398.29, 38.75605085]
[1456815600, 393.99, 399.5, 399.47, 396.2, 24.51342603]
[1456812000, 395, 399.5, 399.5, 399.49, 7.55]
[1456808400, 399.2, 399.5, 399.5, 399.23, 2.51]
[1456804800, 397.01, 401.99, 399.9, 399.5, 8.02]
[1456801200, 399.75, 401.88, 400.15, 401.88, 1.3376]
[1456797600, 398.86, 401.1, 401.03, 399.44, 3.51396279]
[1456794000, 395, 401.85, 401.14, 401.05, 26.0996]
[1456790400, 400.42, 401, 400.8, 401, 6.33821603]
[1456786800, 399.65, 400.8, 400, 400.8, 8.90479]
[1456783200, 396.5, 400, 399.79, 400, 12.95844486]
[1456779600, 396.03, 400.49, 400.21, 399.79, 35.56629202]
[1456776000, 399.01, 400.69, 400.64, 400.39, 20.69557785]
[1456772400, 399.01, 401.87, 401, 400.38, 31.78095169]
[1456768800, 399, 401.98, 401.64, 401, 36.86465357]
[1456765200, 399.01, 402.24, 401.09, 401.67, 30.34121508]
[1456761600, 400.04, 402.93, 400.51, 400.04, 13.87502526]
[1456758000, 399, 402.08, 401.01, 400.43, 34.68049264]
[1456754400, 399, 403, 400, 401.53, 78.92671051]
[1456750800, 399.36, 401.06, 400.08, 400, 36.6725271]
[1456747200, 399.07, 400.94, 400.5, 399.6, 48.21617614]
[1456743600, 398.96, 404.89, 404.5, 400.73, 45.80751749]
[1456740000, 398.57, 404.98, 399.25, 402.96, 66.86606732]
[1456736400, 397.95, 399.49, 398.8, 399.19, 69.01064447]
[1456732800, 396.49, 399.95, 396.49, 398.99, 23.22891403]
[1456729200, 396.02, 400, 399, 396.5, 6.7668022]
[1456725600, 397.74, 399.21, 399.12, 399, 2.16]
[1456722000, 397.92, 399.65, 398.94, 399.65, 6.04081659]
[1456718400, 398.63, 399.96, 399.96, 399.08, 2.56178649]
[1456714800, 398.58, 400, 399.99, 400, 8.93493988]
[1456711200, 397.91, 400, 397.91, 400, 24.74393006]
[1456707600, 395.35, 397.99, 395.35, 397.97, 9.1695564]
[1456704000, 393.45, 396.44, 396.44, 395.35, 6.8092793]
[1456700400, 394.82, 398, 396.66, 396.68, 20.6823]
[1456696800, 394.45, 397.11, 397.1, 396.38, 16.2946674]
[1456693200, 394.62, 397.62, 397.61, 397.1, 35.6171019]
[1456689600, 396.47, 398, 397.89, 397.12, 11.71129963]
[1456686000, 396.56, 398, 396.93, 397.89, 21.51]
[1456682400, 395.74, 398, 396.91, 396.96, 41.4212029]
[1456678800, 396.01, 397.82, 396.5, 396.91, 14.87463999]
[1456675200, 396.01, 396.86, 396.86, 396.5, 2.32005]
[1456671600, 396.08, 397.85, 397.29, 396.86, 32.47914703]
[1456668000, 391.16, 397.42, 391.16, 396.85, 31.10760675]
[1456664400, 390.58, 392, 391.5, 390.93, 15.6781444]
[1456660800, 389, 391.51, 389.5, 391.5, 11.86977475]
[1456657200, 387.97, 390.38, 388.42, 389.51, 52.81650593]
[1456653600, 387.69, 389.69, 389.39, 388.73, 11.23040171]
[1456650000, 389.03, 390.18, 390.18, 389.4, 41.92698904]
[1456646400, 389.84, 390.88, 390.36, 390.15, 0.84479542]
