[1455926400, 377.58, 380.6, 378.04, 378.42, 12.45573866]
[1455922800, 376.82, 379.25, 377.22, 379.25, 13.25479841]
[1455919200, 376.01, 377.29, 377.18, 376.83, 15.27058081]
[1455915600, 376.27, 377.29, 377, 377.18, 3.48879272]
[1455912000, 376.57, 377.73, 376.57, 377.53, 4.77061695]
[1455908400, 376, 377, 376.37, 376.7, 14.3452274]
[1455904800, 375.94, 377.02, 376.67, 376.37, 20.18967047]
[1455901200, 376.02, 377.66, 377.28, 376.7, 23.01937524]
[1455897600, 376.02, 378.14, 377.96, 377.4, 21.29918546]
[1455894000, 377.38, 380.57, 379.42, 377.96, 23.32355201]
[1455890400, 378.53, 381.3, 379.7, 379.02, 22.05744665]
[1455886800, 378.33, 384.61, 378.62, 380.73, 43.46564635]
[1455883200, 377.95, 379.65, 377.98, 378.9, 22.06136359]
[1455879600, 376.14, 378.74, 377.46, 378.24, 8.63327673]
[1455876000, 377.15, 378.74, 377.89, 377.4, 9.33333506]
[1455872400, 376, 378.74, 376.75, 378.74, 8.03]
[1455868800, 374.99, 378.7, 376.39, 376.81, 43.89095849]
[1455865200, 374.5, 377.65, 377.38, 376.71, 18.35391481]
[1455861600, 376.03, 379.09, 379.09, 377.73, 3.15448875]
[1455858000, 378.86, 379.84, 379.08, 379.13, 3.68395373]
[1455854400, 377.57, 379.24, 379.08, 377.57, 3.9686]
[1455850800, 379.08, 379.69, 379.08, 379.37, 2.45257722]
[1455847200, 377.46, 379.7, 378.77, 379.12, 4.92921139]
[1455843600, 377.74, 379.7, 379.44, 378.88, 1.46818631]
[1455840000, 378.63, 379.65, 379.54, 379.42, 2.50659]
[1455836400, 377.5, 380.79, 380.73, 379.2, 22.70145058]
[1455832800, 378.65, 380.79, 378.69, 380.37, 23.02503972]
[1455829200, 377.88, 380.7, 379.38, 378.76, 52.07476242]
[1455825600, 377.9, 380, 377.9, 380, 34.38694898]
[1455822000, 375.53, 378, 377.52, 377.9, 8.00888888]
[1455818400, 376.29, 378, 377.85, 377.49, 15.80972]
[1455814800, 377.45, 379.49, 377.45, 377.91, 23.17765548]
[1455811200, 373.68, 378.44, 375.95, 377.45, 79.4387807]
[1455807600, 375.69, 380.1, 378.94, 375.7, 21.99665624]
[1455804000, 377.17, 380.09, 377.69, 379.1, 17.84093947]
[1455800400, 376.81, 382.68, 382.53, 377.66, 31.93199299]
[1455796800, 380.03, 382.53, 380.59, 382.34, 18.93394474]
[1455793200, 379.33, 382, 380.27, 380.79, 26.32126247]
[1455789600, 379.17, 382.01, 379.67, 380.5, 37.21718065]
[1455786000, 377.76, 379.99, 379.72, 379.67, 18.08]
[1455782400, 375.98, 379.76, 377.41, 379.72, 30.93373564]
[1455778800, 375.82, 378.42, 377.48, 376.74, 23.5470868]
[1455775200, 376.47, 377.5, 376.48, 377.5, 2.37]
[1455771600, 374.98, 376.71, 376.2, 376.48, 12.19946163]
[1455768000, 374.08, 376.43, 375.69, 375.7, 2.8]
[1455764400, 375.54, 377, 375.93, 375.54, 4.18084865]
[1455760800, 375.24, 376.09, 376.09, 375.91, 0.63856864]
[1455757200, 374.42, 376.79, 374.42, 375.24, 5.35269551]
[1455753600, 373.01, 374.82, 374.06, 374.39, 7.2285618]
[1455750000, 373, 376.57, 376.57, 373.53, 24.5618387]
[1455746400, 375.85, 377.36, 375.85, 376.57, 21.28865328]
[1455742800, 375.47, 377.45, 377.45, 375.5, 31.83432928]
[1455739200, 375.97, 378, 376.37, 377.98, 31.201765]
[1455735600, 375.4, 377, 376.19, 376.4, 18.53]
[1455732000, 373.1, 376.3, 374.57, 376.19, 18.93524122]
[1455728400, 372.5, 381, 377.55, 374.68, 132.51519151]
[1455724800, 373.64, 380.82, 376.29, 377.18, 89.07470091]
[1455721200, 373.01, 378.31, 376.75, 376.52, 106.6995]
[1455717600, 374.49, 376.99, 376.2, 376.75, 39.42185485]
[1455714000, 372.51, 377.39, 372.75, 376.2, 33.27825109]
[1455710400, 371.41, 374, 371.55, 372.95, 22.65819962]
[1455706800, 370.46, 373.65, 373.52, 371.48, 36.75477884]
[1455703200, 371.08, 373.6, 372.4, 373.52, 56.15916894]
[1455699600, 371, 373.94, 371.89, 372.17, 74.22093054]
[1455696000, 369.26, 372.77, 369.5, 372.35, 43.7217221]
[1455692400, 368, 369.89, 369, 369.89, 30.63722106]
[1455688800, 366.34, 369.62, 366.34, 368.96, 14.62545359]
[1455685200, 365.66, 367.25, 366.17, 365.93, 2.77107763]
[1455681600, 365.18, 369.6, 365.43, 366.17, 14.62299972]
[1455678000, 364.75, 366.13, 365.39, 365.22, 8.80995156]
[1455674400, 364.78, 366.67, 364.78, 365.4, 15.81501]
[1455670800, 364.69, 366.28, 366.28, 365, 2.160647]
[1455667200, 365, 368.12, 366.35, 366.38, 45.56008045]
[1455663600, 365, 367.04, 365.91, 366.24, 25.03002587]
[1455660000, 363.72, 366.82, 364.7, 365.91, 33.04726039]
[1455656400, 363.84, 366.86, 364.67, 365.03, 39.51982058]
[1455652800, 363.71, 366.81, 365.39, 363.78, 68.43937834]
[1455649200, 364.04, 365.75, 365.7, 365.02, 17.51026479]
[1455645600, 364.12, 365.99, 365.86, 365.67, 9.22763831]
[1455642000, 364.46, 365.89, 364.46, 365.86, 33.35243035]
[1455638400, 363.08, 365.17, 364.4, 364.54, 18.18921237]
[1455634800, 363.31, 365.39, 363.7, 364.55, 163.75783968]
[1455631200, 361.01, 364, 361.97, 364, 41.76763889]
[1455627600, 359.72, 361.99, 359.91, 361.96, 13.43781]
[1455624000, 359.87, 361.38, 361.38, 360.78, 45.91371536]
[1455620400, 359.01, 361.4, 360.15, 361.36, 15.60364336]
[1455616800, 359.04, 361.36, 359.98, 359.91, 19.78705625]
[1455613200, 359.2, 361.45, 359.5, 359.56, 12.01016858]
[1455609600, 358.9, 360.77, 359.85, 359.5, 17.53589043]
[1455606000, 359.58, 360.59, 360.03, 359.95, 13.17772354]
[1455602400, 358.69, 360.03, 358.82, 360.03, 6.02112613]
[1455598800, 358.58, 360, 359.4, 358.72, 1.1592828]
[1455595200, 359.16, 360, 359.57, 359.4, 3.98883642]
[1455591600, 357.37, 359.45, 357.37, 359.45, 8.92347492]
[1455588000, 357.01, 357.43, 357.3, 357.43, 3.7542186]
[1455584400, 356.14, 357.4, 357.39, 357.4, 12.26946281]
[1455580800, 356.37, 357.39, 356.63, 357.39, 7.5557348]
[1455577200, 356.21, 356.77, 356.48, 356.49, 41.348]
[1455573600, 355.32, 357.77, 355.62, 356.71, 14.57089227]
[1455570000, 353, 357.61, 356.36, 354.58, 60.64202317]
[1455566400, 356.23, 360.2, 359.3, 356.32, 51.29004766]
[1455562800, 357.7, 360.42, 360.25, 359.23, 20.28066213]
[1455559200, 359.5, 360.97, 360.96, 360.5, 6.01]
[1455555600, 358.85, 361, 359.21, 360.93, 19.19276105]
[1455552000, 357.88, 360.99, 360.38, 359.21, 17.00884834]
[1455548400, 359.47, 360.84, 360.62, 360.39, 22.16254736]
[1455544800, 358.96, 360.74, 360.19, 360.62, 7.690565]
[1455541200, 358.91, 361.47, 360.41, 360.46, 18.32496919]
[1455537600, 356.02, 361.08, 356.91, 360.41, 31.36896456]
[1455534000, 356, 357.26, 356, 356.92, 12.74526091]
[1455530400, 356, 360.2, 360.12, 356, 59.24835774]
[1455526800, 359.67, 361.52, 360.16, 359.73, 13.5626]
[1455523200, 359.01, 361.99, 361.99, 360.32, 23.81716675]
[1455519600, 360.75, 362, 361.43, 362, 13.53332584]
[1455516000, 359.88, 361.63, 360.94, 361.48, 9.37947611]
[1455512400, 360.72, 362.16, 360.72, 360.95, 6.25786627]
[1455508800, 360.41, 361.41, 361.16, 360.5, 9.40585249]
[1455505200, 360.43, 361.49, 361.49, 361.14, 1.14]
[1455501600, 360.83, 361.5, 360.83, 361.49, 0.90771729]
[1455498000, 356.93, 361.76, 361.76, 359.54, 11.51655065]
[1455494400, 358.39, 364, 361.64, 361.8, 24.44705161]
[1455490800, 357.63, 362.38, 358, 362.38, 34.05002409]
[1455487200, 356.01, 358, 356.24, 358, 12.22085]
[1455483600, 354.38, 356.91, 355.77, 356.01, 13.78]
[1455480000, 355.16, 356.77, 356.76, 355.78, 5.57151156]
[1455476400, 356.33, 357.76, 357.51, 356.76, 4.89544592]
[1455472800, 355.08, 357.89, 357.26, 357.55, 18.93310055]
[1455469200, 353.77, 357.98, 356.85, 357.26, 18.10260879]
[1455465600, 355.36, 357.99, 356.63, 356.82, 14.06338542]
[1455462000, 351, 358, 355.24, 356.61, 30.31317931]
[1455458400, 352.98, 355.93, 352.98, 355.25, 35.11965629]
[1455454800, 348.56, 354.06, 353.56, 352.98, 12.46048517]
[1455451200, 351.17, 355.14, 354.53, 353.77, 18.18800487]
[1455447600, 349.42, 356.66, 356.21, 354.56, 20.03714474]
[1455444000, 354.16, 356.16, 355.12, 356.02, 14.78724432]
[1455440400, 352.5, 355.54, 353.51, 355.13, 10.99683629]
[1455436800, 345, 354.99, 353.24, 353, 22.64945881]
[1455433200, 352.43, 353.61, 353.34, 353.25, 6.55659]
[1455429600, 352.15, 353.21, 352.15, 353.21, 3.79700004]
[1455426000, 351.76, 352.13, 351.8, 351.76, 2.07575281]
[1455422400, 351.8, 353.56, 353.2, 351.8, 4.28604342]
[1455418800, 352.3, 353.27, 352.53, 353.27, 7.42767269]
[1455415200, 352.46, 354.99, 352.71, 352.46, 10.44747154]
[1455411600, 351.05, 355, 351.46, 352.7, 44.69021165]
[1455408000, 347.13, 351.65, 347.13, 351.65, 19.00649776]
[1455404400, 345.53, 347.2, 345.53, 347.2, 9.56876003]
[1455400800, 345.3, 346.98, 346.81, 345.3, 7.29072651]
[1455397200, 343.8, 347.08, 346.65, 346.81, 22.59209603]
[1455393600, 346.01, 347.07, 346.6, 346.65, 8.27148902]
[1455390000, 345.58, 347.09, 346.51, 346.6, 13.15094762]
[1455386400, 345.89, 347.09, 345.97, 347.08, 6.77726826]
[1455382800, 344.99, 345.99, 345.55, 345.85, 9.74531798]
[1455379200, 344.79, 345.72, 345.2, 345.61, 12.07045838]
[1455375600, 344.56, 345.75, 345.48, 345.2, 15.19632237]
[1455372000, 344.51, 350, 345.6, 345.49, 101.48280206]
[1455368400, 345.25, 346.64, 345.37, 345.25, 10.39270278]
[1455364800, 345.31, 346.65, 345.8, 345.37, 15.93444853]
[1455361200, 345.8, 346.43, 346.17, 345.8, 12.30063]
[1455357600, 345, 346.17, 345.55, 346.16, 15.09413172]
[1455354000, 344.28, 346.44, 345.31, 345.48, 8.609156]
[1455350400, 343.74, 346.26, 346.24, 345.31, 15.62863575]
[1455346800, 344.72, 346.23, 345.23, 346.23, 9.7949]
[1455343200, 344.99, 346.54, 346.13, 345.47, 6.19500547]
[1455339600, 345.6, 346.3, 346.13, 346.13, 4.96760409]
[1455336000, 344.97, 346.99, 344.97, 346.43, 6.07611577]
[1455332400, 342.64, 344.96, 342.64, 344.96, 6.59461963]
[1455328800, 341.89, 342.99, 342.96, 342.45, 1.87230734]
[1455325200, 340.88, 342.5, 341.11, 342.3, 11.52849499]
[1455321600, 338.6, 341.29, 339.79, 341.29, 19.45]
[1455318000, 339.11, 339.81, 339.79, 339.78, 1.92]
[1455314400, 338.93, 339.79, 338.93, 339.19, 10.72]
[1455310800, 338.06, 339.77, 338.74, 338.8, 12.4182919]
[1455307200, 337.01, 339.55, 338.38, 339.05, 27.48]
[1455303600, 338.51, 339.51, 338.82, 338.51, 17.06494153]
[1455300000, 338.15, 339.94, 339.94, 338.88, 33.71651506]
[1455296400, 338.17, 340.29, 340.29, 339.97, 26.82094706]
[1455292800, 338.65, 340.96, 339.5, 340.28, 15.74356472]
[1455289200, 337.56, 339.5, 338.44, 339.5, 31.36138391]
[1455285600, 337.83, 339.99, 338.79, 338.45, 24.77355217]
[1455282000, 338.52, 339.64, 339.13, 339.64, 14.67892595]
[1455278400, 336.28, 339.18, 337.45, 339.13, 67.56650874]
[1455274800, 336.59, 337.96, 337.49, 337.29, 17.90281395]
[1455271200, 337.01, 338.19, 337.44, 337.44, 20.40119808]
[1455267600, 335.69, 338, 337.5, 337.26, 21.11673958]
[1455264000, 335.41, 337.96, 335.73, 337.64, 26.94329715]
[1455260400, 335.33, 336.54, 335.72, 336.54, 18.61802]
[1455256800, 335.25, 336.3, 336.25, 336, 7.38183]
[1455253200, 325.89, 336.43, 335.9, 336.43, 87.15367687]
[1455249600, 334.83, 336.24, 334.83, 335.9, 9.16]
[1455246000, 334.79, 334.85, 334.85, 334.84, 0.29]
[1455242400, 334.82, 335.33, 335.21, 335.08, 1.44578898]
[1455238800, 334.46, 335.24, 335, 335.21, 4.79]
[1455235200, 333.47, 335, 334.96, 335, 19.18]
[1455231600, 331.68, 335, 332.92, 334.97, 17.28506089]
[1455228000, 330.76, 332.76, 331.21, 332.76, 19.76157197]
[1455224400, 329.53, 331.25, 329.53, 331.15, 13.23377484]
[1455220800, 328.2, 329.95, 328.42, 329.51, 8.79]
[1455217200, 327.03, 329.6, 329.6, 328.89, 26.64874188]
[1455213600, 329.54, 332.62, 331.24, 329.54, 13.10588481]
[1455210000, 330.7, 332.59, 332.11, 330.93, 11.86996962]
[1455206400, 328.24, 332.11, 331, 332.08, 45.91446094]
