[1466006400, 615.3, 620.61, 615.53, 617.48, 47.15162807]
[1466002800, 610.22, 617.62, 616.45, 615.58, 80.0322779]
[1465999200, 610.83, 618.79, 614.44, 617.77, 56.48]
[1465995600, 607.06, 617.48, 608.8, 614.57, 17.64267605]
[1465992000, 607.38, 614.76, 610.09, 607.38, 42.09965669]
[1465988400, 599.64, 613.44, 604.99, 613.44, 76.55573163]
[1465984800, 599.01, 607.24, 605.25, 605, 58.80305341]
[1465981200, 602.53, 612.62, 605.59, 606.06, 62.48180549]
[1465977600, 602, 613.82, 611.01, 602, 35.75969812]
[1465974000, 608.52, 614.19, 609.27, 610.41, 13.11098637]
[1465970400, 608.11, 611.24, 610.59, 611.24, 9.4]
[1465966800, 608.96, 613.67, 613.67, 611, 38.02054]
[1465963200, 612.8, 615.66, 614.95, 612.83, 3.45]
[1465959600, 611.55, 615.02, 612.53, 615.02, 3.61]
[1465956000, 610.19, 614.91, 610.31, 612.39, 2.5631]
[1465952400, 610.19, 614.67, 613.44, 610.19, 7.836745]
[1465948800, 613.08, 616.06, 615.8, 615.92, 9.56867628]
[1465945200, 615.8, 620.75, 615.81, 615.81, 20.26]
[1465941600, 615.46, 620.5, 616.61, 615.81, 24.1]
[1465938000, 615.66, 621.79, 619.02, 618.41, 33.1260161]
[1465934400, 610.92, 622.5, 614.07, 618.65, 47.33325964]
[1465930800, 608.91, 615, 614.88, 610.41, 41.14073135]
[1465927200, 608.57, 619.98, 611.79, 614.88, 71.9445314]
[1465923600, 588.28, 612.98, 588.28, 612.98, 63.12644149]
[1465920000, 583.99, 609.97, 605, 590.15, 88.1594324]
[1465916400, 597.88, 615.23, 614.44, 604.1, 74.35449481]
[1465912800, 610, 619.04, 616.74, 615.08, 38.9434062]
[1465909200, 614.28, 622.02, 617.82, 616.74, 30.86070224]
[1465905600, 614.17, 623.78, 614.97, 617.98, 27.54]
[1465902000, 609.88, 619.99, 617.02, 619.04, 35.8839]
[1465898400, 616.45, 620.97, 618.41, 619, 17.1533]
[1465894800, 616.17, 624.02, 617.45, 620.97, 74.55171438]
[1465891200, 616.87, 624.68, 618.56, 620, 27.95207078]
[1465887600, 613.99, 627.46, 614, 621.17, 72.10831694]
[1465884000, 613.99, 624.96, 616.65, 614, 65.08083]
[1465880400, 614, 625, 615, 614.58, 37.32]
[1465876800, 615, 619.74, 619.13, 617.99, 9.15]
[1465873200, 616.4, 620.52, 618.9, 617.84, 4.7285]
[1465869600, 609.69, 619.13, 619, 618.95, 13.28627657]
[1465866000, 618.03, 622.71, 621.18, 619, 4.75]
[1465862400, 621.03, 628.15, 626.61, 622.93, 11.09349027]
[1465858800, 626.6, 628.58, 626.61, 626.61, 12.30152873]
[1465855200, 623.68, 634, 626.26, 626.61, 76.03164827]
[1465851600, 616.01, 626.99, 616.54, 626.59, 49.44823647]
[1465848000, 596.35, 622.66, 617.5, 616.97, 169.12832151]
[1465844400, 610, 619.98, 614.78, 619.98, 27.85]
[1465840800, 610, 617.74, 612.78, 612.32, 32.8550166]
[1465837200, 610.82, 620, 614.51, 614, 42.55964186]
[1465833600, 607.32, 620, 610.26, 615.39, 58.1489]
[1465830000, 595, 640.96, 634.05, 607.84, 182.88664393]
[1465826400, 624.77, 636, 624.77, 633.49, 26.52536909]
[1465822800, 621.7, 625, 625, 624.77, 21.46924244]
[1465819200, 621.3, 628.34, 628.23, 625, 41.50768325]
[1465815600, 616.71, 628.24, 618.53, 628.24, 53.35784858]
[1465812000, 608.84, 619.84, 611, 618.54, 36.49095602]
[1465808400, 608.99, 620.65, 620.54, 611, 94.43000335]
[1465804800, 610.71, 631.36, 613.81, 620.65, 67.90501875]
[1465801200, 602.8, 614, 602.8, 613.13, 34.10022849]
[1465797600, 595.33, 619.84, 605.56, 600.57, 99.5323045]
[1465794000, 605.67, 616.2, 606.38, 609.52, 37.88513229]
[1465790400, 604.64, 606.38, 604.64, 606.38, 19.42652576]
[1465786800, 600.24, 605.09, 601.73, 604.68, 25.97651]
[1465783200, 599.04, 604.48, 599.53, 603.85, 7.2087]
[1465779600, 596.12, 600.12, 596.45, 599.41, 4.37]
[1465776000, 596.16, 600.67, 600.67, 598.01, 20.23650339]
[1465772400, 596.99, 610, 604.81, 598.14, 56.805293]
[1465768800, 595.85, 606.4, 597.73, 603.83, 33.27326623]
[1465765200, 590.01, 602.7, 594.01, 597.73, 96.69930908]
[1465761600, 570, 599.64, 577.7, 594.05, 217.94806652]
[1465758000, 574.43, 579.7, 575, 577.7, 75.91462985]
[1465754400, 573.14, 577.86, 573.47, 574.8, 33.91908486]
[1465750800, 573.11, 584, 580.99, 573.15, 39.26437008]
[1465747200, 575.02, 581.44, 575.43, 580.99, 46.85560252]
[1465743600, 573, 576.1, 574.28, 575.5, 53.54673401]
[1465740000, 570.05, 574.66, 571.06, 574.11, 23.49161986]
[1465736400, 567.14, 577.88, 571.97, 571.19, 78.36301483]
[1465732800, 565.52, 573, 573, 571.97, 80.12640216]
[1465729200, 565.1, 576.52, 573.42, 570.77, 47.32130896]
[1465725600, 565.03, 573.43, 565.51, 573.19, 70.56022832]
[1465722000, 561.15, 567.9, 561.46, 566.45, 49.90830122]
[1465718400, 557.93, 562.08, 559.51, 561.44, 29.96101104]
[1465714800, 557.58, 560.79, 560.15, 559.51, 25.77004]
[1465711200, 557.57, 566.65, 563.72, 559.41, 53.76881779]
[1465707600, 562.04, 566.59, 566.59, 562.67, 10.17826847]
[1465704000, 563.79, 567.1, 564.8, 566.59, 14.86549411]
[1465700400, 553.26, 564.85, 553.71, 564.84, 8.54023977]
[1465696800, 552.15, 555.76, 552.23, 555.4, 36.13823723]
[1465693200, 544.13, 553.77, 549.8, 552.27, 50.52853771]
[1465689600, 535.48, 553.84, 540.34, 548.74, 113.96034552]
[1465686000, 522.93, 541.13, 522.93, 540, 146.25329978]
[1465682400, 521, 523, 522.4, 522.33, 26.51]
[1465678800, 521.02, 522.6, 522.59, 521.12, 4.34]
[1465675200, 521.34, 522.98, 521.39, 522.45, 11.01]
[1465671600, 521.34, 521.94, 521.6, 521.94, 15.15956638]
[1465668000, 520, 522.03, 521.8, 521.61, 29.5864312]
[1465664400, 520.68, 522.26, 521.15, 521.08, 13.89966728]
[1465660800, 520.15, 522.38, 522.38, 521.15, 11.84149937]
[1465657200, 520, 523, 520.52, 522.64, 34.92222843]
[1465653600, 519.59, 520.98, 520.98, 520.52, 29.45979]
[1465650000, 520.52, 521.43, 521.12, 520.98, 8.0887]
[1465646400, 519.75, 522.5, 519.75, 521.17, 27.75530951]
[1465642800, 519.75, 522, 521.23, 520.26, 19.36080933]
[1465639200, 520.47, 523.53, 522.2, 521.23, 35.36184153]
[1465635600, 519.61, 523.7, 520.71, 522.2, 15.42227]
[1465632000, 519.8, 522.71, 520, 520.7, 19.28]
[1465628400, 519.15, 520.16, 520.15, 520, 9]
[1465624800, 517.36, 520.16, 518.97, 519.56, 11.90969]
[1465621200, 518.57, 519.48, 519.28, 519.06, 3.60919119]
[1465617600, 518.74, 519.27, 518.74, 519.26, 3.30618695]
[1465614000, 518.48, 519.49, 519.45, 519.22, 1.39]
[1465610400, 516.66, 519.36, 516.79, 519.21, 14.72432103]
[1465606800, 515.34, 516.61, 515.34, 516.6, 1.7678147]
[1465603200, 514.98, 515.85, 514.98, 515.7, 49.95144534]
[1465599600, 513.8, 515, 514.55, 515, 13.60495895]
[1465596000, 513.8, 515, 514.73, 514.74, 5.39]
[1465592400, 514.18, 515, 514.83, 514.65, 24.64912472]
[1465588800, 513.53, 514.83, 513.93, 514.83, 22.62632536]
[1465585200, 513.29, 514.82, 513.63, 514.48, 30.58561867]
[1465581600, 511.92, 513.92, 513.42, 513.63, 16.62094244]
[1465578000, 512.29, 513.86, 513.03, 513.33, 18.31922674]
[1465574400, 509.1, 513.7, 512.12, 513.02, 40.27651274]
[1465570800, 510.73, 512.78, 512.39, 512.12, 6.8007]
[1465567200, 510, 513, 512.11, 512.23, 44.93]
[1465563600, 511.16, 513, 512.01, 512.32, 8.8249]
[1465560000, 510.13, 512.91, 510.67, 512.03, 10.6]
[1465556400, 510.66, 513.6, 513.01, 510.67, 15.5]
[1465552800, 510.84, 514.57, 513.82, 513.01, 33.05896263]
[1465549200, 512.72, 514.57, 513.84, 513.29, 21.37241008]
[1465545600, 509.63, 514.43, 511.87, 513.56, 39.01032]
[1465542000, 510.56, 514.46, 511.99, 513.87, 22.45728305]
[1465538400, 509.84, 514.14, 509.85, 511.99, 23.81070581]
[1465534800, 509.06, 511.65, 510.99, 509.85, 13.1878]
[1465531200, 510.18, 513.48, 511.67, 510.18, 22.65439568]
[1465527600, 511.54, 513.5, 513.49, 511.54, 0.96]
[1465524000, 510.36, 513.89, 512.02, 513.89, 10.6863]
[1465520400, 510.48, 513.66, 510.72, 512.01, 8.21106852]
[1465516800, 509.18, 511.2, 510.64, 510.47, 11.26287007]
[1465513200, 510.23, 512.63, 510.87, 511.04, 11.1928]
[1465509600, 510.14, 512.29, 510.86, 512.29, 9.44787161]
[1465506000, 509.48, 511.17, 510.68, 510.71, 5.33]
[1465502400, 509.36, 511.88, 511.7, 510.57, 17.95892]
[1465498800, 510.11, 511.9, 511.89, 511.68, 6.83964035]
[1465495200, 508.34, 513.41, 509.06, 510.81, 49.5134036]
[1465491600, 508.91, 512.29, 511.01, 508.91, 25.063322]
[1465488000, 509.1, 512.25, 509.58, 510.99, 22.93]
[1465484400, 508.49, 511.99, 509.55, 510.39, 42.65717893]
[1465480800, 505.8, 511.81, 507.99, 510.42, 69.23928464]
[1465477200, 508, 512.09, 509.98, 508, 30.73231762]
[1465473600, 509, 512.49, 511.51, 509.01, 40.71313573]
[1465470000, 510.91, 512.36, 511.31, 511.38, 25.21563809]
[1465466400, 509.96, 512.01, 510.25, 511.44, 36.26733313]
[1465462800, 509.98, 511.74, 510.91, 511.47, 24.035209]
[1465459200, 509.02, 512.09, 509.79, 510.69, 20.59452]
[1465455600, 509, 510.75, 509.05, 510.17, 16.22]
[1465452000, 509, 509.73, 509.01, 509.16, 3.7872]
[1465448400, 507.86, 510.01, 510.01, 509.08, 6.59]
[1465444800, 507.76, 510.31, 509.91, 509.4, 9.19]
[1465441200, 509.21, 510.36, 509.32, 510.06, 1.68]
[1465437600, 508.26, 509.87, 508.26, 509.47, 1.3607]
[1465434000, 507.34, 510.89, 510.89, 508.26, 8.31]
[1465430400, 509.2, 512.69, 512.69, 509.86, 6.0145]
[1465426800, 511.51, 513.45, 513.17, 512.62, 8.78627725]
[1465423200, 511.02, 513.18, 511.02, 513.17, 17.032912]
[1465419600, 509.44, 512.03, 510.35, 511.02, 25.16783464]
[1465416000, 509.26, 510.55, 510.25, 510.35, 19.0305859]
[1465412400, 507.79, 510.29, 509.65, 510.25, 21.7196]
[1465408800, 509.15, 511.18, 509.38, 509.68, 21.6710724]
[1465405200, 507.72, 510.68, 508.79, 509.73, 20.31]
[1465401600, 506.52, 509.38, 507.79, 508.79, 25.75738132]
[1465398000, 505.26, 509.35, 509.13, 507.91, 41.82507182]
[1465394400, 507.04, 510.41, 510.01, 509.33, 51.17487241]
[1465390800, 509.87, 512.03, 510.85, 510.12, 23.45]
[1465387200, 510.17, 513.83, 512.36, 510.66, 35.50240115]
[1465383600, 509.99, 514.09, 511.35, 512.23, 31.10864781]
[1465380000, 508.8, 512.41, 508.81, 509.35, 19.54290933]
[1465376400, 508.44, 513.92, 509.5, 508.53, 57.73654997]
[1465372800, 506.48, 509.49, 506.55, 508.41, 16.36]
[1465369200, 504.93, 507.36, 505.44, 505.96, 18.79]
[1465365600, 505, 507.55, 507.33, 505.6, 17.95780258]
[1465362000, 506.62, 507.78, 507.5, 506.65, 13.69088177]
[1465358400, 507.53, 509.28, 509.28, 507.53, 2.97]
[1465354800, 507.55, 508.27, 507.56, 508.27, 2.26180833]
[1465351200, 507.55, 509.39, 509.37, 508.05, 3.15877549]
[1465347600, 507.94, 511.09, 510.42, 509.37, 10.89638197]
[1465344000, 510.01, 511.05, 511.04, 510.42, 7.31]
[1465340400, 509.09, 511.05, 510.29, 511.04, 5.55846746]
[1465336800, 509.04, 511.04, 510.52, 511.04, 8.855]
[1465333200, 508.66, 510.52, 509.03, 510.52, 20.2136]
[1465329600, 502.83, 509.03, 506.58, 509.03, 54.10432]
[1465326000, 506.53, 508.84, 506.53, 506.59, 46.93561243]
[1465322400, 504.29, 507.64, 504.29, 506.41, 57.09678994]
[1465318800, 501.04, 505.16, 502.28, 505.13, 49.52313778]
[1465315200, 498.46, 508.18, 508.17, 502.45, 91.23005198]
[1465311600, 507.22, 511.29, 508.16, 508.18, 49.68508046]
[1465308000, 503.72, 516.97, 516.13, 507.93, 114.5202368]
[1465304400, 515.82, 520.3, 519.06, 516.52, 46.67233642]
[1465300800, 517.37, 520, 517.81, 519.99, 29.44291038]
[1465297200, 517.38, 519.95, 518.36, 517.39, 27.9379995]
[1465293600, 516.97, 518.79, 516.98, 518.79, 25.91655559]
[1465290000, 515.53, 519.35, 516.99, 517.56, 57.43058561]
[1465286400, 515.67, 518.97, 516.21, 516.99, 39.52483569]
