[1480406400, 693.26, 697.1, 693.31, 695.79, 21.09117343]
[1480402800, 693.31, 695.76, 693.81, 694.43, 11.61]
[1480399200, 690, 696.21, 694.7, 693.73, 17.2538]
[1480395600, 694.69, 695.57, 694.95, 695.57, 0.42]
[1480392000, 695.72, 695.8, 695.78, 695.8, 2.05]
[1480388400, 694.52, 695.8, 695.8, 695.76, 1.37]
[1480384800, 695.61, 695.8, 695.61, 695.79, 2.16]
[1480381200, 694.79, 695.62, 695.55, 695.62, 1.19]
[1480377600, 693.69, 695.36, 694.2, 695.36, 2.06492021]
[1480374000, 693.11, 695.01, 694.49, 694.73, 6.66436349]
[1480370400, 690, 695.07, 694.38, 695.07, 15.01956602]
[1480366800, 691, 696.5, 696.5, 694.38, 29.44793292]
[1480363200, 693.95, 699.17, 696.47, 696.5, 15.96487475]
[1480359600, 695.24, 699.9, 699.9, 696.48, 36.06467151]
[1480356000, 698.78, 701.96, 700.92, 699.9, 23.226772]
[1480352400, 698.01, 702.21, 698.01, 701.73, 17.27240968]
[1480348800, 695.58, 699.98, 696.67, 698.01, 25.07]
[1480345200, 694.96, 698.48, 698.37, 696.7, 11.09854203]
[1480341600, 693.17, 698.4, 694.79, 698.25, 26.46797521]
[1480338000, 694.37, 696.43, 695.15, 695, 13.3451]
[1480334400, 694.13, 696.71, 695.88, 694.8, 26.7402247]
[1480330800, 693.65, 697.29, 694.39, 697, 20.9940162]
[1480327200, 693.61, 696, 695.75, 693.61, 13.64611405]
[1480323600, 691.88, 695.76, 695, 695.75, 16.99520105]
[1480320000, 691.18, 697.18, 697.18, 695.24, 22.75]
[1480316400, 692.12, 697.45, 695.57, 697.45, 21.46]
[1480312800, 694.43, 696.22, 695.49, 695.46, 1.71]
[1480309200, 694.52, 696.02, 694.56, 694.52, 1.7]
[1480305600, 692.1, 698.28, 695.37, 695.24, 6.7]
[1480302000, 694.75, 699.35, 698.35, 695.51, 0.79]
[1480298400, 698.71, 701.94, 699.2, 698.97, 20.24282319]
[1480294800, 696.33, 699.4, 697.18, 699.35, 3.44708541]
[1480291200, 695.86, 702.19, 696.04, 696.5, 28.83544165]
[1480287600, 693.32, 697.77, 697.32, 695.96, 24.0495291]
[1480284000, 695.62, 699.88, 699.18, 697.32, 6.78953126]
[1480280400, 692.84, 700.58, 699, 698.98, 19.7]
[1480276800, 699.14, 700.18, 699.55, 699.4, 9.10210005]
[1480273200, 699.5, 701.59, 700.9, 700, 6.482241]
[1480269600, 700.17, 702.01, 700.8, 700.9, 4.96896602]
[1480266000, 700.79, 702.55, 701.93, 700.79, 4.17]
[1480262400, 700.3, 702.71, 702.02, 702.06, 10.74031904]
[1480258800, 700.54, 703.61, 701.99, 702.02, 11.29]
[1480255200, 700.81, 703.9, 703.9, 701.13, 4.23779516]
[1480251600, 703.15, 704, 703.97, 703.89, 6.97994]
[1480248000, 701.97, 704, 702, 703.85, 5.03198]
[1480244400, 698, 702, 698.77, 702, 9.24]
[1480240800, 698.52, 700.77, 700.6, 698.77, 5.195]
[1480237200, 690.58, 700.71, 700.13, 699.13, 21.62084961]
[1480233600, 699.24, 700.27, 699.96, 700.27, 3.7823422]
[1480230000, 699.95, 700.64, 699.96, 699.95, 2.1573]
[1480226400, 698.41, 701, 698.41, 700.97, 5.36596626]
[1480222800, 697.71, 698.13, 698.13, 697.71, 0.04398018]
[1480219200, 698.14, 698.83, 698.35, 698.14, 0.91]
[1480215600, 697.4, 699.14, 699.14, 698.7, 0.90258227]
[1480212000, 699.14, 700.4, 699.96, 699.14, 10.71268262]
[1480208400, 699.94, 700.41, 699.95, 700.18, 16.5449]
[1480204800, 698.06, 699.95, 699.82, 699.94, 11.90406249]
[1480201200, 698.57, 699.95, 699.68, 699.91, 4.855]
[1480197600, 698.53, 699.95, 698.82, 699.2, 3.46]
[1480194000, 698.36, 699.88, 699.69, 699.53, 4.11428]
[1480190400, 698.22, 699.72, 698.9, 699.69, 2.11102218]
[1480186800, 697.61, 699.57, 699.35, 698.92, 5.94]
[1480183200, 697.97, 699.95, 699.52, 699.35, 6.11007487]
[1480179600, 695.77, 699.95, 695.77, 699.18, 11.0092764]
[1480176000, 692.01, 695.8, 692.5, 695.76, 5.94875079]
[1480172400, 691.39, 695.43, 695.43, 692.5, 7.49605339]
[1480168800, 690.58, 698.99, 696.22, 694.78, 33.08650144]
[1480165200, 694.01, 698.3, 698.3, 696.22, 40.832671]
[1480161600, 698.29, 698.33, 698.31, 698.3, 5.69]
[1480158000, 698.31, 699.66, 698.5, 698.31, 8.54]
[1480154400, 698, 698.49, 698.41, 698.49, 6.47103278]
[1480150800, 698.4, 703, 702.42, 698.4, 5.65224553]
[1480147200, 698.4, 704.43, 704.34, 702.42, 25.89387674]
[1480143600, 703.81, 704.49, 704.02, 704.04, 4.51593972]
[1480140000, 703.8, 705.27, 704.07, 704.36, 2.901]
[1480136400, 703.82, 704.72, 704.66, 704.72, 1.751]
[1480132800, 703.82, 704.83, 703.94, 704.06, 2.624]
[1480129200, 704.76, 705.47, 704.98, 705.47, 0.1]
[1480125600, 703.86, 705.47, 704.77, 705.16, 0.97]
[1480122000, 703.8, 705.31, 703.83, 704.11, 2.82]
[1480118400, 703.81, 705.46, 704.06, 705.46, 5.04]
[1480114800, 703.8, 704.98, 703.81, 704.42, 4.371877]
[1480111200, 702.55, 703.54, 702.69, 703.01, 4.00551]
[1480107600, 699.62, 703.08, 699.88, 702.55, 11.65]
[1480104000, 698.38, 702.05, 701, 701.65, 24.47636263]
[1480100400, 699.03, 701, 699.68, 701, 3.54011421]
[1480096800, 698.01, 699.68, 699.17, 699.68, 13.39651798]
[1480093200, 698.35, 700.05, 700.01, 699.16, 10.25]
[1480089600, 698.36, 700.01, 700.01, 699.99, 18.61]
[1480086000, 700, 700.2, 700.01, 700.01, 10.090002]
[1480082400, 698.03, 700.2, 700.07, 700.1, 10.78]
[1480078800, 698.89, 701, 699.2, 700.07, 21.75]
[1480075200, 697.6, 700.37, 698.3, 699.98, 11.2893]
[1480071600, 697.15, 701, 697.16, 699.81, 22.42973245]
[1480068000, 695.82, 700.64, 698.8, 699.61, 21.79]
[1480064400, 695, 700.44, 697, 695.03, 29.15943433]
[1480060800, 696.16, 701.23, 701.23, 698.42, 8.86410136]
[1480057200, 701.12, 701.46, 701.34, 701.46, 12.95131865]
[1480053600, 700.67, 702.05, 700.67, 701.14, 4.419145]
[1480050000, 695.2, 700.9, 699.77, 700.53, 20.56872641]
[1480046400, 699.74, 701.5, 701.5, 699.75, 3.002263]
[1480042800, 701.5, 702.46, 702.46, 701.51, 3.646561]
[1480039200, 702.45, 704.91, 704.76, 702.45, 3.894359]
[1480035600, 705.16, 705.85, 705.6, 705.75, 1.1]
[1480032000, 704.72, 705.85, 705.81, 705.85, 2.99824728]
[1480028400, 704.7, 705.85, 705.23, 705.3, 7.11318812]
[1480024800, 704.7, 705.51, 704.7, 705.16, 8.14]
[1480021200, 704.7, 705, 704.77, 704.71, 6.97]
[1480017600, 704.7, 705, 704.97, 705, 11.85]
[1480014000, 701.51, 704.99, 701.63, 704.94, 5.214862]
[1480010400, 697.18, 702.34, 699.66, 702.19, 28.06088505]
[1480006800, 697.48, 699.96, 698.49, 699.74, 25.6285883]
[1480003200, 692, 698.51, 698.51, 697.68, 48.96928361]
[1479999600, 698.5, 702.22, 700.07, 698.51, 33.29246261]
[1479996000, 700.07, 705.18, 704.33, 701.42, 18.42194396]
[1479992400, 703.65, 705.58, 704.56, 703.93, 9.58]
[1479988800, 698.98, 705.37, 698.98, 705.22, 40.92]
[1479985200, 698, 704.71, 704.71, 698.98, 72.37082766]
[1479981600, 704.7, 709, 705.44, 704.71, 15.84190274]
[1479978000, 704.7, 709.94, 706, 705.02, 66.91]
[1479974400, 705.02, 709.86, 705.04, 706, 10.85]
[1479970800, 705.01, 706.56, 705.17, 705.23, 3.83]
[1479967200, 705.56, 708.62, 707.69, 707.45, 2.34]
[1479963600, 705.96, 708.38, 707.82, 705.96, 1.10225382]
[1479960000, 707.03, 708.32, 708.01, 707.04, 6.344]
[1479956400, 707.84, 709.12, 709.12, 708.3, 0.58532769]
[1479952800, 709.12, 709.98, 709.98, 709.87, 0.8855]
[1479949200, 709.94, 709.99, 709.94, 709.99, 0.575]
[1479945600, 708.29, 709.99, 708.29, 709.93, 3.903652]
[1479942000, 705.7, 708.97, 708, 708.24, 8.07857698]
[1479938400, 705.07, 708.63, 705.22, 707.84, 9.3783]
[1479934800, 705.71, 709.94, 708.71, 705.78, 14.86925059]
[1479931200, 706.27, 710, 706.51, 708.7, 10.53914108]
[1479927600, 705.05, 707.7, 707.49, 707.48, 23.12488555]
[1479924000, 705.1, 709.5, 706.1, 707.11, 6.0956]
[1479920400, 699.97, 709.97, 701.55, 706.1, 21.69]
[1479916800, 698.24, 711.21, 707.09, 703.02, 81.54337894]
[1479913200, 704.02, 709.73, 707.3, 706.79, 30.0307]
[1479909600, 704.02, 710.73, 708, 704.02, 35.2988488]
[1479906000, 705.93, 708.4, 706.37, 708, 11.038149]
[1479902400, 704.29, 706.83, 704.73, 706.71, 18.73543647]
[1479898800, 700, 704.84, 701, 704.84, 27.20911]
[1479895200, 701, 703.76, 702.54, 701.09, 13.31653522]
[1479891600, 702.5, 706.33, 704.01, 704.31, 9.76]
[1479888000, 703.83, 707.47, 704.73, 704.07, 15.75]
[1479884400, 702.52, 707.5, 705.37, 704.81, 15.10934446]
[1479880800, 702.44, 705.49, 702.44, 705.39, 3.03]
[1479877200, 702.02, 703.38, 702.54, 702.44, 0.68490934]
[1479873600, 702.08, 704.96, 703.63, 702.08, 3.36]
[1479870000, 703.48, 706.25, 706.24, 703.48, 0.88]
[1479866400, 703.97, 707.46, 707.46, 704.56, 4.17]
[1479862800, 703.41, 707.5, 707.47, 707.5, 0.75]
[1479859200, 702.64, 707.5, 707.5, 703.67, 11.72]
[1479855600, 706.19, 708.4, 708.37, 707.5, 5.88]
[1479852000, 705.3, 708.9, 708.52, 708.55, 9.56214516]
[1479848400, 706, 711.25, 708.51, 708.52, 9.87]
[1479844800, 708.51, 713, 712.91, 712.77, 13.541]
[1479841200, 706.93, 713.49, 712.91, 712.9, 22.91291672]
[1479837600, 705.98, 713.82, 709.94, 712.95, 11.3852286]
[1479834000, 704.09, 710.33, 710.33, 709.61, 12.52]
[1479830400, 701, 712.26, 710, 710.11, 50.29337658]
[1479826800, 709.87, 710, 710, 709.99, 11]
[1479823200, 700.44, 710, 701.74, 710, 37.802225]
[1479819600, 700.3, 703, 700.31, 701, 14.22]
[1479816000, 700.02, 702.3, 701.12, 701.69, 13.62328]
[1479812400, 700.03, 702.95, 702.92, 701.83, 28.52306703]
[1479808800, 699.86, 702.94, 699.86, 702.89, 7.74437855]
[1479805200, 697.86, 701.53, 701.43, 699.76, 14.89493025]
[1479801600, 697.83, 702.8, 699.44, 697.83, 41.28434687]
[1479798000, 698.26, 702.97, 698.33, 699.32, 18.25]
[1479794400, 697.53, 698.59, 697.91, 698.27, 4.05]
[1479790800, 697.91, 699.34, 699.34, 698.37, 1.08581709]
[1479787200, 694.9, 699.59, 694.9, 699.59, 1.8726555]
[1479783600, 693.46, 695.54, 695.15, 694.01, 0.84585366]
[1479780000, 693.89, 695.63, 695.11, 694.07, 2.8739]
[1479776400, 695.53, 696.96, 696.23, 695.53, 1.91]
[1479772800, 693.02, 700.3, 699.37, 693.02, 14.31600972]
[1479769200, 698.2, 700.73, 700.73, 699.43, 5.58642621]
[1479765600, 699.31, 701.39, 699.88, 701.02, 8.49978]
[1479762000, 697.51, 700.97, 700.02, 699.95, 10.4301]
[1479758400, 700, 702.92, 702.52, 700.58, 14.30008295]
[1479754800, 701.58, 704, 703.34, 701.6, 22.83708]
[1479751200, 701.82, 704, 702.95, 703.34, 8.18]
[1479747600, 696.02, 703, 701.29, 702.02, 21.80451683]
[1479744000, 696.04, 701.99, 697.39, 701.29, 11.65588857]
[1479740400, 695.42, 698.94, 695.57, 697.55, 22.566939]
[1479736800, 694.99, 697.86, 695, 695.56, 39.94188102]
[1479733200, 692.24, 695, 692.99, 695, 8.73638]
[1479729600, 689.81, 693.28, 692.52, 692.89, 29.86]
[1479726000, 692.51, 694.99, 694.11, 692.52, 27.56193692]
[1479722400, 693.07, 694.59, 693.5, 694.43, 6.48]
[1479718800, 693.21, 694.97, 694.95, 693.75, 17.14619672]
[1479715200, 694.41, 695, 694.6, 694.95, 8.70838395]
[1479711600, 693.62, 694.69, 694.1, 694.6, 3.835]
[1479708000, 689.03, 694.42, 689.84, 694.24, 13.63]
[1479704400, 689.85, 690.69, 690.34, 689.97, 1.97]
[1479700800, 689.84, 691.03, 691.03, 689.84, 0.59]
[1479697200, 689.94, 690.96, 690.88, 690.93, 3.31]
[1479693600, 689.61, 691.74, 689.98, 691.74, 1.3]
[1479690000, 686.19, 690.31, 690.02, 689.98, 20.83]
[1479686400, 689.31, 690.15, 690.09, 690.01, 2.18]
