[1481846400, 742.98, 745.2, 745.2, 744.71, 14.12]
[1481842800, 744.37, 745.2, 745.14, 745.2, 10.13]
[1481839200, 744.23, 745.86, 744.71, 745.14, 6.99756245]
[1481835600, 744.11, 745.39, 745.19, 745.11, 22.6624]
[1481832000, 744.12, 746, 745.99, 745.27, 19.37]
[1481828400, 744.12, 745.99, 744.18, 745.99, 12.9678308]
[1481824800, 744.14, 745.99, 745.33, 745.99, 20.03]
[1481821200, 735.39, 747.87, 746.21, 745.4, 828.50172402]
[1481817600, 745.99, 746.89, 746, 746.89, 36.22889951]
[1481814000, 744.57, 746, 745.56, 746, 14.696]
[1481810400, 736.1, 745.58, 744, 745.02, 98.9422049]
[1481806800, 743.4, 745, 744.39, 744.63, 39.24034097]
[1481803200, 743.23, 744.4, 744.16, 743.69, 15.00408579]
[1481799600, 737, 744.17, 739.81, 743.76, 70.02615405]
[1481796000, 734, 740.79, 738.76, 739.81, 79.82604718]
[1481792400, 736.99, 741.72, 741.71, 739.87, 46.91926775]
[1481788800, 739.11, 741.75, 740.99, 741.71, 21.44]
[1481785200, 736.08, 741, 740.61, 741, 21.42253883]
[1481781600, 735.18, 740.75, 740.65, 739.94, 52.72456742]
[1481778000, 738.22, 740.47, 739.53, 740.09, 6.5956367]
[1481774400, 739.07, 740.45, 740.37, 740.44, 2.4817]
[1481770800, 735.28, 740.46, 740.45, 740.39, 110.82511143]
[1481767200, 738.99, 740.46, 738.99, 740.46, 16.79327277]
[1481763600, 736.06, 739, 736.27, 738.99, 22.12941839]
[1481760000, 733.7, 737, 735.13, 737, 52.74075191]
[1481756400, 733.06, 736.91, 736.52, 735.13, 47.34912554]
[1481752800, 736.15, 736.87, 736.86, 736.86, 6.379548]
[1481749200, 732.94, 736.87, 735.01, 736.86, 93.127305]
[1481745600, 733.01, 735.62, 734.66, 735.02, 48.92529295]
[1481742000, 733.86, 735.72, 734.27, 734.65, 90.67910939]
[1481738400, 734.27, 735.53, 735.02, 734.77, 31.18535742]
[1481734800, 733.5, 735.03, 733.8, 735.03, 18.23583342]
[1481731200, 732.3, 733.81, 732.37, 733.8, 25.88908197]
[1481727600, 732, 736.11, 735.89, 732.02, 45.98069825]
[1481724000, 734.15, 736.84, 735.37, 735.93, 38.72]
[1481720400, 734.38, 736.49, 736.44, 735.53, 30.19089646]
[1481716800, 735.69, 736.86, 736.86, 736.48, 9.7524]
[1481713200, 735.27, 736.87, 736.37, 736.86, 27.4798]
[1481709600, 736.36, 736.87, 736.87, 736.36, 11.32874389]
[1481706000, 735.41, 736.87, 736.87, 736.87, 5.69707414]
[1481702400, 735.41, 736.87, 736.72, 736.87, 22.577]
[1481698800, 734.91, 736.73, 734.98, 736.73, 9.85833188]
[1481695200, 732, 736.48, 735.57, 735.35, 19.48]
[1481691600, 734.24, 737.07, 736.84, 735.75, 4.17452345]
[1481688000, 736.12, 737.76, 736.68, 737.76, 2.2]
[1481684400, 735.73, 736.67, 735.74, 736.67, 1.21]
[1481680800, 731.84, 735.75, 732.37, 735.75, 1.96102]
[1481677200, 731.68, 734.45, 732.14, 731.85, 4.25069102]
[1481673600, 731.56, 734.66, 733.44, 732.14, 23.31774364]
[1481670000, 733.7, 736.82, 735.46, 733.7, 30.81219162]
[1481666400, 735.12, 736.83, 736.48, 736.75, 8.87]
[1481662800, 735.53, 736.49, 735.55, 736.48, 17.70009723]
[1481659200, 734.98, 736.23, 735, 736.23, 17.5617]
[1481655600, 734.21, 736.81, 736.8, 735.24, 66.17773276]
[1481652000, 735.79, 737.1, 735.8, 736.8, 34.96556963]
[1481648400, 734.92, 738.36, 738.3, 735.77, 34.23130562]
[1481644800, 737.43, 738.41, 738.41, 738.31, 16.76349123]
[1481641200, 736.32, 738.41, 737.41, 738.4, 13.34]
[1481637600, 736.24, 738.39, 737.99, 737.46, 43.24]
[1481634000, 737, 738.42, 738.42, 738, 26.32]
[1481630400, 737.94, 738.42, 737.95, 738.42, 35.23]
[1481626800, 737, 737.95, 737.39, 737.95, 35.8743184]
[1481623200, 737.26, 737.95, 737.26, 737.27, 33.149]
[1481619600, 736.07, 737.27, 736.62, 737.27, 26.69269563]
[1481616000, 732.63, 736.76, 736.32, 736.76, 48.25475982]
[1481612400, 732.89, 736.64, 733.02, 736.4, 38.30547879]
[1481608800, 732.03, 733.73, 733.73, 733.02, 2.73]
[1481605200, 731.01, 735.16, 731.01, 732.72, 1.99794656]
[1481601600, 731.01, 735.27, 731.23, 734.49, 1.86371325]
[1481598000, 730, 740, 739.4, 730.3, 23.47984816]
[1481594400, 737.99, 739.47, 737.99, 739.47, 11.44832758]
[1481590800, 733.7, 737.99, 734.05, 737.95, 8.03306]
[1481587200, 733.7, 735.23, 733.98, 733.7, 14.46776]
[1481583600, 733.28, 734.99, 734.06, 734.31, 6.19998316]
[1481580000, 732.94, 735.22, 735.02, 733.74, 10.28685711]
[1481576400, 732.69, 736.44, 736.05, 735.21, 22.8435196]
[1481572800, 736.05, 737.96, 736.93, 736.37, 10.10563325]
[1481569200, 736.95, 739.14, 737.88, 736.95, 50.06658421]
[1481565600, 736.51, 739.21, 737.65, 737.82, 32.55749265]
[1481562000, 736.43, 739.35, 738.35, 737.53, 47.18806957]
[1481558400, 738.01, 738.8, 738.59, 738.36, 33.76617494]
[1481554800, 737.79, 738.78, 738.44, 738.43, 36.3]
[1481551200, 737.58, 741, 738.07, 738.76, 65.02266934]
[1481547600, 737.58, 741.75, 739.9, 738.07, 63.98083277]
[1481544000, 738.49, 741, 738.5, 739.92, 35.97644442]
[1481540400, 737.5, 739, 738.61, 738.5, 23.75221]
[1481536800, 734.98, 739.79, 734.99, 738.98, 29.63]
[1481533200, 732.44, 735, 732.99, 735, 25.18870033]
[1481529600, 731.15, 733, 731.76, 732.99, 24.62416479]
[1481526000, 726.51, 731.76, 730.1, 731.63, 34.5]
[1481522400, 730.05, 731.6, 730.05, 730.5, 1.02]
[1481518800, 730.01, 731.33, 731.33, 730.01, 2.05]
[1481515200, 731.32, 731.92, 731.69, 731.32, 0.47]
[1481511600, 729.21, 733.17, 732.69, 731.86, 44.24597905]
[1481508000, 732.7, 734, 734, 732.84, 0.97]
[1481504400, 733, 733.98, 733, 733.51, 1.38]
[1481500800, 731.45, 733.89, 731.98, 732.92, 13.36990912]
[1481497200, 731.44, 731.99, 731.97, 731.98, 2.42]
[1481493600, 730.38, 731.97, 731.4, 731.97, 11.96]
[1481490000, 730.51, 731.94, 731.24, 731.34, 5.14487843]
[1481486400, 730.31, 731.98, 730.69, 731.98, 13.24]
[1481482800, 730, 731.19, 730, 730.7, 7.39260563]
[1481479200, 729.67, 731.2, 730.19, 730, 4.06205284]
[1481475600, 728.84, 730.77, 729.68, 730.19, 9.15566]
[1481472000, 728.75, 729.85, 729.43, 729.82, 6.51822753]
[1481468400, 728.51, 729.43, 729.43, 729.43, 7.28296]
[1481464800, 728, 729.43, 728.8, 728.92, 9.3543736]
[1481461200, 727.77, 729.46, 729.44, 729.32, 15.19516561]
[1481457600, 728.96, 729.46, 729.39, 729.44, 6.137]
[1481454000, 728.87, 729.54, 728.95, 729.04, 7.25]
[1481450400, 727.86, 729.1, 729.06, 728.96, 10.9120428]
[1481446800, 726.95, 729.1, 726.95, 729.1, 9.022336]
[1481443200, 726.27, 728.43, 726.76, 728.43, 6.92]
[1481439600, 726.2, 726.78, 726.68, 726.74, 3.31]
[1481436000, 726.2, 726.7, 726.3, 726.47, 1.78]
[1481432400, 726.59, 727.22, 727.21, 726.59, 0.55]
[1481428800, 726.99, 727.9, 727.9, 726.99, 0.04375346]
[1481425200, 727.76, 727.9, 727.86, 727.9, 0.335]
[1481421600, 727.3, 730.01, 730, 727.54, 48.24284141]
[1481418000, 730, 730.38, 730.01, 730.38, 1.92369769]
[1481414400, 730, 734.99, 734.99, 730.01, 15.71197202]
[1481410800, 734.8, 735.2, 735.1, 734.95, 6.65]
[1481407200, 734.81, 735.2, 735.01, 735.2, 3.17]
[1481403600, 734.8, 735.01, 734.94, 735.01, 15.94]
[1481400000, 734.82, 735.01, 735, 735, 6.84]
[1481396400, 734.8, 735.23, 734.81, 735.01, 10.35]
[1481392800, 734.72, 736, 735.79, 734.81, 40.55009]
[1481389200, 734.23, 735.87, 734.24, 735.81, 6.36]
[1481385600, 733.64, 734.24, 734.23, 734.24, 4.98]
[1481382000, 733.61, 734.24, 734.24, 734.23, 17.11]
[1481378400, 733.53, 734.24, 734.21, 734.24, 18.70320586]
[1481374800, 733.49, 734.24, 734.02, 734.23, 5.26]
[1481371200, 733.48, 734.16, 733.48, 733.5, 13.43362305]
[1481367600, 732.58, 733.49, 732.59, 733.49, 18.85]
[1481364000, 732, 732.59, 732, 732.59, 11.862403]
[1481360400, 731.99, 732, 732, 732, 7.79]
[1481356800, 731, 732, 731.01, 732, 2.42]
[1481353200, 730.43, 731.91, 730.85, 731.06, 1.43]
[1481349600, 728.24, 731.99, 731.99, 730.85, 4.803274]
[1481346000, 731.44, 732, 731.99, 731.99, 1.21]
[1481342400, 731.44, 732, 732, 732, 1.49]
[1481338800, 731.22, 732, 731.23, 732, 1.56]
[1481335200, 729.83, 731.99, 730.25, 731.34, 2.457]
[1481331600, 730, 730.25, 730, 730.25, 2.43]
[1481328000, 728.56, 730.25, 729.64, 730, 5.48]
[1481324400, 729.76, 730.54, 730.54, 730.25, 4.39]
[1481320800, 730.31, 731.99, 731.13, 730.55, 5.39190779]
[1481317200, 726.26, 731.96, 730.42, 731.36, 29.67]
[1481313600, 729.13, 732.59, 730.21, 729.75, 11.97103853]
[1481310000, 727.56, 732.59, 731.99, 729.57, 19.9131641]
[1481306400, 731.13, 731.99, 731.63, 731.99, 21.34362134]
[1481302800, 729.08, 732, 731.29, 730.72, 31.17446714]
[1481299200, 730.75, 732.23, 732.23, 731.37, 16.26003918]
[1481295600, 730.99, 732.24, 731, 732.23, 20.6872978]
[1481292000, 730.75, 731, 730.86, 731, 11.49878579]
[1481288400, 726.5, 730.87, 727.98, 730.86, 19.45748958]
[1481284800, 726.05, 729.98, 727.5, 727.99, 48.75449318]
[1481281200, 726.05, 727.77, 726.68, 727.5, 17.89766]
[1481277600, 725.42, 726.68, 725.5, 726.67, 12]
[1481274000, 724.38, 725.38, 724.97, 725.38, 25.10780211]
[1481270400, 723.14, 724.99, 724.79, 724.97, 9.46]
[1481266800, 718.6, 724.8, 721.95, 723.56, 22.78]
[1481263200, 721.95, 723, 721.97, 721.95, 1.77]
[1481259600, 722.56, 723, 722.56, 723, 1.88]
[1481256000, 721.67, 722.56, 722.02, 722.56, 4.63]
[1481252400, 720.03, 722.18, 720.1, 722.03, 0.98333]
[1481248800, 721.15, 722, 722, 722, 0.90473474]
[1481245200, 721.98, 722, 721.99, 721.99, 1.23]
[1481241600, 719.67, 722.41, 719.67, 721.99, 5.18]
[1481238000, 718, 723.85, 723.85, 719.5, 14.75]
[1481234400, 721, 723.89, 722.79, 723.85, 21.97294]
[1481230800, 718.9, 723.97, 723.96, 720.94, 158.90294135]
[1481227200, 721, 724.71, 723.78, 721, 100.20624326]
[1481223600, 719.33, 724.71, 722.99, 723.79, 136.49616108]
[1481220000, 718.37, 723.89, 723.76, 722.92, 49.45099293]
[1481216400, 719.23, 724.6, 723.8, 723.72, 49.15095049]
[1481212800, 719, 724.61, 723.74, 724.44, 141.40928089]
[1481209200, 717.29, 723.75, 718.1, 719.72, 232.0708539]
[1481205600, 715.74, 719.57, 718.6, 718.31, 68.22567229]
[1481202000, 715.46, 718.6, 717.74, 718.6, 53.50538852]
[1481198400, 715.58, 717.92, 717.81, 717.74, 32.75]
[1481194800, 713.06, 718, 715.74, 717.62, 10.45]
[1481191200, 709.9, 716.81, 715.2, 715.77, 75.84073918]
[1481187600, 714.24, 716.09, 715.38, 715.68, 35.61927]
[1481184000, 713.7, 716.09, 714.35, 716.09, 25.7479174]
[1481180400, 710.65, 715.47, 710.69, 714.84, 21.4909978]
[1481176800, 711.07, 714.01, 712.46, 711.21, 9.547]
[1481173200, 713.02, 715.77, 713.45, 713.49, 3.38573148]
[1481169600, 711.6, 714.66, 711.73, 714.66, 0.87]
[1481166000, 712.13, 712.91, 712.33, 712.22, 1.3225]
[1481162400, 711.3, 712.58, 711.5, 711.72, 1.51]
[1481158800, 712, 712.84, 712.51, 712, 3.5996]
[1481155200, 713.12, 714.19, 713.87, 713.12, 1.1845]
[1481151600, 713.16, 716.19, 716.19, 713.9, 8.0952]
[1481148000, 714.31, 716.92, 715.73, 715.9, 31.7539491]
[1481144400, 715.71, 718.13, 716.06, 716.4, 16.55284327]
[1481140800, 716.49, 718.64, 717.07, 716.54, 21.83751568]
[1481137200, 716.22, 717.23, 716.98, 717.08, 13.78933831]
[1481133600, 713.36, 716.99, 713.74, 716.98, 29.73497302]
[1481130000, 713.36, 715.89, 714.11, 715.88, 26.33070849]
[1481126400, 712.02, 715.89, 715.24, 714.52, 45.55618794]
