[1456646400, 389.84, 390.88, 390.36, 390.15, 0.84479542]
[1456642800, 389.47, 391.5, 389.47, 390.76, 5.19]
[1456639200, 388.28, 389.5, 389.48, 389.5, 1.54]
[1456635600, 389.09, 390.13, 389.69, 389.09, 1.13674554]
[1456632000, 389.24, 389.69, 389.33, 389.69, 1.08]
[1456628400, 388.52, 389.38, 388.54, 389.38, 3.26602372]
[1456624800, 387.01, 389.3, 387.01, 389.3, 9.02569009]
[1456621200, 388, 391.1, 390.32, 388, 49.29026733]
[1456617600, 390, 395.56, 395.56, 390, 18.25849822]
[1456614000, 394.61, 395.93, 395.59, 395.92, 3.77552]
[1456610400, 394.06, 395.66, 395.64, 394.59, 11.56]
[1456606800, 394.01, 395.65, 394.4, 395.65, 13.57]
[1456603200, 394.18, 395.22, 394.63, 394.67, 5.24759434]
[1456599600, 394, 396, 396, 394.66, 5.61526112]
[1456596000, 394.8, 396.24, 395.91, 396, 13.34]
[1456592400, 393.29, 396.32, 393.29, 395.94, 17.91749287]
[1456588800, 392.8, 394.86, 394.77, 394.29, 27.8363]
[1456585200, 392.53, 395, 394.94, 394.83, 9.33]
[1456581600, 393.59, 395.14, 395.12, 394.97, 6.79]
[1456578000, 392.81, 395.21, 394.55, 395.12, 11.141]
[1456574400, 393.09, 395.65, 395.59, 394.24, 42.31125477]
[1456570800, 393.22, 396.08, 394, 394.88, 18.30449]
[1456567200, 393.32, 394, 393.8, 394, 17.38]
[1456563600, 393.53, 396.52, 396.48, 394, 17.75121643]
[1456560000, 395.37, 396.73, 396.39, 395.61, 6.34707328]
[1456556400, 395.36, 396.97, 396.49, 396.35, 5.84]
[1456552800, 396.09, 397.03, 396.09, 396.5, 7.17]
[1456549200, 395.03, 396.56, 395.63, 395.68, 5.04]
[1456545600, 395.34, 397.33, 397.33, 395.63, 3.31498828]
[1456542000, 397.08, 397.94, 397.46, 397.39, 3.774426]
[1456538400, 396.42, 397.46, 396.42, 397.46, 0.89]
[1456534800, 394.51, 397.23, 396.22, 396.42, 15.13527]
[1456531200, 393, 397.45, 393, 396.22, 30.14583476]
[1456527600, 389.95, 392.96, 390, 392.96, 13.00060279]
[1456524000, 387.61, 390, 387.92, 390, 18.30664829]
[1456520400, 386.01, 388, 387.56, 387.97, 43.72288727]
[1456516800, 386.43, 387.85, 387.51, 387.7, 18.07970057]
[1456513200, 386.54, 388.91, 388.67, 387.51, 42.66304404]
[1456509600, 387.14, 388.67, 388.29, 388.3, 9.9123589]
[1456506000, 387.04, 389.24, 387.89, 388.28, 31.81304228]
[1456502400, 387.34, 388.12, 387.34, 387.6, 13.71]
[1456498800, 386.04, 387.94, 386.65, 387.34, 22.5032]
[1456495200, 385.55, 387.4, 385.57, 387.18, 34.42900474]
[1456491600, 383.85, 386.81, 385, 385.4, 48.50204469]
[1456488000, 383.4, 385.74, 385.25, 385, 17.7162291]
[1456484400, 376.87, 385.51, 384.8, 385.25, 127.4883877]
[1456480800, 384, 386.18, 384.69, 384.8, 12.20608447]
[1456477200, 384.25, 386.31, 384.75, 385.87, 19.8538]
[1456473600, 384, 386.18, 384, 386.17, 16.0195113]
[1456470000, 382.64, 384, 383.45, 384, 2.6]
[1456466400, 383, 384.09, 383, 383, 4.79]
[1456462800, 381.09, 382.61, 381.09, 382.61, 2.19]
[1456459200, 380.8, 381.35, 381.09, 381.08, 3.32255372]
[1456455600, 381.53, 382.08, 382.05, 382.08, 0.88]
[1456452000, 381.35, 382.99, 382.12, 382.99, 7.48159839]
[1456448400, 381.91, 382.85, 382.85, 381.91, 2.73618577]
[1456444800, 382.84, 384.15, 384.15, 382.84, 4.57811432]
[1456441200, 383.46, 384.57, 384.34, 384.15, 4.45]
[1456437600, 382.52, 384.6, 384.5, 384.04, 20.26227456]
[1456434000, 383.48, 385.31, 384.69, 384.76, 16.78022647]
[1456430400, 382.95, 384.85, 384, 384.85, 20.24107726]
[1456426800, 382.22, 384.49, 384.12, 384, 12.27379845]
[1456423200, 382, 384.32, 383.4, 384, 12.4507461]
[1456419600, 382.64, 384.31, 383.48, 382.64, 24.87635825]
[1456416000, 382.11, 383.99, 383.14, 383.48, 11.45386434]
[1456412400, 382.3, 385.34, 384.23, 383.05, 32.59478175]
[1456408800, 382.3, 385.44, 383.7, 385.44, 35.06267475]
[1456405200, 379.91, 383.74, 380.78, 383.74, 35.85770999]
[1456401600, 372.22, 384.85, 384.58, 381.08, 93.55542406]
[1456398000, 378.81, 385.4, 385.4, 384.55, 66.10787954]
[1456394400, 385.14, 386.72, 385.43, 385.4, 20.80423345]
[1456390800, 385.42, 386.79, 385.65, 385.42, 11.9501]
[1456387200, 384.02, 385.78, 384.95, 385.65, 17.18618263]
[1456383600, 382.56, 385.61, 382.56, 385.5, 9.01889487]
[1456380000, 381.52, 383.29, 381.55, 382.96, 10.44]
[1456376400, 380.57, 382.86, 382.86, 381.06, 12.16242701]
[1456372800, 382.81, 383.72, 383.72, 383.39, 0.98811976]
[1456369200, 383.54, 386.81, 386.81, 384.55, 1.6042]
[1456365600, 384.76, 387.19, 384.76, 386.52, 1.07]
[1456362000, 385.63, 387.11, 386.39, 385.77, 4.97012519]
[1456358400, 385.35, 387.79, 385.69, 386.17, 15.5957474]
[1456354800, 383.66, 385.98, 384.37, 385.69, 21.06641225]
[1456351200, 384.48, 385.9, 385.33, 384.48, 12.25160295]
[1456347600, 383.68, 386.17, 384.86, 385.33, 28.23802571]
[1456344000, 384.14, 386.2, 385.43, 385.26, 48.40394365]
[1456340400, 383.97, 386.5, 383.97, 385.7, 44.20320385]
[1456336800, 382.86, 385.3, 384.57, 384, 12.00841538]
[1456333200, 382.5, 385.25, 383.93, 385.21, 33.24190139]
[1456329600, 382.55, 385.75, 385.75, 383.89, 31.59659133]
[1456326000, 382.01, 386.48, 383.55, 385.67, 33.21]
[1456322400, 380.53, 384.07, 382.01, 383.58, 37.04]
[1456318800, 381.12, 384.23, 384.23, 382.01, 14.34710706]
[1456315200, 381.13, 384.94, 381.78, 384.27, 35.66699641]
[1456311600, 380.5, 382.34, 380.75, 381.78, 18.3880526]
[1456308000, 381.24, 382.89, 381.24, 381.59, 17]
[1456304400, 378.6, 382.52, 379.18, 381.26, 33.58774645]
[1456300800, 378.17, 380.58, 379.02, 379.19, 50.08377738]
[1456297200, 376.55, 381.02, 376.55, 379.12, 49.52962724]
[1456293600, 374.5, 377.87, 374.94, 376.55, 53.35160584]
[1456290000, 373.18, 382.58, 381.35, 374.44, 11.5813247]
[1456286400, 382.06, 383.23, 382.07, 383.23, 3.36]
[1456282800, 380.73, 383.23, 383.18, 382.2, 16.5432578]
[1456279200, 383.24, 387.25, 385.29, 383.24, 9.86978716]
[1456275600, 384.34, 387.29, 384.34, 386.53, 6.1401057]
[1456272000, 380.99, 385, 381.66, 384.33, 12.08617892]
[1456268400, 380.96, 382.5, 382.36, 380.96, 13.14016002]
[1456264800, 380.31, 383.92, 382.47, 382.43, 26.43602462]
[1456261200, 381.1, 383.36, 382.25, 382.61, 26.42645506]
[1456257600, 379, 383.13, 379.77, 382.25, 29.78982445]
[1456254000, 375.9, 380.37, 375.96, 380.31, 52.57704539]
[1456250400, 375.78, 380, 378.62, 375.78, 30.45363613]
[1456246800, 376.97, 381, 380.6, 378.85, 34.12210396]
[1456243200, 378, 383.55, 383.41, 379.8, 20.95607655]
[1456239600, 382.49, 384.5, 384.47, 383.45, 19.37721161]
[1456236000, 383.54, 384.5, 384.23, 384.47, 13.61297574]
[1456232400, 383.58, 384.58, 383.91, 384.49, 19.90192048]
[1456228800, 382.35, 384.49, 383.9, 383.83, 17.65865438]
[1456225200, 383.45, 388.62, 385.01, 383.98, 30.47132053]
[1456221600, 383.59, 389.99, 385.23, 385.01, 22.60380226]
[1456218000, 381.73, 388.28, 383.62, 385.91, 43.9828369]
[1456214400, 380.01, 394.24, 394.24, 383.62, 58.97979913]
[1456210800, 394.28, 395.9, 394.99, 394.28, 13.28525218]
[1456207200, 394.5, 397.92, 397.56, 394.56, 2.24940039]
[1456203600, 397.15, 398.38, 397.65, 397.72, 2.81933883]
[1456200000, 396.84, 397.69, 397.69, 397.02, 1.43]
[1456196400, 397.16, 397.99, 397.99, 397.16, 0.2546794]
[1456192800, 397.74, 398.37, 398.24, 398.06, 3.80084015]
[1456189200, 397.66, 398.37, 397.66, 398.33, 2.68]
[1456185600, 397.14, 397.81, 397.15, 397.73, 7.46]
[1456182000, 395.88, 397.61, 395.88, 397.61, 5.5866]
[1456178400, 394.01, 397, 397, 395.88, 19.3115]
[1456174800, 395, 398.64, 398.23, 395.32, 68.84276038]
[1456171200, 397.45, 398.24, 397.6, 398.24, 7.548572]
[1456167600, 397.18, 398, 397.89, 397.6, 16.73260989]
[1456164000, 396.24, 398, 396.59, 398, 29.90399861]
[1456160400, 396.52, 398, 397.75, 396.52, 10.39475378]
[1456156800, 396.41, 397.85, 396.64, 397.85, 22.39751416]
[1456153200, 396, 398, 397.46, 396.64, 24.10317618]
[1456149600, 395.2, 398, 396.28, 397.25, 19.55580368]
[1456146000, 394.16, 396.28, 394.99, 396.28, 19.38493885]
[1456142400, 394.46, 395, 394.46, 394.79, 19.77383411]
[1456138800, 392.51, 394.6, 393.4, 394.6, 18.30031891]
[1456135200, 392.67, 393.48, 392.95, 393.21, 4.61]
[1456131600, 391.48, 394, 392.5, 391.65, 16.30545602]
[1456128000, 390.99, 394.1, 391, 392.49, 28.25572925]
[1456124400, 389, 391.15, 389, 391, 92.95931213]
[1456120800, 388.97, 391.81, 391.73, 389, 18.56757796]
[1456117200, 390.93, 392.73, 392.73, 391.1, 1.72236161]
[1456113600, 391.09, 392.71, 391.09, 392.71, 0.89]
[1456110000, 389.88, 391.57, 390.53, 390.64, 5.22999999]
[1456106400, 388.76, 391.51, 391.51, 389.76, 3.51574478]
[1456102800, 391.17, 392.68, 391.17, 392.68, 3.65291378]
[1456099200, 390.12, 394.48, 394.25, 391.46, 19.63633721]
[1456095600, 393.06, 394.62, 394.23, 394.33, 3.46725719]
[1456092000, 393.95, 394.93, 394, 394.11, 18.4762261]
[1456088400, 391.81, 394.3, 393.92, 394, 22.57260668]
[1456084800, 389.83, 395.89, 389.83, 393.93, 23.63857272]
[1456081200, 388.47, 391.16, 390.04, 390.08, 10.98809174]
[1456077600, 389.49, 391.55, 391.32, 390, 31.30352356]
[1456074000, 389.78, 395.44, 391.31, 390.75, 34.74868587]
[1456070400, 391, 395.53, 392.95, 391.6, 24.89239701]
[1456066800, 389, 393.28, 391.9, 392.91, 65.46862845]
[1456063200, 389, 400, 390.96, 391.71, 171.09684481]
[1456059600, 389.67, 399.87, 396.64, 390.96, 138.02963399]
[1456056000, 396.37, 399.46, 399.46, 396.37, 299.85570536]
[1456052400, 398.11, 400.47, 399.65, 400.47, 12.6417]
[1456048800, 398.5, 400.47, 399.66, 399.04, 10.22730442]
[1456045200, 396.16, 401.26, 400, 399.66, 62.55252743]
[1456041600, 398.77, 403.79, 400.36, 400, 38.17113466]
[1456038000, 393.62, 400.97, 394.5, 400.32, 27.4298764]
[1456034400, 391.22, 395.33, 395.18, 394.5, 13.0135]
[1456030800, 393.57, 395.44, 394.68, 395.44, 1.36]
[1456027200, 392.68, 395.68, 395.68, 392.68, 2.54299441]
[1456023600, 394.17, 395.93, 394.53, 395.29, 14.89897366]
[1456020000, 390, 395.07, 393.86, 394.51, 50.39109333]
[1456016400, 390.88, 394.27, 392.04, 394.27, 4.39127466]
[1456012800, 391.75, 395.5, 392.49, 391.75, 22.20028808]
[1456009200, 391.82, 397.5, 396.21, 391.82, 20.60949467]
[1456005600, 393, 396.21, 394.87, 396.21, 17.80582422]
[1456002000, 393.27, 397.38, 397.38, 394.89, 13.12823488]
[1455998400, 394.35, 398.5, 397.27, 397.49, 31.36482528]
[1455994800, 394.84, 398.5, 397.97, 397.26, 30.7533223]
[1455991200, 390, 397.92, 394.44, 397.82, 45.6943317]
[1455987600, 390.4, 394.74, 390.4, 394.5, 36.12766725]
[1455984000, 387.88, 390.41, 388.25, 390.41, 25.44959407]
[1455980400, 387.06, 388.74, 387.81, 387.85, 11.69203013]
[1455976800, 387.48, 390, 388.93, 387.82, 15.34564667]
[1455973200, 388.1, 390.66, 389.03, 388.6, 27.54493996]
[1455969600, 386.26, 390.04, 387.38, 389.04, 50.79427994]
[1455966000, 386.47, 389.19, 386.47, 387.39, 21.57433498]
[1455962400, 385.43, 386.94, 385.79, 386.53, 13.94371628]
[1455958800, 382.27, 386.71, 382.27, 385.8, 27.43915684]
[1455955200, 381.01, 384.19, 382.28, 382.27, 10.35722716]
[1455951600, 380.38, 383, 381.86, 382.4, 12.1670672]
[1455948000, 380, 385, 382.71, 380, 12.14077466]
[1455944400, 381.24, 384, 381.5, 384, 4.46]
[1455940800, 379.61, 381.5, 379.75, 381.5, 3.917932]
[1455937200, 379.4, 380.12, 379.84, 379.85, 1.722249]
[1455933600, 378.64, 380.88, 379.01, 379.41, 2.4408]
[1455930000, 378.54, 381.43, 378.62, 379.04, 19.929092]
[1455926400, 377.58, 380.6, 378.04, 378.42, 12.45573866]
