[1462406400, 390.75, 392.69, 391.51, 392.22, 4.09501]
[1462402800, 390.22, 392, 392, 391.51, 10.41]
[1462399200, 390.76, 392.68, 391.53, 391.47, 19.3445528]
[1462395600, 389.81, 392.32, 390.95, 391.26, 25.42]
[1462392000, 389.46, 392.25, 390.46, 391.05, 24.8046]
[1462388400, 389.07, 392.52, 390.58, 390.75, 42.69]
[1462384800, 390.11, 392.31, 390.86, 390.63, 64.81297194]
[1462381200, 390.6, 391.38, 391.38, 390.96, 6.382]
[1462377600, 390.61, 393.68, 390.96, 391.42, 23.5816]
[1462374000, 389.65, 391.32, 391.19, 391.02, 13.79]
[1462370400, 390.03, 391.36, 390.03, 390.36, 24.6848]
[1462366800, 389.34, 390.11, 389.5, 390.03, 15.3]
[1462363200, 387.72, 389.91, 389.71, 389.25, 11.14407751]
[1462359600, 388.38, 390.21, 390.15, 388.38, 19.6069937]
[1462356000, 390.01, 391.02, 390.87, 390.1, 20.18]
[1462352400, 390.37, 393.65, 393.55, 390.88, 29.20812199]
[1462348800, 392.53, 394.97, 393, 393.61, 26.72]
[1462345200, 392.98, 394.08, 393.78, 393, 8.1167]
[1462341600, 392.69, 394.32, 393.8, 393.78, 5.98]
[1462338000, 393.35, 394.37, 393.5, 394.21, 6.4941]
[1462334400, 392.54, 394.69, 392.85, 392.55, 6.839]
[1462330800, 393.1, 394.96, 393.34, 393.1, 1.3]
[1462327200, 392.9, 394.07, 393.31, 393.23, 0.43]
[1462323600, 392.94, 394.25, 393.66, 392.94, 1.24]
[1462320000, 393.19, 394.53, 393.19, 394.31, 2.14]
[1462316400, 393.02, 395, 394.46, 393.24, 8.31892]
[1462312800, 393.1, 395.61, 394.58, 394.04, 22.20493784]
[1462309200, 392.5, 395.48, 393.34, 394.62, 32.14564233]
[1462305600, 392.35, 395.53, 393.49, 392.53, 28.11845372]
[1462302000, 391.26, 393.76, 392.84, 393.28, 39.43677296]
[1462298400, 388.5, 392.6, 389.18, 392.6, 25.82036838]
[1462294800, 388.41, 390.7, 390.3, 389.7, 28.22192]
[1462291200, 388.26, 391.13, 389.67, 388.26, 26.8362]
[1462287600, 387.67, 391.08, 389.47, 389.46, 83.01577217]
[1462284000, 388.12, 391.08, 389.26, 389.4, 41.23790177]
[1462280400, 388.01, 390.58, 388.93, 389.38, 43.97029267]
[1462276800, 387.79, 390.4, 388.5, 388.85, 71.01736528]
[1462273200, 387.68, 389.29, 389, 389.05, 33.15097348]
[1462269600, 387.68, 389.54, 388.56, 388.99, 41.16822]
[1462266000, 388.05, 389.59, 389.25, 388.56, 33.00414]
[1462262400, 386.55, 400, 388, 389.74, 99.42320833]
[1462258800, 386.69, 388.57, 387.52, 388, 44.40055]
[1462255200, 387.4, 389.08, 388.54, 387.81, 14.333]
[1462251600, 386.36, 389.69, 387.22, 388.57, 16.43]
[1462248000, 386.9, 388.63, 386.9, 388.02, 13.24164152]
[1462244400, 384.5, 388.97, 386.22, 386.9, 19.04615]
[1462240800, 385.01, 386.27, 386.2, 386.22, 8.92457898]
[1462237200, 385.73, 388.91, 388.51, 385.73, 8.4749]
[1462233600, 387.36, 389.67, 387.97, 388.72, 10.30743]
[1462230000, 387, 389.61, 387.86, 389.04, 14.84]
[1462226400, 385.91, 389.5, 388.26, 388.06, 23.49973198]
[1462222800, 386.1, 389.29, 388, 388.67, 44.06396159]
[1462219200, 383.51, 388, 385.98, 387.99, 45.43948768]
[1462215600, 384, 387.14, 386.25, 385.97, 23.2714482]
[1462212000, 384.64, 388.45, 388.27, 386.47, 43.00523075]
[1462208400, 385.01, 388.48, 387.43, 388.27, 33.68044219]
[1462204800, 386.62, 399.49, 387.42, 388.12, 48.26505083]
[1462201200, 384.06, 388.97, 387.2, 388, 26.75734113]
[1462197600, 385.7, 389.79, 389, 386.49, 16.31694]
[1462194000, 387.5, 390.87, 387.5, 389.16, 12.8483]
[1462190400, 385.95, 388.69, 387.93, 387.5, 22.12369258]
[1462186800, 387.19, 393.13, 388.71, 388.31, 20.5318]
[1462183200, 384, 390.96, 385, 388.71, 40.89371608]
[1462179600, 383, 389.96, 389.01, 384.97, 94.36316925]
[1462176000, 389, 395.21, 395.18, 390.2, 70.94141912]
[1462172400, 395.22, 397.1, 397.01, 395.83, 13.071]
[1462168800, 397.01, 398.06, 397.37, 397.1, 3.58]
[1462165200, 397, 398.46, 398.34, 398.28, 4.3]
[1462161600, 397.01, 398.43, 398.41, 398.24, 3.84]
[1462158000, 397.1, 398.48, 398, 398.48, 2.46]
[1462154400, 397.01, 398.14, 397.97, 398.11, 1.37]
[1462150800, 397.01, 398.01, 397.32, 397.97, 2.2]
[1462147200, 397.29, 398.37, 397.45, 398.14, 2.17]
[1462143600, 397.3, 397.68, 397.64, 397.45, 3.67]
[1462140000, 395.02, 398.17, 397.31, 398.17, 14.13]
[1462136400, 396.62, 397.52, 397.44, 397.31, 7.98281577]
[1462132800, 393.57, 397.47, 396.59, 397.31, 31.28506996]
[1462129200, 395.51, 398, 395.51, 396.57, 18.63]
[1462125600, 395.08, 397, 397, 395.64, 20.83]
[1462122000, 396.18, 397.49, 397.12, 397, 6.68]
[1462118400, 396.16, 398, 397.18, 397.97, 7.5]
[1462114800, 397, 398.69, 397.53, 397, 5.20654287]
[1462111200, 396.18, 398.5, 397.34, 398.5, 8.3799276]
[1462107600, 395.03, 398.2, 396.51, 397.45, 20.4863]
[1462104000, 395.48, 397.01, 396.43, 395.49, 18.44437343]
[1462100400, 395.29, 398.5, 397.38, 398.5, 16.38]
[1462096800, 395.01, 397.26, 395.01, 397.09, 6.59736661]
[1462093200, 391, 396.66, 394.41, 396.66, 28.43800658]
[1462089600, 393.81, 394.61, 393.84, 394.41, 7.144395]
[1462086000, 392.39, 394.52, 394.43, 393.84, 6.628]
[1462082400, 392.39, 394.37, 394.2, 394.37, 4.98230306]
[1462078800, 392.54, 394.21, 393.26, 392.54, 3.46882]
[1462075200, 392.97, 393.25, 393.25, 393.21, 0.7]
[1462071600, 392.66, 393.14, 392.66, 392.98, 0.62936]
[1462068000, 392.66, 392.66, 392.66, 392.66, 0.53]
[1462064400, 392.62, 394.4, 394.4, 392.65, 3.42622134]
[1462060800, 394.12, 394.41, 394.34, 394.41, 2.24733177]
[1462057200, 393, 394.76, 394.68, 394.34, 21.3999]
[1462053600, 394.67, 395.88, 395.11, 394.68, 9.66802645]
[1462050000, 394.67, 396.71, 395.5, 395.05, 24.454]
[1462046400, 394.67, 395.5, 395.49, 395.5, 45.24708364]
[1462042800, 394.33, 395.55, 394.36, 395.49, 10.71419339]
[1462039200, 394.14, 397.04, 397.04, 394.28, 67.30410273]
[1462035600, 397.05, 397.82, 397.62, 397.05, 9.55888]
[1462032000, 397.62, 398.67, 398.36, 397.62, 7.69874812]
[1462028400, 398.04, 400.49, 398.98, 398.36, 14.6421]
[1462024800, 398.98, 400.81, 399.53, 398.98, 6.04201261]
[1462021200, 398.27, 399.92, 398.49, 399.91, 16.398069]
[1462017600, 397.62, 399.46, 399.46, 398.44, 3.999]
[1462014000, 398.36, 399.71, 399.57, 399.46, 7.11030283]
[1462010400, 397.29, 399.8, 399.38, 399.59, 18.7]
[1462006800, 396.51, 399.54, 399.13, 399.1, 47.00999667]
[1462003200, 398.11, 400.12, 399, 399.12, 22.14]
[1461999600, 397.16, 399, 398.41, 399, 13.427]
[1461996000, 398.16, 399.94, 399.33, 398.19, 18.47110046]
[1461992400, 399, 402.05, 400.12, 399.01, 14.67560896]
[1461988800, 399.88, 400.13, 399.89, 400.12, 0.54]
[1461985200, 399.84, 401.71, 400.42, 399.84, 1.66]
[1461981600, 399.84, 401, 401, 400.32, 0.5862]
[1461978000, 399.73, 402.04, 401.07, 400.46, 3.76]
[1461974400, 400.91, 405.96, 403.99, 401.49, 21.4316]
[1461970800, 399.25, 406.48, 402.25, 402.03, 11.0794]
[1461967200, 399.3, 404.76, 400.77, 399.6, 18.52860464]
[1461963600, 399.5, 400.78, 400.31, 400.78, 9.98395]
[1461960000, 399.57, 401.01, 400.43, 400.31, 21.94069064]
[1461956400, 398.34, 404.4, 399.8, 400.5, 29.52972872]
[1461952800, 398.09, 399.8, 398.1, 399.8, 30.46482038]
[1461949200, 396.65, 398.26, 396.65, 398.26, 12.42]
[1461945600, 396.64, 396.65, 396.65, 396.65, 18.93191755]
[1461942000, 395.1, 397.24, 395.48, 396.65, 69.1144784]
[1461938400, 395, 397.01, 395.87, 395.5, 108.80274514]
[1461934800, 395.66, 396.92, 396.56, 396.36, 154.0223062]
[1461931200, 395.38, 396.81, 395.38, 395.56, 28.10664081]
[1461927600, 395.19, 396.82, 396.49, 395.38, 7.17]
[1461924000, 395, 397.02, 395.62, 396.49, 22.90516331]
[1461920400, 394.01, 396.94, 395.88, 395.62, 38.1401]
[1461916800, 395.27, 397.04, 396.27, 395.93, 20.06565]
[1461913200, 394.72, 397.2, 395.97, 395.49, 43.3458]
[1461909600, 395.09, 397.15, 396.79, 395.1, 15.67]
[1461906000, 394.01, 396.72, 396.01, 396.41, 3.6438]
[1461902400, 394.01, 396.46, 395.22, 396.44, 8.3125]
[1461898800, 395.01, 397.39, 397.23, 395.01, 7.47]
[1461895200, 396.16, 397.45, 396.3, 397.45, 2.3588]
[1461891600, 396.2, 397.81, 397.26, 397, 1.85]
[1461888000, 396.48, 399.33, 398.58, 396.48, 4.4651]
[1461884400, 397.76, 398.85, 398.07, 397.79, 12.8991976]
[1461880800, 397.15, 407.5, 397.85, 398.15, 70.20534437]
[1461877200, 395.51, 398.49, 397.59, 397.44, 38.13250668]
[1461873600, 396.05, 401, 397.71, 397.59, 43.5437484]
[1461870000, 395.12, 397.69, 396, 397.69, 35.521847]
[1461866400, 395.46, 396.32, 395.9, 396, 24.08197472]
[1461862800, 394.25, 396.25, 395.26, 395.11, 21.40001]
[1461859200, 395.01, 397.05, 397.05, 395.4, 21.64955355]
[1461855600, 395.1, 397.94, 395.39, 397.87, 32.27208]
[1461852000, 393.41, 395.49, 395.05, 395.38, 27.53160132]
[1461848400, 395.05, 397.79, 396.43, 395.05, 49.40413792]
[1461844800, 393.28, 396.44, 394.6, 396.43, 17.64732059]
[1461841200, 393.35, 395.03, 393.7, 393.98, 41.81952037]
[1461837600, 390.17, 393.9, 391.76, 393.18, 33.75208966]
[1461834000, 388.32, 393.08, 393.08, 391.69, 79.05357103]
[1461830400, 393, 394.5, 393.26, 393.42, 34.04340208]
[1461826800, 390.96, 393.89, 391.28, 393.18, 36.53035895]
[1461823200, 389.05, 392.76, 391.32, 390.37, 20.36308]
[1461819600, 389.74, 392.68, 392.01, 391.61, 13.57]
[1461816000, 387.06, 392.26, 392.14, 392, 27.74]
[1461812400, 389.44, 393.53, 393.12, 391.45, 8.6776]
[1461808800, 391.88, 393.52, 391.88, 392.77, 3.5804]
[1461805200, 386.39, 392.33, 386.94, 391.84, 20.50711]
[1461801600, 385.59, 393.95, 393.69, 388.85, 38.82900863]
[1461798000, 392.23, 399, 395.09, 393.36, 15.22633511]
[1461794400, 395, 400.53, 399.38, 395.23, 59.92295218]
[1461790800, 395.03, 403.72, 403.59, 399.28, 99.27178483]
[1461787200, 402, 404.11, 403.75, 403.7, 41.49554677]
[1461783600, 402, 404.46, 403.73, 403.56, 38.07404]
[1461780000, 399.68, 404.45, 404.45, 403.71, 67.91]
[1461776400, 403.01, 404.76, 404.72, 403.01, 26.60883266]
[1461772800, 403.56, 405, 404.95, 404.72, 28.4779]
[1461769200, 404.44, 406.95, 405.29, 404.99, 41.63772573]
[1461765600, 402.42, 405.29, 402.79, 405.29, 36.23113019]
[1461762000, 391.84, 406.27, 403.29, 402.78, 200.69338852]
[1461758400, 398.92, 416.03, 413.02, 403.29, 109.27115361]
[1461754800, 412.51, 413.21, 412.94, 413.21, 6.83]
[1461751200, 411.01, 413.79, 412.51, 412.51, 46.89]
[1461747600, 411.32, 413.56, 413.56, 412.51, 90.55621485]
[1461744000, 413.54, 416.29, 415.7, 413.55, 43.78380431]
[1461740400, 413.95, 416.52, 416.1, 415.7, 17.29626863]
[1461736800, 415.04, 416.12, 415.49, 415.99, 6.9486985]
[1461733200, 415.16, 416.05, 415.95, 415.16, 2.78]
[1461729600, 413.4, 416.12, 414.27, 416.12, 19.74213028]
[1461726000, 413.79, 416.06, 415.24, 413.79, 30.87222574]
[1461722400, 415.23, 415.72, 415.45, 415.49, 6.3797232]
[1461718800, 415.23, 416.12, 416.11, 415.24, 8.96822494]
[1461715200, 416.11, 416.35, 416.16, 416.12, 2.7]
[1461711600, 416.11, 416.27, 416.18, 416.17, 16.32]
[1461708000, 416.11, 417.12, 416.84, 416.12, 8.23]
[1461704400, 416.32, 417.15, 416.41, 416.65, 35.78057159]
[1461700800, 415.76, 418.1, 417.69, 416.41, 36.0216308]
[1461697200, 414.33, 418.6, 414.67, 418.05, 33.61366117]
[1461693600, 412.31, 415, 414.74, 414.67, 26.5902]
[1461690000, 413.41, 414.82, 414.39, 414.74, 34.52181667]
[1461686400, 412.26, 414.68, 413.42, 413.43, 39.2341]
