[1453046400, 350.93, 351.56, 351.39, 351.56, 29.42939695]
[1453042800, 350.93, 351.4, 351.17, 351.4, 81.93982855]
[1453039200, 349.79, 351.17, 349.81, 351.17, 30.89637219]
[1453035600, 349.14, 349.81, 349.31, 349.81, 22.36963289]
[1453032000, 349.04, 349.31, 349.09, 349.31, 19.47627574]
[1453028400, 349.08, 350.37, 349.51, 349.09, 11.01524923]
[1453024800, 349.5, 350.62, 350.54, 349.5, 67.98624035]
[1453021200, 349.09, 350.54, 349.58, 350.54, 19.00753411]
[1453017600, 348.83, 349.59, 348.83, 349.59, 15.67]
[1453014000, 347.83, 351.77, 351.77, 348.16, 34.2373693]
[1453010400, 351.36, 351.77, 351.36, 351.61, 11.26]
[1453006800, 351.32, 351.87, 351.87, 351.36, 2.7575]
[1453003200, 352.31, 353.27, 352.31, 352.61, 1.15877634]
[1452999600, 352.19, 356.44, 356.44, 352.19, 11.53113863]
[1452996000, 356.55, 357.28, 357.28, 357.2, 19.59]
[1452992400, 356.81, 357.29, 356.94, 357.29, 9.12060427]
[1452988800, 354.24, 356.94, 355.61, 356.94, 30.72636]
[1452985200, 351.27, 356.64, 351.32, 355.52, 21.48531537]
[1452981600, 350.35, 352.46, 350.5, 351.33, 6.1138]
[1452978000, 350.17, 352.46, 352.13, 350.18, 78.5572026]
[1452974400, 349.47, 354.54, 349.47, 352.49, 78.5920513]
[1452970800, 342.52, 353.87, 342.53, 349.95, 205.26636208]
[1452967200, 338.27, 342.51, 338.52, 342.34, 27.63772249]
[1452963600, 336.35, 338.52, 337.45, 338.52, 78.41944192]
[1452960000, 336.54, 339.16, 337.39, 337.47, 20.76888062]
[1452956400, 336.24, 340.24, 339.7, 337.39, 28.65461614]
[1452952800, 336.25, 339.71, 338.21, 339.71, 70.10102833]
[1452949200, 337.04, 339.3, 337.32, 338.21, 62.8807322]
[1452945600, 336.27, 339.19, 338.74, 337.32, 62.60962004]
[1452942000, 337.56, 341.23, 341.23, 338.75, 67.50870026]
[1452938400, 327.92, 341.37, 328.98, 341.23, 150.30900156]
[1452934800, 328.1, 337.8, 336.81, 329.62, 79.59319116]
[1452931200, 333.4, 341.55, 336.98, 336.81, 111.26237267]
[1452927600, 334.32, 351.64, 339.37, 335.79, 146.3260532]
[1452924000, 336.72, 340.29, 339.42, 339.41, 23.3145399]
[1452920400, 339.94, 341.42, 339.94, 340.21, 13.93876]
[1452916800, 339.85, 341.97, 341.97, 339.94, 2.26317488]
[1452913200, 337.74, 342.14, 340.62, 342.14, 24.0215]
[1452909600, 338.9, 341.5, 340.08, 340.19, 37.25645918]
[1452906000, 340.2, 348.05, 343.6, 340.2, 66.995752]
[1452902400, 306.84, 341.79, 327.82, 341.79, 291.07148932]
[1452898800, 328.57, 347.62, 336.86, 328.57, 141.90947877]
[1452895200, 330.86, 354.53, 353.87, 337.17, 90.52622621]
[1452891600, 351.85, 357.42, 352.75, 353.1, 80.58800777]
[1452888000, 340.73, 399.96, 399.96, 353.81, 52.26178175]
[1452884400, 340, 411.98, 349.63, 388.31, 30.0707452]
[1452880800, 347.72, 349.63, 348.28, 349.63, 6.65]
[1452877200, 347.73, 357.15, 356.9, 348.28, 42.0732411]
[1452873600, 356.87, 358.34, 357.2, 356.87, 81.83812481]
[1452870000, 349.75, 358.33, 352.3, 358.33, 76.09995751]
[1452866400, 350, 356.01, 356.01, 352.38, 244.67216301]
[1452862800, 352.68, 370.06, 370.06, 356.01, 207.77533096]
[1452859200, 366.02, 370.41, 370.41, 369.42, 172.19504747]
[1452855600, 367.62, 375.5, 374.54, 370.42, 103.34237654]
[1452852000, 373.66, 376.54, 376, 375.05, 46.73469394]
[1452848400, 373.96, 377.15, 373.98, 375.02, 117.43438622]
[1452844800, 363, 377.2, 374.18, 375.32, 395.07080553]
[1452841200, 371, 380.27, 378.96, 373.73, 243.00529388]
[1452837600, 377.68, 382.54, 382.51, 379.89, 65.20467682]
[1452834000, 380.26, 383.4, 382.97, 382.52, 16.90137792]
[1452830400, 377.91, 381.53, 381.28, 381.37, 55.36979505]
[1452826800, 379, 388.27, 388.27, 381.68, 137.09611728]
[1452823200, 387.42, 389.62, 387.55, 389.08, 8.27901491]
[1452819600, 386, 395.36, 395.36, 387.55, 101.80503528]
[1452816000, 395.46, 397.18, 396.38, 395.56, 5.29081024]
[1452812400, 396.32, 397.52, 397.52, 397.16, 8.34586332]
[1452808800, 395.38, 399.32, 399.32, 397.51, 44.14050702]
[1452805200, 398, 400.55, 398.66, 399.25, 46.9263181]
[1452801600, 398.91, 400.36, 400.06, 399.53, 24.3]
[1452798000, 398.36, 400.06, 399.52, 400.06, 61.44344431]
[1452794400, 398.51, 399.58, 399.17, 398.52, 6.41]
[1452790800, 398.01, 399.06, 398.48, 399.05, 4.87001227]
[1452787200, 397.06, 398.73, 397.78, 398.4, 18.95155487]
[1452783600, 396.1, 397.98, 396.19, 397.56, 9.69551331]
[1452780000, 396.2, 397.95, 397.3, 396.91, 5.69391123]
[1452776400, 396.35, 397.3, 397.3, 396.35, 29.65932826]
[1452772800, 393.9, 397.24, 394.91, 397.22, 17.63]
[1452769200, 393.2, 394.91, 393.2, 394.91, 5.94548]
[1452765600, 392.3, 396.63, 396.39, 393.64, 33.57502515]
[1452762000, 395.6, 396.78, 396.43, 396.28, 15.93383456]
[1452758400, 395.92, 397.54, 397.51, 396.15, 12.99209971]
[1452754800, 395.01, 397.66, 395.92, 397.63, 5.44032439]
[1452751200, 395.3, 398.32, 398.27, 396.83, 9.54001227]
[1452747600, 397.29, 398.69, 398.61, 398.29, 7.48357014]
[1452744000, 397.66, 399.79, 399.23, 398.76, 6.28]
[1452740400, 398.66, 399.98, 399.91, 398.66, 0.91084057]
[1452736800, 398.22, 399.67, 398.4, 399.67, 0.41]
[1452733200, 397.8, 399.24, 397.8, 399.24, 2.03]
[1452729600, 397.61, 398.47, 398.03, 397.81, 13.83523595]
[1452726000, 398, 398.9, 398.66, 398.03, 16.59393852]
[1452722400, 395.6, 399.67, 395.6, 399, 46.71996082]
[1452718800, 392.45, 396.27, 395.21, 395.78, 53.49390142]
[1452715200, 395, 399.02, 395.68, 395, 41.76207609]
[1452711600, 395.01, 396.59, 396.37, 395.68, 48.41493952]
[1452708000, 396, 398.23, 397.37, 396.14, 30.40650246]
[1452704400, 396.3, 399.01, 397.13, 397.84, 51.16328]
[1452700800, 396.77, 398.04, 396.9, 397.12, 32.34217]
[1452697200, 396.93, 398.57, 398.24, 397.86, 29.2469188]
[1452693600, 396.36, 400.07, 396.36, 398.16, 47.87976554]
[1452690000, 392.3, 397.4, 396.94, 397.39, 78.77139869]
[1452686400, 396.24, 398.36, 397.19, 396.24, 17.68517972]
[1452682800, 397.59, 400.18, 397.71, 397.68, 17.98]
[1452679200, 396.14, 400.29, 400.23, 397.71, 15.00230787]
[1452675600, 398.57, 401.95, 401.32, 398.57, 31.48055123]
[1452672000, 399.54, 402.68, 400.3, 402.05, 29.6064541]
[1452668400, 398.84, 403.01, 400.7, 401.43, 33.6237]
[1452664800, 398.67, 400.87, 399.14, 400.41, 6.06000238]
[1452661200, 399.02, 401.86, 399.68, 399.78, 9.57275]
[1452657600, 399.71, 402.15, 401.95, 399.71, 1.75]
[1452654000, 398.06, 403.27, 400.07, 400.67, 3.39108423]
[1452650400, 398.12, 402.21, 400.36, 400.42, 23.26731178]
[1452646800, 394.77, 402.33, 395.94, 400, 23.60222124]
[1452643200, 394.28, 405, 401.35, 395.91, 61.92066797]
[1452639600, 399.48, 413.11, 412.75, 401.35, 67.8095115]
[1452636000, 411.64, 413.12, 412.67, 411.64, 13.71]
[1452632400, 412, 413.17, 413.17, 412.67, 20.88974403]
[1452628800, 412.58, 413.17, 412.97, 413.17, 34.4825149]
[1452625200, 412.6, 414.17, 413.31, 413, 21.641063]
[1452621600, 413, 414.38, 413.99, 413.31, 24.678089]
[1452618000, 413.5, 414.97, 413.5, 414.19, 15.0268]
[1452614400, 412.13, 413.87, 412.44, 413.5, 9.12813653]
[1452610800, 411.48, 413.2, 412.53, 413.2, 16.67]
[1452607200, 410.59, 413.05, 413.05, 412.73, 39.95688331]
[1452603600, 412.5, 413.84, 413, 413, 29.15252917]
[1452600000, 411.69, 413, 412.65, 413, 17.76]
[1452596400, 410.34, 415.06, 413.28, 413.16, 64.15]
[1452592800, 411.83, 413.28, 412, 412.08, 23.75]
[1452589200, 410.81, 412.58, 411.61, 412.15, 37.44933777]
[1452585600, 411.23, 413.11, 411.8, 411.76, 33.76205767]
[1452582000, 411.59, 413.58, 411.97, 412.55, 24.86759999]
[1452578400, 411.36, 413.48, 411.36, 413.48, 12.43]
[1452574800, 411.44, 412.6, 412.09, 412.38, 11.46]
[1452571200, 411.61, 412.45, 412.29, 412.1, 3.98]
[1452567600, 412.29, 412.86, 412.46, 412.29, 1.233483]
[1452564000, 411.77, 412.95, 412.01, 412.95, 1.472]
[1452560400, 411.73, 413.56, 412.73, 412.25, 0.64]
[1452556800, 411.62, 416.43, 415.98, 413, 12.36636957]
[1452553200, 413.51, 416.08, 414.25, 414.75, 25.48591118]
[1452549600, 413.11, 415.56, 414.45, 415.56, 12.976693]
[1452546000, 413.01, 415.64, 414, 414.66, 9.8501209]
[1452542400, 413, 414.99, 413.44, 414.99, 8.40043202]
[1452538800, 412.43, 414.98, 413.69, 413.61, 16.29]
[1452535200, 412.9, 413.96, 413.52, 413.58, 2.25575906]
[1452531600, 412.26, 413.52, 413.26, 413.52, 9.72]
[1452528000, 411.71, 413.49, 412.03, 413.44, 5.94388124]
[1452524400, 407.05, 412.03, 411.72, 412.03, 52.97003302]
[1452520800, 409.94, 412, 412, 411.46, 13.73970677]
[1452517200, 409.18, 412, 411.58, 412, 7.82060124]
[1452513600, 408.97, 411.94, 410.57, 410.64, 23.39]
[1452510000, 410.13, 411.84, 410.46, 411.37, 7.91793688]
[1452506400, 410.12, 411.38, 410.68, 410.13, 11.31262346]
[1452502800, 409.99, 411.18, 411.17, 410.68, 7.00684836]
[1452499200, 408.81, 411.84, 410.12, 411.19, 19.69]
[1452495600, 408.02, 410.98, 409.66, 410.12, 5.26476901]
[1452492000, 409.53, 413.97, 412.62, 409.53, 5.39659254]
[1452488400, 411.78, 413.48, 412.98, 413.46, 6.4698339]
[1452484800, 413.22, 414.43, 413.71, 413.22, 0.44]
[1452481200, 413.86, 414.92, 414.89, 413.86, 0.72]
[1452477600, 412.63, 414.53, 413.71, 413.18, 7.97]
[1452474000, 412.57, 415.14, 413.06, 414.32, 7.31425615]
[1452470400, 412.08, 415.13, 413.44, 413.85, 11.9205077]
[1452466800, 412, 416.44, 412.51, 413.13, 9.46013093]
[1452463200, 411.06, 414, 411.68, 412.5, 3.89211141]
[1452459600, 408.88, 412.85, 409.46, 412.08, 16.27004407]
[1452456000, 409.33, 411.53, 410.1, 410.93, 3.72360298]
[1452452400, 410.18, 411.44, 410.99, 411.04, 8.66110626]
[1452448800, 409.5, 412.15, 410.15, 410.9, 17.78306166]
[1452445200, 408.53, 410.15, 409.23, 410.15, 7.72419755]
[1452441600, 406.44, 409.28, 408.25, 409.26, 2.5246334]
[1452438000, 406.08, 408.9, 406.15, 408.33, 17.52]
[1452434400, 406.07, 408.29, 408, 406.81, 4.60885114]
[1452430800, 406.78, 408.26, 407.47, 407.03, 6.92443296]
[1452427200, 405.48, 407.74, 407.25, 406.69, 9.99]
[1452423600, 404.83, 407.84, 407.84, 407.28, 26.51]
[1452420000, 406.94, 408.4, 408.37, 407.88, 4.18]
[1452416400, 407.01, 409.69, 409.65, 408.36, 10.17]
[1452412800, 408.25, 410.67, 410.61, 408.25, 10.56]
[1452409200, 410.31, 411.37, 411.36, 410.65, 1.93]
[1452405600, 408.64, 410, 408.71, 409.3, 0.37]
[1452402000, 410.29, 410.29, 410.29, 410.29, 0.01]
[1452398400, 409.59, 410.99, 410.22, 410.99, 0.522]
[1452394800, 409.61, 410.48, 409.61, 409.82, 0.09432348]
[1452391200, 408, 410.38, 409.78, 408, 8.92]
[1452387600, 409.02, 410.55, 410.06, 410.1, 1.86132348]
[1452384000, 409, 414, 413.3, 409, 13.43226026]
[1452380400, 412.39, 413.94, 413.29, 412.99, 5.86]
[1452376800, 412.96, 414.95, 414.67, 414.65, 4.34]
[1452373200, 413.38, 414.97, 414.01, 413.95, 14.61]
[1452369600, 413.93, 414.98, 414.95, 414.01, 6.14]
[1452366000, 413.16, 415.24, 414.5, 414.94, 12.75395482]
[1452362400, 413.82, 416.03, 414.94, 414.51, 13.652]
[1452358800, 413.51, 416.44, 415.16, 415.93, 12.82]
[1452355200, 412.93, 415.49, 413.61, 413.77, 26.72359833]
[1452351600, 411.59, 414, 411.88, 414, 8.99]
[1452348000, 411.26, 413.34, 413.34, 412.25, 9.59259]
[1452344400, 413.12, 414.32, 413.94, 413.16, 20.26]
[1452340800, 412, 414.11, 414.11, 413.53, 18.22]
[1452337200, 411.31, 414.24, 413.3, 414.24, 8.91040074]
[1452333600, 411.97, 413.99, 413.97, 413.6, 6.17970034]
[1452330000, 413.01, 415.12, 415.05, 413.98, 30.29]
[1452326400, 413.2, 415.13, 413.32, 413.64, 22.86]
