[1475366400, 550.21, 550.65, 550.54, 550.49, 2.06]
[1475362800, 550.55, 550.6, 550.6, 550.6, 2.15]
[1475359200, 550.49, 550.77, 550.73, 550.6, 4.845184]
[1475355600, 550.73, 551.5, 551.42, 550.73, 4.02]
[1475352000, 551.1, 551.99, 551.99, 551.42, 6.98]
[1475348400, 551.44, 551.99, 551.5, 551.99, 3.52]
[1475344800, 550.53, 551.5, 550.53, 551.5, 4.90095]
[1475341200, 549.31, 551.43, 550.86, 550.43, 17.79]
[1475337600, 549.87, 550.86, 550, 550.86, 7.865611]
[1475334000, 548.98, 550, 548.98, 550, 6.08]
[1475330400, 548.46, 549.95, 548.46, 548.89, 10.84]
[1475326800, 547, 549.32, 548.01, 548.36, 21.82]
[1475323200, 547.17, 549.77, 549.74, 548, 16.52]
[1475319600, 547.02, 550, 548, 549.74, 16.775165]
[1475316000, 546.73, 548, 547.47, 548, 11.74999999]
[1475312400, 546.76, 549.06, 548.97, 547.35, 27.250085]
[1475308800, 547.9, 549.62, 549.23, 548.97, 11.61645918]
[1475305200, 549.15, 550, 549.3, 549.32, 10.51141148]
[1475301600, 548.24, 549.3, 548.26, 549.3, 3.13]
[1475298000, 548.1, 549.5, 549.1, 548.27, 25.06]
[1475294400, 549.11, 549.16, 549.11, 549.16, 1.09]
[1475290800, 549.11, 549.27, 549.27, 549.11, 1.3]
[1475287200, 548.69, 549.44, 548.69, 549.28, 2.48]
[1475283600, 547.92, 548.69, 548, 548.69, 1.57]
[1475280000, 546.52, 548, 546.52, 548, 2.26]
[1475276400, 544.63, 547.03, 544.63, 546.42, 5.92738269]
[1475272800, 544.15, 544.62, 544.31, 544.62, 2.98674564]
[1475269200, 544.22, 544.54, 544.54, 544.4, 5.5452]
[1475265600, 542.7, 544.73, 543.95, 544.54, 35.01542685]
[1475262000, 543.92, 544.66, 544.66, 544, 6.1769]
[1475258400, 544.3, 545.55, 545.45, 544.73, 14.0878512]
[1475254800, 544.48, 545.95, 545.04, 545.54, 11.02]
[1475251200, 544.6, 545.04, 544.69, 544.95, 19.16423754]
[1475247600, 544.69, 546.97, 545.79, 544.7, 26.56]
[1475244000, 545.01, 545.97, 545.32, 545.79, 6.09]
[1475240400, 544.41, 547.21, 545.75, 545.32, 24.2]
[1475236800, 545, 545.75, 545.75, 545.75, 15.67]
[1475233200, 544.78, 545.75, 544.89, 545.75, 11.31]
[1475229600, 543.11, 546.63, 544.17, 544.97, 43.25147707]
[1475226000, 542.84, 546.17, 545.54, 544.27, 47.64557567]
[1475222400, 542.6, 545.57, 542.94, 545.54, 17.8328]
[1475218800, 542.46, 545.27, 542.5, 542.95, 31.549983]
[1475215200, 541.64, 542.77, 541.74, 542.49, 15.96]
[1475211600, 541.64, 541.74, 541.74, 541.74, 1.12]
[1475208000, 540.15, 541.92, 541.66, 541.74, 5.68]
[1475204400, 541.25, 541.81, 541.25, 541.66, 1.11]
[1475200800, 539.5, 542.87, 541.41, 539.5, 10.3]
[1475197200, 541, 542.6, 542.6, 541.4, 3.18]
[1475193600, 542.61, 542.66, 542.66, 542.61, 4.78]
[1475190000, 542.07, 542.84, 542.07, 542.66, 4.6389]
[1475186400, 540, 543.86, 543.86, 542.06, 18.271849]
[1475182800, 542.72, 543.86, 542.72, 543.86, 5.66]
[1475179200, 541, 543.79, 542.86, 542.71, 50.86013159]
[1475175600, 542.68, 543.06, 542.86, 542.95, 4.85]
[1475172000, 542.82, 543.76, 543.68, 542.9, 12.80159]
[1475168400, 543.28, 543.77, 543.41, 543.72, 13.79]
[1475164800, 542.74, 544.48, 542.74, 543.48, 25.01456154]
[1475161200, 542.52, 544.02, 543.46, 542.73, 15.7111]
[1475157600, 541.67, 543.84, 543.84, 543.5, 15.239774]
[1475154000, 542.8, 544.31, 542.8, 543.84, 11.56]
[1475150400, 541.78, 543.03, 542.93, 542.89, 21.97668]
[1475146800, 542.02, 543.03, 542.36, 542.83, 16.4]
[1475143200, 541.44, 543.04, 543.04, 542.36, 30.13859]
[1475139600, 542.84, 543.28, 542.92, 543.04, 12.27]
[1475136000, 540, 543.1, 541.71, 542.91, 17.40780181]
[1475132400, 540.63, 544.14, 540.63, 541.71, 31.577218]
[1475128800, 539.71, 540.71, 540.2, 540.63, 4.79]
[1475125200, 539.99, 541.61, 541.61, 540.2, 9.169732]
[1475121600, 541.62, 541.74, 541.74, 541.62, 4.41]
[1475118000, 541.74, 541.77, 541.77, 541.74, 0.58]
[1475114400, 541.78, 541.87, 541.87, 541.78, 4.35]
[1475110800, 541.87, 542.25, 542.11, 541.87, 0.89]
[1475107200, 542.11, 542.2, 542.2, 542.11, 2.008]
[1475103600, 542.2, 542.54, 542.54, 542.2, 2.15]
[1475100000, 542.1, 543.3, 543.21, 542.54, 10.6004]
[1475096400, 540.82, 543.33, 540.82, 543.33, 10.66997514]
[1475092800, 539.33, 544, 544, 540.8, 47.228523]
[1475089200, 543.51, 544.3, 543.55, 544.01, 7.594]
[1475085600, 542.17, 544.32, 542.27, 543.56, 22.0217]
[1475082000, 540.94, 543.76, 542.19, 542.26, 24.05]
[1475078400, 542.14, 542.99, 542.15, 542.2, 23.747061]
[1475074800, 541.77, 542.15, 542.15, 542.15, 20.36474941]
[1475071200, 541.86, 542.15, 541.86, 542.15, 9.44]
[1475067600, 539.07, 542.15, 541.92, 541.85, 30.719047]
[1475064000, 541.72, 542.15, 542.15, 541.95, 11.08]
[1475060400, 541.6, 542.85, 542.81, 542.15, 17.46293]
[1475056800, 542.4, 543, 542.97, 542.81, 15.07]
[1475053200, 542.24, 543.39, 543.39, 542.97, 14.82]
[1475049600, 541.87, 543.91, 541.98, 543.4, 28.909033]
[1475046000, 541.71, 542.5, 542.04, 541.98, 12.1212]
[1475042400, 542.03, 542.52, 542.47, 542.03, 10.94]
[1475038800, 542.38, 543.68, 543.68, 542.47, 18.194297]
[1475035200, 543.39, 544.12, 544.12, 543.77, 3.40708288]
[1475031600, 544.12, 544.87, 544.87, 544.12, 2.0699]
[1475028000, 544.84, 544.96, 544.89, 544.86, 2.72]
[1475024400, 544.54, 544.98, 544.54, 544.89, 3.699587]
[1475020800, 544.13, 544.96, 544.96, 544.53, 2.64144466]
[1475017200, 542.25, 544.98, 542.25, 544.98, 4.561761]
[1475013600, 541.1, 542.28, 541.46, 542.18, 12.2258]
[1475010000, 539.59, 541.55, 540.32, 541.46, 49.85224677]
[1475006400, 540.32, 542.65, 542.45, 540.33, 19.15496859]
[1475002800, 541.53, 542.44, 541.74, 542.35, 29.183]
[1474999200, 541.46, 543.03, 543.03, 541.74, 15.41]
[1474995600, 542.16, 543.05, 542.28, 543.04, 12.47]
[1474992000, 541.34, 542.4, 541.57, 542.28, 18.53]
[1474988400, 540.93, 541.57, 541.57, 541.57, 11.0283]
[1474984800, 540.88, 541.57, 541.17, 541.56, 7.450987]
[1474981200, 540.36, 541.57, 541.41, 541.19, 21.00999999]
[1474977600, 541.16, 541.57, 541.17, 541.31, 15.79678826]
[1474974000, 539.02, 541.36, 539.03, 541.17, 13.43]
[1474970400, 538.48, 541.53, 541.52, 539.02, 23.942]
[1474966800, 540.18, 541.52, 541.01, 541.52, 18.80279]
[1474963200, 540.11, 541.57, 541.56, 541.01, 16.58]
[1474959600, 540.33, 542.06, 540.55, 541.57, 7.700421]
[1474956000, 540.4, 541.03, 541.03, 540.55, 9.01702199]
[1474952400, 540.99, 541.33, 541.33, 541.08, 6.906005]
[1474948800, 541.33, 541.46, 541.46, 541.42, 1.88]
[1474945200, 541.37, 541.57, 541.57, 541.46, 1.87]
[1474941600, 541.58, 542.01, 541.89, 541.58, 2.65]
[1474938000, 541.8, 542.4, 542.22, 541.89, 2.63]
[1474934400, 541.77, 542.21, 541.86, 542.18, 2.95]
[1474930800, 541.87, 542.15, 542.15, 541.87, 11.72630724]
[1474927200, 542.15, 543.28, 542.37, 542.15, 5.1827]
[1474923600, 542.33, 542.68, 542.68, 542.34, 4.66]
[1474920000, 540.8, 543.36, 540.81, 542.68, 17.71]
[1474916400, 540.58, 542.73, 541.12, 540.92, 12.71]
[1474912800, 540.95, 543.45, 542.49, 541.12, 20.22]
[1474909200, 541.31, 542.49, 541.39, 542.49, 10.07]
[1474905600, 540.63, 541.5, 540.75, 541.5, 9.84]
[1474902000, 540.75, 541.84, 541.48, 540.75, 15.4491]
[1474898400, 540.53, 542.49, 541.79, 541.58, 21.238802]
[1474894800, 540.91, 542.48, 541.79, 542.45, 10.28]
[1474891200, 539.99, 541.9, 539.99, 541.8, 11.81]
[1474887600, 539.55, 542.5, 541.38, 540, 24.781093]
[1474884000, 540.28, 541.49, 541.49, 541.39, 18.28]
[1474880400, 538, 541.49, 539.92, 541.49, 22.227772]
[1474876800, 537.62, 539.92, 537.64, 539.92, 9.46769185]
[1474873200, 533.45, 537.73, 535.03, 537.64, 10.5018]
[1474869600, 533.39, 537.61, 537.36, 535.04, 13.832014]
[1474866000, 536.89, 537.44, 536.99, 537.36, 2.213034]
[1474862400, 536.83, 537.04, 536.88, 536.99, 3.472]
[1474858800, 536.89, 536.9, 536.89, 536.9, 0.23]
[1474855200, 536.88, 537.04, 537.04, 536.89, 0.83]
[1474851600, 537, 537.06, 537.06, 537.04, 1.487821]
[1474848000, 537.06, 537.06, 537.06, 537.06, 0.62]
[1474844400, 537.05, 537.06, 537.06, 537.06, 1.86]
[1474840800, 537.03, 537.34, 537.23, 537.06, 1.765]
[1474837200, 535, 537.24, 536.65, 537.22, 22.655234]
[1474833600, 536.64, 537.41, 537.41, 536.65, 6.529]
[1474830000, 537.11, 537.79, 537.16, 537.4, 5.8]
[1474826400, 536.36, 538.66, 536.36, 537.16, 16.602834]
[1474822800, 536.07, 536.35, 536.08, 536.33, 5.858782]
[1474819200, 535.8, 536.08, 535.8, 536.08, 10.38533969]
[1474815600, 535.58, 535.84, 535.58, 535.8, 6.371247]
[1474812000, 535.38, 538.83, 538.83, 535.57, 13.1855]
[1474808400, 538.46, 538.94, 538.94, 538.83, 14.62]
[1474804800, 538.71, 539.07, 538.78, 538.93, 11.05]
[1474801200, 538.48, 538.98, 538.86, 538.78, 8.03]
[1474797600, 538.47, 538.86, 538.47, 538.86, 3.02]
[1474794000, 537.64, 538.86, 538.79, 538.46, 15.550261]
[1474790400, 538.47, 538.79, 538.48, 538.79, 2.54]
[1474786800, 538.47, 538.63, 538.63, 538.48, 6.03]
[1474783200, 536.67, 538.88, 538.88, 538.63, 10.0032]
[1474779600, 538.88, 539.84, 539.84, 538.88, 3.314995]
[1474776000, 539.84, 539.84, 539.84, 539.84, 1.350244]
[1474772400, 539.84, 539.84, 539.84, 539.84, 0.02]
[1474768800, 539.83, 539.94, 539.94, 539.85, 0.598723]
[1474765200, 539.94, 539.98, 539.98, 539.94, 0.33]
[1474761600, 539.98, 539.98, 539.98, 539.98, 0.22]
[1474758000, 539.98, 540.17, 540.17, 539.98, 1.59]
[1474754400, 540.06, 540.17, 540.06, 540.17, 1.44]
[1474750800, 538.29, 540.06, 538.29, 540.06, 6.01]
[1474747200, 537.79, 539.47, 538.66, 538.29, 16.56]
[1474743600, 537.91, 538.81, 538.02, 538.66, 9.130721]
[1474740000, 537.52, 538.05, 538.05, 538.01, 5.111097]
[1474736400, 538.05, 538.06, 538.06, 538.05, 5.65]
[1474732800, 537.97, 538.08, 537.98, 538.06, 4.79]
[1474729200, 537.76, 538.81, 538.81, 537.98, 10.315637]
[1474725600, 538.4, 540.17, 540.17, 538.81, 10.13]
[1474722000, 539.33, 540.13, 539.35, 540.13, 6.033591]
[1474718400, 539.18, 539.35, 539.18, 539.33, 7.6]
[1474714800, 538.86, 539.35, 539.34, 539.19, 8.12]
[1474711200, 538.22, 539.35, 539.32, 539.35, 21.21]
[1474707600, 536.21, 539.33, 539.33, 539.32, 32.64540878]
[1474704000, 539.15, 539.48, 539.48, 539.34, 10.92558547]
[1474700400, 539.47, 539.49, 539.48, 539.48, 3.97]
[1474696800, 539.12, 539.58, 539.58, 539.48, 12.658304]
[1474693200, 538.56, 539.58, 538.56, 539.58, 1.77]
[1474689600, 538.18, 538.55, 538.18, 538.55, 0.83]
[1474686000, 538.17, 538.18, 538.18, 538.17, 0.29]
[1474682400, 538.15, 538.32, 538.32, 538.18, 0.21]
[1474678800, 538.24, 538.51, 538.51, 538.34, 1.12]
[1474675200, 538.26, 538.53, 538.26, 538.53, 0.72]
[1474671600, 538.25, 538.4, 538.4, 538.25, 1.87]
[1474668000, 537.51, 538.42, 537.51, 538.41, 3.281]
[1474664400, 537.29, 537.83, 537.66, 537.5, 18.05]
[1474660800, 536.69, 538.13, 538.13, 537.66, 17.1712]
[1474657200, 537.77, 538.28, 538.01, 538.13, 3.96]
[1474653600, 538.02, 538.41, 538.4, 538.03, 14.46]
[1474650000, 537.73, 540.1, 537.9, 538.4, 13.59131197]
[1474646400, 536, 538.58, 536, 537.93, 19.7318]
