[1473206400, 545.34, 546.43, 546.34, 546.22, 2]
[1473202800, 545.76, 547.79, 547.43, 546.41, 5.46323995]
[1473199200, 547.31, 554.82, 547.5, 547.32, 13.1]
[1473195600, 543.83, 553.66, 553.52, 547.5, 16.09317741]
[1473192000, 545, 553.53, 545.02, 553.52, 33.36001822]
[1473188400, 543.81, 550.03, 547.27, 547.55, 47.73585362]
[1473184800, 544.36, 547.27, 544.9, 547.26, 32.29220717]
[1473181200, 543.81, 544.93, 543.94, 544.78, 16.49]
[1473177600, 543.05, 544.55, 544.54, 544.04, 8.07]
[1473174000, 543.85, 547.27, 545.61, 545.13, 21.037211]
[1473170400, 545.01, 546.94, 545.63, 546.73, 10.90354088]
[1473166800, 543.57, 546.99, 546.53, 546.27, 21.47]
[1473163200, 545, 547.27, 545, 546.96, 17.28003099]
[1473159600, 538.27, 545, 544, 545, 30.208629]
[1473156000, 541.89, 543.99, 543.98, 543.98, 8.47]
[1473152400, 542.54, 544, 543.98, 544, 13.97]
[1473148800, 540.49, 544.5, 544.47, 544, 22.90417976]
[1473145200, 543.79, 544.5, 544.07, 544.5, 10.63]
[1473141600, 543.81, 544.6, 544.6, 544.49, 3.83814699]
[1473138000, 544.54, 544.6, 544.54, 544.6, 2.8]
[1473134400, 544.44, 544.57, 544.44, 544.55, 0.72]
[1473130800, 544.45, 544.46, 544.45, 544.46, 0.18]
[1473127200, 543.62, 544.57, 543.81, 543.62, 0.78]
[1473123600, 544.58, 545.48, 545.48, 544.6, 1.59]
[1473120000, 543.84, 545.5, 545.3, 545.5, 1.84784288]
[1473116400, 543.6, 547.25, 546.72, 544.78, 7.988599]
[1473112800, 544.33, 547.27, 544.59, 547.27, 8.32]
[1473109200, 544.17, 546.6, 546.36, 546, 7.45793779]
[1473105600, 543.83, 547.03, 544.19, 546.01, 14.87045411]
[1473102000, 541.38, 545, 543.63, 545, 18.01]
[1473098400, 543.28, 546, 545.99, 543.62, 9.41]
[1473094800, 543.51, 547.01, 543.51, 545.89, 6.84]
[1473091200, 543.42, 544.93, 543.5, 543.52, 7.08879006]
[1473087600, 542.44, 544.58, 542.44, 543.61, 16.588398]
[1473084000, 541.57, 542.88, 541.7, 542.8, 12.18553973]
[1473080400, 539.64, 542.08, 539.64, 541.72, 5.09]
[1473076800, 537.88, 540.42, 539.41, 538.75, 25.35063865]
[1473073200, 537.4, 540.45, 540.42, 539.41, 8.4999]
[1473069600, 537.33, 541.51, 540.37, 540.45, 12.5117953]
[1473066000, 540.03, 542.04, 542.03, 541.97, 7.68406985]
[1473062400, 542.02, 542.45, 542.44, 542.04, 4.02]
[1473058800, 542.01, 543.09, 543.09, 542.44, 5.46279907]
[1473055200, 542.8, 544.7, 544.69, 543.49, 9.86250951]
[1473051600, 542.11, 544.82, 542.84, 544.39, 5.1815168]
[1473048000, 542.44, 544.25, 544.08, 542.44, 4.01]
[1473044400, 542.7, 544.86, 543.55, 542.7, 1.87]
[1473040800, 542.15, 544.77, 544.77, 543.17, 6.950098]
[1473037200, 544.06, 545.28, 545.28, 544.53, 0.66]
[1473033600, 544.58, 545.45, 545.36, 545.28, 1.65]
[1473030000, 544.44, 546.29, 544.94, 545.25, 6.52]
[1473026400, 544.47, 546.9, 544.7, 544.93, 2.06]
[1473022800, 542.83, 547.36, 546.05, 545.66, 11.7714566]
[1473019200, 542.26, 547.02, 545, 547.02, 19.88826085]
[1473015600, 545, 548.78, 547.41, 545.68, 29.17316596]
[1473012000, 547, 548.1, 548.1, 547.41, 8.94176602]
[1473008400, 547.77, 550.55, 547.8, 548.11, 18.29041908]
[1473004800, 545.32, 550.77, 545.32, 547.8, 20.47]
[1473001200, 542.97, 546.8, 545.98, 545.31, 31.89856408]
[1472997600, 544.76, 555.32, 554.46, 545.97, 81.88147034]
[1472994000, 543.97, 556.9, 544.39, 555.3, 51.89842769]
[1472990400, 538.73, 544.52, 538.73, 544.52, 16.75809254]
[1472986800, 537.86, 539.5, 539.12, 538.86, 17.21849019]
[1472983200, 537.3, 539.5, 539, 539.12, 15.11332666]
[1472979600, 534.69, 539.49, 534.69, 538.92, 9.64965328]
[1472976000, 534.12, 535.04, 534.33, 535.04, 5.77607809]
[1472972400, 533.75, 534.33, 534.32, 534.33, 12.206]
[1472968800, 533.98, 534.88, 533.98, 534.31, 5.3709]
[1472965200, 533.95, 535.31, 534.98, 534.01, 5.32]
[1472961600, 535.39, 536.07, 535.52, 535.39, 3.31080394]
[1472958000, 535.04, 536.87, 536.87, 535.16, 1.7364135]
[1472954400, 536.13, 536.88, 536.28, 536.87, 3.37904886]
[1472950800, 535.84, 536.26, 535.97, 536.26, 3.70729942]
[1472947200, 535.11, 536.47, 535.9, 535.35, 2.0434]
[1472943600, 534.22, 536.12, 535.1, 535.8, 3.98207276]
[1472940000, 534.21, 536.69, 534.21, 535.09, 8.88108191]
[1472936400, 530.98, 536.17, 531.69, 534.2, 12.98]
[1472932800, 529.49, 533.51, 530.79, 531.04, 13.04807945]
[1472929200, 516.29, 535.26, 516.52, 530.37, 62.53863416]
[1472925600, 515.44, 516.59, 515.99, 516.52, 7.17]
[1472922000, 516.06, 516.4, 516.4, 516.4, 11.17]
[1472918400, 516.16, 517.05, 516.56, 516.4, 9.8407]
[1472914800, 515.3, 517.92, 517.35, 516.55, 17.8]
[1472911200, 515.99, 517.31, 516, 517.11, 9.60842627]
[1472907600, 515.95, 516, 516, 515.99, 8.96]
[1472904000, 515.61, 516, 515.99, 516, 5.999587]
[1472900400, 515.91, 516.62, 516.17, 516, 13.21939]
[1472896800, 515.99, 519.2, 516, 516.17, 26.28326]
[1472893200, 515.95, 516, 516, 516, 9.44]
[1472889600, 515.83, 516.17, 516.17, 516, 18.73805972]
[1472886000, 515.8, 516.4, 516.38, 516.18, 19.27]
[1472882400, 515.66, 516.4, 516.08, 516.37, 8.14]
[1472878800, 515.65, 516.4, 515.92, 516.3, 0.78]
[1472875200, 515.27, 516.01, 516.01, 515.99, 1.93]
[1472871600, 515.88, 516.79, 516.77, 516.37, 2.6097]
[1472868000, 516.77, 516.9, 516.88, 516.77, 0.71001929]
[1472864400, 516.42, 516.9, 516.88, 516.59, 1.11]
[1472860800, 516.42, 516.92, 516.47, 516.89, 5.6992]
[1472857200, 515.13, 516.92, 515.13, 516.92, 11.9]
[1472853600, 514.7, 516.27, 516.27, 515.13, 7.38]
[1472850000, 514, 516.49, 516, 516.26, 20.85335209]
[1472846400, 515.18, 516.84, 515.6, 515.99, 6.888]
[1472842800, 514.38, 515.99, 515.09, 515.99, 9.64]
[1472839200, 514.02, 515.72, 515.72, 515.18, 18.2462522]
[1472835600, 515, 515.98, 515, 515.81, 6.45]
[1472832000, 514.98, 515, 515, 514.99, 14.34191601]
[1472828400, 513.63, 515, 515, 515, 24.15036691]
[1472824800, 514.33, 516, 516, 515, 25.56105]
[1472821200, 514.2, 515.92, 514.96, 514.35, 10.91638025]
[1472817600, 514.04, 515.93, 514.49, 515.26, 21.62885476]
[1472814000, 511.7, 514.49, 513.59, 514.48, 14.67]
[1472810400, 507.09, 514.55, 512.98, 513.35, 39.175891]
[1472806800, 510.34, 513.39, 510.94, 513.38, 33.9476071]
[1472803200, 510.03, 513, 510.6, 511, 31.185]
[1472799600, 510.01, 513.45, 511.5, 510.61, 20.59743525]
[1472796000, 509.71, 512.1, 510.37, 511.59, 16.04095901]
[1472792400, 509.78, 513.29, 510.31, 511.06, 17.187]
[1472788800, 510.3, 510.95, 510.51, 510.95, 1.06]
[1472785200, 510.77, 512.21, 512.21, 510.77, 0.881158]
[1472781600, 512.5, 512.51, 512.5, 512.51, 3.62511]
[1472778000, 512.5, 512.51, 512.51, 512.5, 0.3777]
[1472774400, 512.5, 512.7, 512.51, 512.51, 2.2414]
[1472770800, 512.5, 512.53, 512.51, 512.53, 11.97]
[1472767200, 512.5, 512.51, 512.51, 512.51, 12.20043022]
[1472763600, 512.5, 513.32, 512.74, 512.51, 16.86]
[1472760000, 510.3, 514.75, 513.49, 512.74, 26.08]
[1472756400, 511.46, 513.58, 513.24, 513.52, 9.44264]
[1472752800, 510.68, 513.43, 512, 513.29, 19.51]
[1472749200, 511.74, 512, 511.95, 512, 12.71141772]
[1472745600, 510, 512, 511.77, 512, 16.52373809]
[1472742000, 511.68, 514.65, 514.34, 511.78, 19.65426997]
[1472738400, 512, 516.37, 514, 514.34, 22.72]
[1472734800, 512.8, 515.94, 513.88, 515.19, 14.49]
[1472731200, 513.23, 515.65, 513.24, 513.41, 9.59278764]
[1472727600, 512.2, 515.65, 513.23, 513.7, 32.669005]
[1472724000, 512.93, 514.98, 513.69, 513.29, 12.97044327]
[1472720400, 512.22, 514.9, 512.36, 514.27, 13.24041641]
[1472716800, 511.5, 513.57, 512.15, 512.36, 10.54]
[1472713200, 511, 516.81, 514.08, 513.69, 64.16]
[1472709600, 514.03, 517.33, 515.33, 514.1, 15.57]
[1472706000, 514.99, 515.87, 514.99, 515.33, 8.5]
[1472702400, 513.04, 516.31, 516.24, 515.29, 1.7]
[1472698800, 514.53, 515.72, 515.72, 514.64, 1.11]
[1472695200, 515.16, 515.7, 515.7, 515.7, 0.68]
[1472691600, 514.19, 516.34, 515.48, 516.08, 2.97]
[1472688000, 515.48, 516.78, 515.85, 515.48, 5.17]
[1472684400, 513.64, 516.67, 514.52, 515.84, 4.58]
[1472680800, 513.91, 515.93, 514.52, 515.11, 6.713]
[1472677200, 514.51, 515.87, 515.87, 514.51, 5.82]
[1472673600, 514.11, 516.79, 514.77, 515.81, 11.95]
[1472670000, 513.44, 516.14, 515.87, 515.05, 22.68]
[1472666400, 513.41, 516.05, 515.59, 515.86, 16.14]
[1472662800, 513, 515.94, 513.83, 515.43, 20.45445879]
[1472659200, 514.08, 516.2, 515.02, 514.25, 27.35]
[1472655600, 515, 515.98, 515.94, 515.02, 14.70974965]
[1472652000, 515, 516.04, 515.04, 515.96, 15.65828]
[1472648400, 515, 516.51, 516.19, 515, 10.95]
[1472644800, 515.08, 516.73, 515.79, 516.33, 6.75]
[1472641200, 515, 517.01, 515.68, 515.79, 22.93]
[1472637600, 515.02, 516.94, 516.22, 515.86, 16.12]
[1472634000, 515.1, 517.16, 515.76, 516.22, 24.86932477]
[1472630400, 515, 517.44, 516.62, 515.84, 8.64]
[1472626800, 515.36, 517.55, 516.72, 517.14, 9.48]
[1472623200, 515, 516.73, 515.52, 516.73, 13.984203]
[1472619600, 515.15, 516, 515.82, 515.92, 2.91]
[1472616000, 515.8, 516.47, 516.03, 516.08, 4.4]
[1472612400, 515.51, 516.06, 515.54, 516.06, 0.69]
[1472608800, 515.14, 518, 518, 516.4, 1.01]
[1472605200, 516.01, 519.02, 519.02, 516.59, 5.29]
[1472601600, 518.38, 519.61, 519.06, 518.96, 1.87069795]
[1472598000, 516.79, 519.35, 518.59, 518.97, 4.54771166]
[1472594400, 518.49, 519.83, 519.16, 519.83, 6.83]
[1472590800, 517.61, 519.17, 517.75, 519.17, 9.01]
[1472587200, 516.91, 519.17, 518.22, 518.45, 14.93988354]
[1472583600, 516.94, 519.17, 519, 518.61, 38.07]
[1472580000, 517.34, 519.15, 518.93, 518.84, 12.53]
[1472576400, 515.94, 519.14, 519.02, 519.03, 20.34]
[1472572800, 516.82, 519.16, 517.69, 517.94, 10.71]
[1472569200, 516.81, 519.16, 517.99, 518.02, 13.93]
[1472565600, 517.04, 518.21, 518, 518.1, 10.42918255]
[1472562000, 516.16, 518, 517.98, 517.99, 21.15109289]
[1472558400, 515, 519.16, 518.75, 517.99, 31.89650241]
[1472554800, 518.44, 519.15, 518.49, 519.01, 14.33]
[1472551200, 515.21, 519.15, 518.55, 518.49, 27.46879327]
[1472547600, 517.63, 519.17, 518.23, 518.56, 16.34242347]
[1472544000, 517.15, 519.06, 517.45, 518.2, 22.644]
[1472540400, 516.12, 519.08, 517.32, 518.09, 22.57829618]
[1472536800, 515.99, 518.2, 515.99, 517.32, 10.289352]
[1472533200, 514.22, 515.95, 514.6, 515.95, 3.873561]
[1472529600, 514.22, 515, 514.66, 514.74, 3]
[1472526000, 514.65, 514.83, 514.66, 514.83, 1.23]
[1472522400, 514.62, 514.65, 514.62, 514.63, 0.44]
[1472518800, 514.57, 514.62, 514.62, 514.57, 1.7429]
[1472515200, 514.23, 515.5, 514.55, 514.62, 0.81]
[1472511600, 514.22, 515.65, 514.33, 514.56, 5.76]
[1472508000, 514.2, 514.49, 514.49, 514.34, 17.009]
[1472504400, 514.2, 515.93, 514.43, 514.49, 15.58]
[1472500800, 514.2, 514.65, 514.65, 514.25, 9.445]
[1472497200, 513.34, 515.55, 514.04, 514.9, 9.09]
[1472493600, 511.75, 516.65, 514.03, 514.38, 24.22]
[1472490000, 512.92, 516.05, 513.42, 514.18, 16.35]
[1472486400, 512.48, 515.82, 515.36, 513.55, 15.16707399]
