[1479686400, 689.31, 690.15, 690.09, 690.01, 2.18]
[1479682800, 687.49, 690.11, 687.5, 689.99, 13.63449305]
[1479679200, 685.49, 687.5, 685.93, 687.44, 9.17194347]
[1479675600, 683.78, 686.22, 685.6, 686.22, 15.18675093]
[1479672000, 683.83, 686.01, 684.99, 685.92, 16.28324506]
[1479668400, 674.96, 685, 675.44, 685, 28.22270014]
[1479664800, 673.48, 687.22, 686.67, 675.43, 58.37678772]
[1479661200, 685, 691.42, 691.4, 686.67, 26.2998695]
[1479657600, 686, 691.64, 689.54, 690.07, 14.29896381]
[1479654000, 688, 698.17, 688.03, 688.7, 24.977909]
[1479650400, 688.24, 701.29, 697.11, 697.38, 20.795]
[1479646800, 696, 706.74, 706.74, 699.25, 36.10878186]
[1479643200, 705.37, 707.66, 706.99, 707.14, 7.25]
[1479639600, 705.02, 707.35, 706.99, 706.98, 11.39]
[1479636000, 705.02, 707.99, 707.85, 707.01, 3.50896782]
[1479632400, 706.58, 708, 707.5, 707.85, 6.45]
[1479628800, 706.85, 707.5, 707.48, 707.5, 2.67]
[1479625200, 706.46, 707.5, 707.02, 707.5, 4.42838445]
[1479621600, 706.74, 707.03, 706.74, 707.03, 1.51]
[1479618000, 706.25, 706.72, 706.25, 706.71, 0.25]
[1479614400, 706.73, 706.75, 706.73, 706.75, 0.32]
[1479610800, 706, 706.75, 706.74, 706.44, 2.71]
[1479607200, 706.31, 706.75, 706.7, 706.75, 4.23]
[1479603600, 705.28, 706.75, 706.52, 706.73, 3.27042608]
[1479600000, 701.82, 706.53, 706.19, 706.52, 7.77483144]
[1479596400, 705.89, 706.73, 706.71, 706.19, 3.41]
[1479592800, 704.93, 706.75, 706.72, 706.62, 3.74473625]
[1479589200, 704.21, 706.75, 706.73, 705.78, 8.21]
[1479585600, 705, 708.82, 708.44, 706.73, 4.47]
[1479582000, 705.02, 708.99, 708.21, 708.28, 9.13]
[1479578400, 706.87, 708.22, 707.39, 708.22, 7.06]
[1479574800, 696.7, 709.41, 708.91, 707.51, 28.73043066]
[1479571200, 707, 709.54, 707, 709.16, 13.64437293]
[1479567600, 707, 707.01, 707.01, 707.01, 7.9392933]
[1479564000, 707, 707.99, 707.43, 707.01, 4.34]
[1479560400, 706.29, 708.61, 708.6, 707.28, 21.5659308]
[1479556800, 705.16, 707.94, 705.51, 707.06, 9.15728104]
[1479553200, 705.5, 706.99, 706.02, 705.51, 5.53414]
[1479549600, 704.21, 710.37, 706.67, 706.02, 9.26922]
[1479546000, 702.28, 710.35, 702.42, 709.4, 9.5955]
[1479542400, 701.02, 712, 710, 702.42, 22.77460338]
[1479538800, 708.01, 710, 708.01, 710, 3.03397]
[1479535200, 706.74, 710, 707.44, 708.98, 23.97502634]
[1479531600, 706.71, 707.44, 707.43, 707.44, 0.26]
[1479528000, 705.82, 707.61, 706.47, 707.46, 0.86]
[1479524400, 706.5, 706.79, 706.69, 706.75, 0.99]
[1479520800, 706.1, 708.17, 706.1, 708.17, 5.42]
[1479517200, 706.1, 707.5, 707.14, 706.11, 2.6]
[1479513600, 705.04, 707.94, 707.67, 707.12, 10.15]
[1479510000, 705.41, 708.26, 706, 707.66, 5.24]
[1479506400, 702.97, 706, 704.06, 706, 20.03792877]
[1479502800, 687.6, 704.99, 703.02, 704.45, 36.49192127]
[1479499200, 703, 705.82, 704.66, 703.02, 5.73]
[1479495600, 703.89, 704.99, 704.99, 704.66, 7.37201303]
[1479492000, 702.49, 705.27, 703.3, 704.98, 7.41725703]
[1479488400, 702.49, 705.6, 704.25, 703.3, 7.87]
[1479484800, 702.45, 705.98, 704.82, 704.31, 14.67581897]
[1479481200, 704.82, 709.96, 709.16, 704.82, 23.37]
[1479477600, 704.87, 709.71, 706.85, 709.16, 8.51599567]
[1479474000, 705.16, 708.98, 707.98, 706.76, 20.36448233]
[1479470400, 698.93, 709.97, 704.52, 707.81, 29.7]
[1479466800, 703.03, 705.7, 703.88, 705.2, 15.81]
[1479463200, 702.07, 712.21, 707.15, 704.41, 38.2064145]
[1479459600, 699.29, 714.74, 699.53, 707.2, 39.60377954]
[1479456000, 695.01, 711.04, 695.08, 700.01, 78.66685876]
[1479452400, 693.41, 695.99, 693.41, 695.98, 15.60494326]
[1479448800, 693.39, 694, 693.42, 693.4, 5.28433243]
[1479445200, 693.41, 693.98, 693.41, 693.97, 0.29]
[1479441600, 692.47, 693.98, 692.98, 693.92, 0.6243]
[1479438000, 691.32, 692.8, 692.23, 691.51, 0.14]
[1479434400, 688.94, 692.49, 688.94, 691.87, 3.77918933]
[1479430800, 687.57, 688.87, 687.92, 688.87, 1.37977362]
[1479427200, 688.03, 690.66, 689.06, 688.6, 7.64032672]
[1479423600, 685, 692.97, 692.4, 689.41, 47.72105157]
[1479420000, 690, 696.65, 696.65, 692.33, 27.39143576]
[1479416400, 694.01, 698.41, 695.87, 696.71, 18.90105157]
[1479412800, 691.28, 699.23, 699.18, 696.23, 32.35210192]
[1479409200, 695.11, 703, 695.14, 699.18, 20.96]
[1479405600, 695.11, 697.01, 697.01, 695.14, 8.3760597]
[1479402000, 696.5, 698.23, 698.23, 697.01, 12.24502634]
[1479398400, 696.29, 703.74, 700.08, 698.23, 36.45379409]
[1479394800, 693.39, 702.04, 694.63, 700.08, 49.96443945]
[1479391200, 692.8, 696.84, 694.83, 693.97, 21.31379658]
[1479387600, 690.01, 700, 698.74, 694.7, 39.28087145]
[1479384000, 689.78, 699.97, 690.23, 698.9, 41.076]
[1479380400, 689.44, 695.86, 693.07, 689.5, 30.51034]
[1479376800, 688.2, 695.89, 694.94, 692.66, 18.0997179]
[1479373200, 683, 695, 688.72, 690.94, 57.58351672]
[1479369600, 686.54, 691, 689.19, 690.55, 24.0683021]
[1479366000, 680.5, 690, 685, 689.2, 26.33]
[1479362400, 682.76, 690.98, 690.2, 687.21, 20.38130722]
[1479358800, 688.02, 690.98, 690.78, 689.82, 4.20484028]
[1479355200, 689.92, 690.95, 690.83, 690.82, 1.79]
[1479351600, 688.34, 690.94, 688.34, 690.56, 0.74]
[1479348000, 688.37, 690.96, 690.96, 690.48, 1.06]
[1479344400, 686.11, 691, 690.5, 690.96, 4.23]
[1479340800, 686.44, 691.48, 687.14, 690.15, 6.31]
[1479337200, 683.01, 691.48, 690.61, 686.3, 6.12]
[1479333600, 680.02, 694.5, 692.02, 690.62, 35.55940567]
[1479330000, 682.39, 697.72, 693, 696, 29.58820436]
[1479326400, 686.78, 694.86, 691.65, 694.41, 29.32415246]
[1479322800, 682.32, 699.74, 688.99, 690.84, 62.53495611]
[1479319200, 680, 689, 684.12, 689, 20.18275556]
[1479315600, 682.02, 688, 682.52, 684.11, 24.07280288]
[1479312000, 680, 684.6, 680.01, 680.17, 30.13481474]
[1479308400, 665, 681, 680.46, 680, 40.34772141]
[1479304800, 665, 685.3, 685.3, 680.48, 41.69231661]
[1479301200, 673.57, 690, 684.81, 685.33, 80.69987648]
[1479297600, 667.28, 686.74, 667.77, 684.83, 256.89678965]
[1479294000, 665.66, 667.93, 667.6, 667.76, 14.27672893]
[1479290400, 664.38, 668.01, 668.01, 667.6, 18.335]
[1479286800, 667.2, 668.83, 667.56, 668.01, 14.81995986]
[1479283200, 666.08, 669.68, 669.01, 668.06, 11.97]
[1479279600, 665.67, 669.66, 666.91, 669.01, 20.53271889]
[1479276000, 663.18, 666.92, 663.18, 665.38, 2.2]
[1479272400, 664.46, 665.44, 664.6, 664.52, 0.79]
[1479268800, 663.19, 665.42, 663.46, 665.08, 0.7]
[1479265200, 662.57, 665.25, 663.04, 665.25, 2.04]
[1479261600, 663.09, 665.19, 665.16, 663.88, 2.26275209]
[1479258000, 662.52, 666.88, 666.18, 665.46, 13.886563]
[1479254400, 665.14, 667, 665.88, 665.66, 4.11226836]
[1479250800, 665.2, 666.87, 666.77, 665.92, 17.10997221]
[1479247200, 665.14, 666.96, 666.04, 666.96, 10.21738012]
[1479243600, 657, 669.65, 669.65, 666.03, 33.55246021]
[1479240000, 668.67, 670, 669.3, 669.66, 15.147127]
[1479236400, 667.83, 669.56, 667.83, 669.3, 20.4867592]
[1479232800, 667.46, 668, 667.99, 667.82, 14.14]
[1479229200, 665.72, 668, 666.45, 667.91, 17.0523]
[1479225600, 664.11, 666.62, 664.25, 666.45, 18.95347837]
[1479222000, 660.18, 664.75, 664.7, 664.31, 25.88065977]
[1479218400, 662.27, 664.91, 664.1, 664.7, 21.63993024]
[1479214800, 662.8, 664.24, 662.8, 664.19, 13.161036]
[1479211200, 660.81, 662.8, 662.64, 662.8, 12.5]
[1479207600, 661.23, 664, 661.23, 662.64, 28.5]
[1479204000, 660.02, 661.87, 661.73, 661.03, 10.23691306]
[1479200400, 649.98, 663.76, 662.84, 661.76, 73.42319311]
[1479196800, 662.14, 664.75, 662.14, 662.85, 19.37]
[1479193200, 656, 662.98, 662.97, 662.72, 11.22]
[1479189600, 661.72, 662.97, 661.74, 662.97, 12.82201973]
[1479186000, 661.16, 661.93, 661.16, 661.92, 1.97]
[1479182400, 655, 662, 661.38, 660.96, 11.91553569]
[1479178800, 657.84, 661.94, 661.23, 661.38, 5.14976404]
[1479175200, 659.26, 661.23, 659.26, 661.23, 3.62]
[1479171600, 659.09, 659.68, 659.09, 659.26, 0.58]
[1479168000, 658.3, 660.03, 660.03, 658.56, 7.38659976]
[1479164400, 657.87, 660.54, 660.46, 660.03, 14.01]
[1479160800, 659.76, 660.98, 660.4, 660.46, 9.41677503]
[1479157200, 658.63, 661, 659.84, 660.4, 24.69055463]
[1479153600, 654.85, 660, 654.85, 659.78, 19.692]
[1479150000, 653.49, 655.59, 654.33, 654.85, 10.30558265]
[1479146400, 651, 654.38, 654.23, 654.33, 33.65356861]
[1479142800, 651.2, 655.01, 653.99, 654.31, 14.53053036]
[1479139200, 651.06, 657.38, 655.48, 653.99, 58.57565901]
[1479135600, 654.02, 655.45, 654.02, 655.45, 11.38]
[1479132000, 651.7, 654.02, 653.8, 654.01, 12.78]
[1479128400, 653.8, 654.75, 654.59, 653.81, 13.65224]
[1479124800, 652.88, 654.59, 653.05, 654.59, 6.94976404]
[1479121200, 648.27, 657.5, 657.5, 653.05, 29.26102014]
[1479117600, 657.05, 658.48, 658.48, 657.5, 16.77287]
[1479114000, 653.55, 659.28, 653.55, 658.47, 50.62255121]
[1479110400, 652.5, 653.68, 653.63, 653.54, 7.3]
[1479106800, 652.03, 656, 652.03, 653.63, 12.37]
[1479103200, 651.93, 652.03, 652.01, 652.03, 4.4377916]
[1479099600, 652, 652.02, 652.02, 652.01, 3.229318]
[1479096000, 651, 652.22, 651, 652.03, 1.56]
[1479092400, 649.99, 651, 649.99, 651, 3.2478]
[1479088800, 649.07, 650, 649.07, 650, 1.37]
[1479085200, 648.65, 649.07, 648.65, 649.06, 3.17]
[1479081600, 644.5, 649.13, 648.98, 648.62, 8.654]
[1479078000, 647.41, 649.08, 647.41, 648.97, 3.25]
[1479074400, 647.02, 649.47, 649.47, 648.75, 9.201795]
[1479070800, 647.09, 649.98, 647.09, 649.47, 11.50535858]
[1479067200, 646.85, 647.36, 646.85, 647.09, 7.04797583]
[1479063600, 645.02, 647, 645.55, 647, 18.04130102]
[1479060000, 641.84, 645.97, 645.97, 645.55, 10.47]
[1479056400, 645.42, 645.97, 645.47, 645.97, 10.48562783]
[1479052800, 641.39, 645.6, 641.4, 645.47, 36.3376772]
[1479049200, 634.27, 641.4, 634.71, 641.4, 12.26817326]
[1479045600, 634.23, 638.47, 636.96, 634.71, 11.41]
[1479042000, 636.71, 643.2, 643.18, 638.46, 11.21371417]
[1479038400, 641.29, 644.99, 643.08, 643.18, 11.02]
[1479034800, 642.4, 644.58, 644.01, 644.52, 10.57]
[1479031200, 640.7, 644.34, 642.25, 644.01, 16.45]
[1479027600, 641.3, 644.47, 643.72, 642.23, 8.81577491]
[1479024000, 641.2, 644.99, 644.16, 643.72, 16.36]
[1479020400, 641.72, 644.2, 641.72, 644.15, 14.75387396]
[1479016800, 640.67, 642.25, 641.87, 641.71, 1.48331002]
[1479013200, 641.87, 644.93, 644.93, 641.87, 5.60632733]
[1479009600, 644.94, 644.96, 644.96, 644.94, 0.56466651]
[1479006000, 644.96, 644.97, 644.96, 644.96, 0.41]
[1479002400, 642.17, 644.66, 642.17, 644.66, 5.86709664]
[1478998800, 635, 646.07, 646.07, 642, 16.76582515]
[1478995200, 646, 651.1, 650.96, 646.07, 8.0203226]
[1478991600, 650.5, 651.19, 651.04, 650.95, 6.7768679]
[1478988000, 650.72, 651.41, 651.12, 651.24, 2.9]
[1478984400, 650.5, 651.12, 650.78, 651.12, 4.38]
[1478980800, 650.73, 652, 651.02, 650.79, 6.3212]
[1478977200, 647.51, 651.25, 649.92, 651.22, 23.61452863]
[1478973600, 649.92, 652.88, 651.8, 650, 25.13207]
[1478970000, 651.22, 652.48, 652.48, 651.69, 10.89]
[1478966400, 651.18, 652.52, 651.28, 652.48, 6.00059723]
