[1482566400, 862.8, 878.14, 877.31, 866.77, 25.76266501]
[1482562800, 876.31, 879.01, 876.86, 877.69, 13.97353619]
[1482559200, 877.03, 879.04, 878.18, 878.88, 2.32124]
[1482555600, 877.37, 879.06, 877.37, 877.71, 2.607]
[1482552000, 876.39, 877.55, 876.66, 876.68, 2.493]
[1482548400, 873.2, 879.15, 878.95, 873.2, 4.95049289]
[1482544800, 874.49, 881.2, 881.2, 876.3, 20.95562717]
[1482541200, 880.48, 886.08, 884.42, 881.2, 7.57943887]
[1482537600, 881.02, 886.54, 884.34, 884.41, 15.75607334]
[1482534000, 881.2, 887.4, 884.58, 884.42, 19.43894411]
[1482530400, 871.02, 886.8, 871.02, 886.8, 35.58976372]
[1482526800, 862.6, 875.52, 863.56, 870.87, 53.65338092]
[1482523200, 861.79, 864.99, 864.83, 864.98, 11.42788753]
[1482519600, 859.07, 864.99, 861.88, 864.84, 24.17167246]
[1482516000, 860.02, 864, 860.02, 861.04, 12.203]
[1482512400, 852.98, 861.45, 852.98, 860, 21.43498181]
[1482508800, 830.19, 857.63, 857.25, 852.78, 127.90479593]
[1482505200, 857.02, 872.83, 871.2, 858.25, 35.49132009]
[1482501600, 868.98, 874.46, 872.1, 872.06, 72.63550605]
[1482498000, 870.38, 875.19, 875.02, 873.25, 93.37563728]
[1482494400, 872.03, 878.82, 872.7, 875.51, 95.29898266]
[1482490800, 870.85, 875.43, 873.81, 872.87, 64.85001]
[1482487200, 869, 877.13, 870, 873.81, 51.19443359]
[1482483600, 869.99, 873.46, 872.25, 870, 39.02078789]
[1482480000, 871.65, 878.52, 878.04, 873.48, 49.92830046]
[1482476400, 868.03, 879.34, 868.5, 876.33, 115.60930003]
[1482472800, 861.37, 869.74, 862.61, 867.13, 16.5636]
[1482469200, 860.45, 868.67, 867.16, 862.39, 21.95944993]
[1482465600, 864.27, 874.84, 874.84, 866.28, 4.05736704]
[1482462000, 848.91, 872.27, 848.91, 870.27, 24.90964448]
[1482458400, 843.06, 850, 844.16, 849.01, 8.98010839]
[1482454800, 829.26, 845, 829.26, 844.99, 195.32913583]
[1482451200, 826.02, 829.34, 826.9, 828.52, 24.42107693]
[1482447600, 826.05, 828.85, 828.52, 826.58, 21.22277399]
[1482444000, 828.14, 829.81, 829.79, 828.86, 9.70424696]
[1482440400, 826.37, 830.04, 826.39, 830.04, 17.56986857]
[1482436800, 825.19, 828.06, 827.93, 826.39, 24.83632288]
[1482433200, 827.81, 830.02, 830.02, 827.93, 39.60731409]
[1482429600, 830, 832.74, 832.32, 830.07, 27.67626109]
[1482426000, 828.59, 834.4, 830.51, 831.32, 29.51260628]
[1482422400, 830.5, 833.93, 832.89, 830.51, 28.5962767]
[1482418800, 831.52, 834.64, 834.52, 832.66, 23.89922137]
[1482415200, 829.51, 834.52, 831.95, 834.52, 47.16914923]
[1482411600, 826.12, 833.12, 827.49, 831.95, 61.48971169]
[1482408000, 824.11, 831.44, 825.63, 825.57, 69.91850178]
[1482404400, 820.34, 834.49, 833.52, 824.74, 107.12637378]
[1482400800, 831, 834.77, 832.59, 834.42, 71.01768908]
[1482397200, 830.12, 832.59, 830.85, 832.59, 46.95078188]
[1482393600, 827.08, 830.85, 828.3, 830.85, 96.85723223]
[1482390000, 814.64, 830.76, 815.15, 826.34, 61.35632048]
[1482386400, 803.58, 813.69, 804.27, 813.69, 33.24161163]
[1482382800, 803.65, 804.27, 804.27, 803.75, 8.0236714]
[1482379200, 803.7, 804.27, 804.2, 804.27, 13.01553242]
[1482375600, 804.19, 804.2, 804.2, 804.2, 5.00873027]
[1482372000, 801.39, 804.2, 803.96, 804.18, 6.05]
[1482368400, 803.95, 804.27, 804.27, 803.97, 7.31944806]
[1482364800, 803.16, 804.27, 804.26, 804.27, 15.55281877]
[1482361200, 797.05, 804.27, 797.05, 804.27, 29.16]
[1482357600, 796.04, 799.09, 796.25, 797.31, 34.88160001]
[1482354000, 792.77, 796.27, 794, 796.27, 48.8790771]
[1482350400, 793.68, 793.68, 793.68, 793.68, 0.01]
[1482346800, 792.96, 795.85, 793.56, 793.56, 15.14539583]
[1482343200, 792.97, 796, 794.03, 793.76, 41.41154277]
[1482339600, 793.15, 797.36, 793.92, 795.64, 39.57854711]
[1482336000, 790, 799.97, 792.77, 793.92, 43.38837108]
[1482332400, 792, 792.81, 792.71, 792.77, 44.85008551]
[1482328800, 787.97, 792.81, 789.49, 792.7, 54.07763106]
[1482325200, 783.15, 789.97, 783.39, 789.44, 70.12301002]
[1482321600, 783.15, 784.66, 783.69, 783.9, 28.5001743]
[1482318000, 782.73, 784.2, 783.71, 783.69, 58.59835]
[1482314400, 782.74, 784.5, 782.74, 783.87, 26.42763835]
[1482310800, 780.01, 783.48, 783.07, 782.74, 34.9748755]
[1482307200, 775, 785.32, 783.73, 783.06, 51.09248582]
[1482303600, 778.14, 785, 778.14, 782.45, 35.54051044]
[1482300000, 777.73, 778.46, 778.1, 778.23, 4.85]
[1482296400, 778.05, 779.05, 779.03, 778.51, 3.964]
[1482292800, 777.23, 779.81, 777.23, 778.8, 6.18826388]
[1482289200, 774.66, 776.93, 774.66, 776.42, 7.37282534]
[1482285600, 774.09, 774.51, 774.51, 774.48, 0.24]
[1482282000, 771.84, 775.31, 771.84, 774.74, 10.81]
[1482278400, 771.11, 774.01, 771.12, 771.5, 30.11]
[1482274800, 769.09, 771.14, 769.51, 771.14, 30.224397]
[1482271200, 768.08, 770.44, 768.26, 769.51, 30.24116708]
[1482267600, 765.38, 768.57, 766.04, 768.32, 16.79484826]
[1482264000, 765.61, 767.77, 766.44, 766.48, 23.5518806]
[1482260400, 765.51, 768.65, 768.57, 766.72, 42.45500098]
[1482256800, 766.07, 768.65, 767.78, 767.77, 20.20085098]
[1482253200, 765.99, 768, 766, 767.61, 19.55513644]
[1482249600, 762.64, 767.08, 765.41, 766.33, 43.15422703]
[1482246000, 761.52, 767.08, 766.29, 765.43, 128.64602622]
[1482242400, 762.57, 767, 763.54, 766.29, 45.59550784]
[1482238800, 761.35, 766.76, 766.19, 764.64, 145.29008903]
[1482235200, 764.29, 766.19, 764.87, 766.19, 21.09653273]
[1482231600, 763.42, 765.15, 764, 764.94, 14.31598739]
[1482228000, 762.03, 765.6, 765.57, 764.6, 82.43610127]
[1482224400, 764.31, 765.57, 764.46, 765.57, 45.39891346]
[1482220800, 761.12, 765, 763.83, 764.27, 61.05546631]
[1482217200, 762.85, 765, 763.11, 763.84, 30.97947089]
[1482213600, 761.74, 763.09, 761.75, 763, 2.00174275]
[1482210000, 761.01, 762.88, 762.29, 761.74, 6.75262501]
[1482206400, 762.12, 762.92, 762.5, 762.51, 1.95398843]
[1482202800, 762.51, 763.44, 762.62, 762.51, 1.99]
[1482199200, 762.5, 762.62, 762.52, 762.62, 1.94]
[1482195600, 762.5, 763.91, 763.91, 762.62, 2.78980661]
[1482192000, 762.57, 763.93, 763.42, 763.77, 8.88250638]
[1482188400, 762.54, 764.89, 764.55, 762.85, 35.2182813]
[1482184800, 762.46, 764.9, 763.83, 763.95, 32.03123086]
[1482181200, 762.37, 764.9, 763.05, 763.86, 19.27930946]
[1482177600, 761.79, 764.01, 763.31, 763.64, 29.73142517]
[1482174000, 762.13, 763.77, 762.8, 762.69, 23.45578777]
[1482170400, 762.44, 764.02, 763.36, 762.56, 54.04288353]
[1482166800, 762, 764.51, 763.76, 763.94, 65.73032483]
[1482163200, 763.01, 763.76, 763.43, 763.76, 40.15978]
[1482159600, 762.21, 763.43, 762.89, 763.43, 36.69068326]
[1482156000, 760.02, 762.92, 762.12, 762.12, 23.25]
[1482152400, 761.91, 762.92, 762.9, 762.66, 25.50255539]
[1482148800, 762.51, 762.92, 762.61, 762.9, 23.6]
[1482145200, 762.07, 762.62, 762.61, 762.62, 24.08]
[1482141600, 761.51, 762.62, 762, 762.62, 51.08]
[1482138000, 761.2, 762, 761.21, 761.99, 14.55]
[1482134400, 760.01, 761.67, 760.31, 761.21, 38.07429]
[1482130800, 760.33, 761.67, 761.45, 760.7, 14.10266711]
[1482127200, 760.27, 761.5, 761.45, 761.29, 6.51306883]
[1482123600, 761.38, 761.5, 761.41, 761.46, 2.77]
[1482120000, 760.95, 761.42, 761.25, 761.41, 2.59]
[1482116400, 761.23, 761.5, 761.23, 761.49, 2.03]
[1482112800, 761.14, 761.43, 761.42, 761.32, 0.46]
[1482109200, 761.4, 761.5, 761.41, 761.43, 1.85]
[1482105600, 760.61, 761.41, 761.28, 761.25, 4.97]
[1482102000, 760.13, 761.3, 760.75, 761.29, 6.08239115]
[1482098400, 760.12, 760.76, 760.75, 760.75, 5.38]
[1482094800, 748.96, 760.76, 759.84, 760.23, 70.66831574]
[1482091200, 758.72, 760.58, 759.34, 759.9, 10.92]
[1482087600, 758.46, 760.15, 760.08, 760.1, 5.7]
[1482084000, 759.08, 760.15, 759.98, 760.14, 4.89063352]
[1482080400, 758.93, 760.14, 759.07, 760.03, 4.84]
[1482076800, 758, 759.28, 758.47, 759.09, 5.4]
[1482073200, 758, 759.32, 758.44, 758.37, 10.54711241]
[1482069600, 758.01, 760.42, 760.01, 758.29, 7.44586844]
[1482066000, 760, 761.66, 761.66, 760.01, 13.11885258]
[1482062400, 761.08, 761.67, 761.67, 761.67, 7.73]
[1482058800, 761.05, 761.67, 761.55, 761.05, 4.03]
[1482055200, 761, 761.56, 761.02, 761.2, 4.34]
[1482051600, 761.01, 761.67, 761.66, 761.66, 5.3599189]
[1482048000, 761, 761.67, 761.13, 761.03, 5.86]
[1482044400, 760.8, 761.67, 760.8, 761.04, 3.22]
[1482040800, 761.16, 761.66, 761.21, 761.55, 1.12]
[1482037200, 760.8, 761.66, 761.46, 760.8, 1.23]
[1482033600, 760.8, 761.66, 761.16, 760.8, 0.39]
[1482030000, 760.81, 761.41, 760.93, 761.4, 0.89]
[1482026400, 760.79, 761.66, 761.66, 760.99, 1.7]
[1482022800, 760.84, 761.67, 761.64, 761.66, 3.49]
[1482019200, 760.52, 761.67, 760.52, 761.67, 16.26913429]
[1482015600, 759.86, 761.67, 761.14, 760.66, 9.99717217]
[1482012000, 761.01, 761.65, 761.65, 761.62, 6.99639737]
[1482008400, 760.84, 761.67, 761.04, 761.63, 30.423]
[1482004800, 761, 761.59, 761, 761.59, 5.11]
[1482001200, 760.9, 761.67, 761.67, 761.41, 5.76364872]
[1481997600, 760.25, 761.67, 761.22, 761.67, 19.58]
[1481994000, 758.41, 761.38, 758.42, 761.38, 15.63556291]
[1481990400, 758.04, 758.51, 758.19, 758.51, 5.42]
[1481986800, 756.88, 758.49, 756.88, 758.49, 14.4752]
[1481983200, 756.21, 757.68, 756.58, 757.58, 19.47169149]
[1481979600, 756.01, 756.97, 756.04, 756.58, 16.16618942]
[1481976000, 756, 756.44, 756.01, 756.43, 10.15332228]
[1481972400, 755.94, 756.01, 755.94, 756.01, 16.26602658]
[1481968800, 754.99, 755.94, 755, 755.94, 31.81678123]
[1481965200, 754.38, 755.08, 754.56, 754.91, 33.33170236]
[1481961600, 753.79, 754.56, 754.31, 754.56, 11.22287335]
[1481958000, 753.4, 754.32, 754.04, 754.32, 11.45869098]
[1481954400, 753.27, 754.04, 753.86, 753.49, 10.840345]
[1481950800, 753.27, 753.87, 753.87, 753.87, 2.58]
[1481947200, 753.13, 753.87, 753.53, 753.87, 3.53]
[1481943600, 753.53, 753.54, 753.54, 753.54, 3.31]
[1481940000, 753.08, 753.54, 753.09, 753.54, 22.6302]
[1481936400, 752.98, 753.1, 752.98, 753.1, 3.3]
[1481932800, 751.46, 753.1, 751.77, 751.99, 15.71186179]
[1481929200, 751.99, 752.86, 752, 752.22, 3.85]
[1481925600, 750.73, 752, 751.66, 752, 8.41]
[1481922000, 749.88, 751.93, 751.66, 751.66, 16.44]
[1481918400, 750.47, 751.72, 751.69, 751.65, 21.126]
[1481914800, 749.77, 751.71, 750.43, 751.71, 15.03945906]
[1481911200, 749.64, 750.87, 750.35, 750.41, 11.29400512]
[1481907600, 750.09, 750.99, 750.11, 750.66, 17.01574817]
[1481904000, 749.35, 751, 750.26, 749.83, 22.09]
[1481900400, 749.22, 750.3, 749.96, 750.3, 27.51470777]
[1481896800, 749.07, 750, 749.7, 749.96, 46.56]
[1481893200, 748.81, 749.98, 749.98, 749.68, 7.14]
[1481889600, 748.02, 750, 749.35, 749.98, 18.37]
[1481886000, 748, 750, 748.49, 749.99, 16.05616327]
[1481882400, 747.98, 748.49, 747.99, 748.38, 30.94]
[1481878800, 747.33, 748, 747.96, 747.99, 30.62002614]
[1481875200, 746.52, 747.98, 746.52, 747.98, 21.6738419]
[1481871600, 744.9, 747.99, 744.91, 747.54, 30.620335]
[1481868000, 744.42, 744.91, 744.91, 744.91, 6.15199412]
[1481864400, 744.21, 744.91, 744.23, 744.87, 3.44766432]
[1481860800, 744.01, 744.6, 744.43, 744.48, 1.13]
[1481857200, 743.11, 744.9, 744.67, 744.28, 11.36]
[1481853600, 743, 744.91, 744.91, 744.5, 8.2]
[1481850000, 743.73, 744.88, 744.29, 744.88, 8.74]
[1481846400, 742.98, 745.2, 745.2, 744.71, 14.12]
