[1460966400, 381.63, 382.4, 381.69, 381.64, 13.45686028]
[1460962800, 381.01, 382.19, 381.93, 381.82, 9.2199559]
[1460959200, 381.91, 383.59, 383.59, 382, 9.6179]
[1460955600, 381.76, 383.65, 381.91, 383.59, 4.94342]
[1460952000, 381.5, 382.32, 382.32, 381.88, 6.05348603]
[1460948400, 381.67, 382.9, 381.74, 382.4, 1.89]
[1460944800, 381.06, 381.77, 381.06, 381.77, 1.35]
[1460941200, 380.78, 381.86, 381.85, 380.95, 5.8875]
[1460937600, 379.11, 381.86, 379.17, 381.86, 16.82639319]
[1460934000, 378.6, 379.17, 378.61, 379.17, 14.96744049]
[1460930400, 378.6, 379.1, 379.07, 378.61, 4.22]
[1460926800, 378.61, 379.08, 379.08, 379.07, 16.61167587]
[1460923200, 378, 379.1, 378.77, 379.08, 15.53027736]
[1460919600, 378, 379.74, 379.74, 379.08, 11.27488055]
[1460916000, 378.95, 379.97, 379.97, 379.86, 40.71150294]
[1460912400, 379.01, 380.99, 380, 379.98, 30.55283]
[1460908800, 380, 381.02, 381.02, 380, 6.56968163]
[1460905200, 381, 382.22, 381.92, 381.31, 12.93]
[1460901600, 381.01, 382.94, 381.49, 382.62, 24.68657]
[1460898000, 381.48, 383.63, 383.6, 381.48, 40.1015769]
[1460894400, 383.14, 384.57, 383.26, 383.6, 19.03626]
[1460890800, 383.21, 385.75, 385.72, 383.25, 13.72789447]
[1460887200, 382.12, 385.79, 384.26, 383.12, 17.8009601]
[1460883600, 382.15, 385.68, 382.91, 384.26, 27.12516843]
[1460880000, 382.12, 383.99, 382.73, 382.93, 9.69309147]
[1460876400, 382.45, 382.76, 382.47, 382.76, 1.62666]
[1460872800, 381.69, 382.54, 381.9, 382.43, 1.817]
[1460869200, 381.5, 382.69, 382.02, 381.9, 7.07699]
[1460865600, 382.23, 383.37, 383.37, 382.43, 4.5884079]
[1460862000, 382.41, 383.38, 382.66, 383.38, 2.17]
[1460858400, 382.94, 384, 384, 383.61, 2.49302]
[1460854800, 383.61, 384, 383.64, 384, 3.51857827]
[1460851200, 383.23, 383.76, 383.34, 383.65, 3.51]
[1460847600, 383.35, 384, 383.7, 383.35, 13.86]
[1460844000, 383.52, 383.99, 383.93, 383.99, 18.16]
[1460840400, 382.96, 383.99, 383.17, 383.99, 11.06]
[1460836800, 382.05, 383.1, 382.22, 382.53, 9.86399]
[1460833200, 381.81, 382.57, 382.3, 382.3, 139.65990014]
[1460829600, 382.01, 383.75, 382.98, 383.09, 8.23]
[1460826000, 382.19, 383.59, 383.34, 382.96, 9.34120421]
[1460822400, 382.68, 383.49, 383.35, 383.34, 7.23]
[1460818800, 382.8, 383.69, 382.92, 383.34, 5.29938398]
[1460815200, 381.61, 382.92, 382.63, 382.92, 7.02192176]
[1460811600, 379.97, 383.55, 383, 382.63, 128.76124819]
[1460808000, 382.75, 384.32, 384.05, 383, 48.89735419]
[1460804400, 384.05, 384.97, 384.7, 384.05, 15.32134137]
[1460800800, 384.07, 385, 384.99, 384.76, 15.17]
[1460797200, 384.86, 385, 384.86, 384.99, 15.82]
[1460793600, 383.35, 385, 385, 384.87, 45.06628576]
[1460790000, 382.99, 385, 383.36, 385, 105.84829187]
[1460786400, 383.01, 383.36, 383.35, 383.36, 13.4660005]
[1460782800, 382.88, 383.5, 383.03, 383.49, 3.09]
[1460779200, 383.03, 383.6, 383.32, 383.03, 4.45002818]
[1460775600, 382.91, 383.39, 382.91, 383.39, 2.55]
[1460772000, 382.3, 383.12, 382.62, 383.06, 8.82]
[1460768400, 382.31, 382.99, 382.75, 382.32, 5.73]
[1460764800, 382.37, 382.99, 382.73, 382.99, 2.99]
[1460761200, 381.69, 383.04, 381.94, 382.99, 21.5104798]
[1460757600, 381, 382, 382, 381.94, 12.7984249]
[1460754000, 381.35, 382.82, 382.2, 382, 26.25989446]
[1460750400, 381.02, 384.54, 382.05, 382.2, 73.27343857]
[1460746800, 381.05, 383, 381.49, 381.94, 35.09846387]
[1460743200, 380.32, 381.5, 380.41, 381.25, 11.7768]
[1460739600, 379.64, 381.37, 379.74, 380.33, 22.445875]
[1460736000, 379.25, 380.99, 380.94, 379.25, 23.85214516]
[1460732400, 379.01, 381, 381, 380.94, 39.72]
[1460728800, 380.61, 381.46, 381.35, 381, 16.22]
[1460725200, 381.13, 382.44, 382, 381.5, 40.91704]
[1460721600, 381.48, 383.14, 381.49, 382.21, 58.47007817]
[1460718000, 380.48, 381.5, 380.63, 381.33, 19.77827262]
[1460714400, 380.5, 380.99, 380.71, 380.99, 17.03289754]
[1460710800, 379.45, 380.94, 379.91, 380.2, 25.21]
[1460707200, 378.57, 379.98, 378.69, 379.94, 44.55]
[1460703600, 378.64, 378.73, 378.73, 378.64, 7.76]
[1460700000, 378.07, 380.32, 380.3, 378.67, 23.36900375]
[1460696400, 379.17, 381.29, 379.32, 380.51, 35.67]
[1460692800, 379.31, 379.51, 379.35, 379.51, 5.20083081]
[1460689200, 379.25, 379.35, 379.25, 379.35, 0.78]
[1460685600, 378.75, 379.25, 379.23, 379.25, 0.85]
[1460682000, 378.58, 379.48, 378.89, 378.92, 7.46]
[1460678400, 378.9, 379.5, 378.98, 378.9, 8.5]
[1460674800, 378.1, 379.12, 378.42, 379, 5.4877591]
[1460671200, 377.68, 378.42, 378.09, 378.42, 8.26]
[1460667600, 377.27, 379.45, 378.19, 378.07, 31.9]
[1460664000, 377.01, 378.5, 378.5, 378.19, 38.08]
[1460660400, 377.74, 378.79, 378.48, 378.5, 38.17]
[1460656800, 377.48, 378.48, 377.84, 378.4, 15.16]
[1460653200, 377.01, 377.99, 377.5, 377.84, 16.81]
[1460649600, 377.4, 377.93, 377.61, 377.5, 22.59]
[1460646000, 377.38, 377.51, 377.4, 377.38, 43.33810618]
[1460642400, 377.35, 377.82, 377.5, 377.38, 27.99311532]
[1460638800, 377.3, 377.93, 377.3, 377.5, 37.38874]
[1460635200, 377.24, 378.12, 377.54, 377.63, 18.68]
[1460631600, 377.51, 378, 377.98, 377.51, 26.85]
[1460628000, 377.39, 378.19, 377.4, 377.98, 37.84573355]
[1460624400, 377.14, 377.66, 377.34, 377.52, 32.1319224]
[1460620800, 377.25, 377.43, 377.43, 377.35, 26.03972]
[1460617200, 377.37, 377.99, 377.97, 377.39, 4.47]
[1460613600, 377, 378.85, 378.27, 377.97, 11.28]
[1460610000, 377.6, 378.83, 377.83, 378.83, 36.01]
[1460606400, 378.19, 379.09, 379, 378.63, 6.33013421]
[1460602800, 378.49, 379, 378.9, 379, 4.76]
[1460599200, 378.73, 378.87, 378.77, 378.81, 2.19]
[1460595600, 377.72, 378.81, 378.81, 377.86, 3.88964]
[1460592000, 378.02, 378.77, 378.02, 378.2, 3.64]
[1460588400, 377.47, 378.31, 377.87, 377.48, 7.244]
[1460584800, 377.02, 377.89, 377.5, 377.47, 11.9721]
[1460581200, 377.16, 378.09, 378.01, 377.74, 17.81006236]
[1460577600, 375.95, 377.98, 377.3, 377.54, 48.77954]
[1460574000, 376.94, 378.09, 378.09, 377.31, 14.57358324]
[1460570400, 376.63, 378.82, 377.4, 378.09, 40.78191698]
[1460566800, 375.95, 377.83, 376.19, 377.4, 86.75395092]
[1460563200, 375.84, 377.73, 376.59, 376.19, 42.42462598]
[1460559600, 375.97, 376.7, 376.6, 376.6, 17.3]
[1460556000, 375.35, 377.19, 376.2, 376.7, 10.361]
[1460552400, 374.39, 375.93, 375.06, 375.93, 22.51960483]
[1460548800, 374.97, 376.49, 375.87, 375.19, 86.33654953]
[1460545200, 374.82, 376.49, 375.21, 376.41, 62.4437562]
[1460541600, 374.53, 375.38, 375.09, 374.92, 41.4107035]
[1460538000, 375.06, 375.65, 375.35, 375.09, 40.14704149]
[1460534400, 375.21, 376.72, 375.68, 375.21, 37.77491776]
[1460530800, 375.3, 376.84, 375.99, 375.66, 62.02772]
[1460527200, 375.83, 378, 375.9, 375.99, 118.29536027]
[1460523600, 375.94, 376.93, 376.51, 375.96, 10.57481976]
[1460520000, 376.46, 376.63, 376.61, 376.46, 0.89]
[1460516400, 376.3, 378.36, 376.8, 376.86, 6.44]
[1460512800, 376.49, 376.99, 376.49, 376.99, 1.45]
[1460509200, 375.88, 376.49, 375.89, 376.45, 3.05582946]
[1460505600, 375.17, 377.25, 375.45, 376.85, 46.56206707]
[1460502000, 375.23, 375.45, 375.23, 375.45, 4.74]
[1460498400, 375.09, 375.23, 375.1, 375.23, 7.17]
[1460494800, 374.82, 375.44, 375.43, 375.1, 15.55]
[1460491200, 374.94, 381.51, 375.17, 375, 86.347068]
[1460487600, 375.02, 376.82, 376.64, 375.25, 31.00572947]
[1460484000, 375.62, 378.65, 375.66, 376.43, 49.81482521]
[1460480400, 375.17, 376.94, 375.58, 376.21, 28.60386287]
[1460476800, 374.81, 376.99, 375.07, 375.59, 73.1388365]
[1460473200, 374.51, 375.65, 375.49, 375.08, 37.2429]
[1460469600, 374.4, 377.79, 376.17, 375.92, 75.37328377]
[1460466000, 374.16, 377, 374.23, 376.21, 38.00895895]
[1460462400, 373.16, 374.23, 373.7, 374.22, 21.38]
[1460458800, 373.29, 374.23, 374.08, 373.96, 8.17]
[1460455200, 372.99, 374.12, 373.37, 374.08, 10.1]
[1460451600, 372.97, 373.4, 373.23, 373.37, 12.08955043]
[1460448000, 372.1, 373.65, 373.64, 373.5, 39.67324216]
[1460444400, 373.17, 374.54, 373.52, 373.65, 62.10394213]
[1460440800, 373.47, 375.75, 375.08, 373.97, 21.50219818]
[1460437200, 375, 376.07, 375.38, 375.08, 8.72146103]
[1460433600, 374.4, 376.18, 374.4, 375.49, 13.44839259]
[1460430000, 372.23, 374.34, 372.27, 374.34, 16.67363878]
[1460426400, 371.88, 372.43, 372.37, 372.11, 0.41]
[1460422800, 371.38, 373, 372.55, 371.68, 7.79985]
[1460419200, 372.2, 372.99, 372.2, 372.99, 3.52309278]
[1460415600, 371.67, 372.2, 371.97, 372.2, 3.36870639]
[1460412000, 371.4, 372.18, 371.75, 372.18, 6.431]
[1460408400, 371.09, 371.89, 371.62, 371.66, 14.63109785]
[1460404800, 370.99, 373.55, 371, 371.96, 64.88910849]
[1460401200, 370.25, 371.87, 371.38, 371.62, 56.52516697]
[1460397600, 370.52, 371.82, 370.72, 371.03, 94.37733098]
[1460394000, 370.53, 371.02, 370.94, 370.72, 8.67143685]
[1460390400, 370.09, 371.65, 370.71, 370.98, 32.01570501]
[1460386800, 370.03, 371.83, 371.74, 370.94, 18.43208539]
[1460383200, 370.02, 371.76, 370.94, 371.11, 22.08]
[1460379600, 370.94, 371.65, 371, 370.94, 11.58]
[1460376000, 370.04, 371, 370.11, 371, 7.97]
[1460372400, 370.02, 370.49, 370.49, 370.23, 30.03498546]
[1460368800, 369.75, 370.69, 369.84, 370.62, 19.67279781]
[1460365200, 369.01, 370.14, 369.76, 369.85, 8.8]
[1460361600, 368.91, 370.97, 370.75, 369.75, 42.79]
[1460358000, 370.25, 370.83, 370.51, 370.76, 7.47]
[1460354400, 370.51, 371, 371, 370.51, 3.86463]
[1460350800, 370.64, 371.03, 371.02, 371, 4.81]
[1460347200, 371.03, 371.49, 371.37, 371.34, 1.55]
[1460343600, 370.22, 371.52, 370.65, 371.37, 10.33754]
[1460340000, 370.56, 371.3, 371.07, 370.56, 0.64]
[1460336400, 370.85, 371.47, 370.94, 370.85, 1.3]
[1460332800, 370.95, 371.47, 371.15, 371.47, 3.11]
[1460329200, 370.86, 371.31, 371.2, 371.05, 0.75]
[1460325600, 370.56, 371.56, 371.55, 370.85, 9.54]
[1460322000, 370.55, 371.65, 371.62, 371.55, 23.83888]
[1460318400, 370.98, 371.8, 371.39, 371.62, 20.33]
[1460314800, 371.25, 371.82, 371.25, 371.61, 6.92]
[1460311200, 370.81, 371.81, 371.38, 371.73, 11.13437706]
[1460307600, 370.81, 371.38, 371.25, 371.38, 9.578]
[1460304000, 370.01, 371.49, 370.67, 371.25, 11.49]
[1460300400, 370.43, 371.27, 371, 371.21, 9.05]
[1460296800, 370.55, 371, 370.55, 371, 5.98]
[1460293200, 370.01, 371.4, 371.37, 370.55, 12.49]
[1460289600, 370.5, 371.21, 370.85, 370.51, 7.67]
[1460286000, 370.85, 371.49, 371.38, 370.87, 6.825]
[1460282400, 368.59, 371.49, 368.64, 371.49, 25.88845799]
[1460278800, 368.51, 369.93, 369.22, 368.67, 7.6287]
[1460275200, 368.75, 370.27, 368.75, 369.15, 13.19]
[1460271600, 368.75, 370, 369.04, 368.75, 5.59]
[1460268000, 368.6, 370.24, 369.84, 370.01, 6.54]
[1460264400, 369, 369.82, 369, 369.82, 0.53]
[1460260800, 368.46, 368.72, 368.46, 368.72, 0.83]
[1460257200, 367.95, 369.04, 369.03, 368.23, 1.07]
[1460253600, 368.24, 368.38, 368.38, 368.36, 0.51]
[1460250000, 368.2, 369.6, 368.43, 369.6, 16.56]
[1460246400, 368.25, 368.45, 368.36, 368.43, 0.91]
