[1468166400, 588.63, 591.97, 588.63, 590.67, 7.02514727]
[1468162800, 586.73, 589.01, 587.13, 588.1, 5.72453414]
[1468159200, 585.6, 590.32, 588.8, 587.47, 14.39]
[1468155600, 585.69, 592, 591.74, 589.7, 17.77]
[1468152000, 589.89, 592.23, 589.89, 591.74, 7.4]
[1468148400, 588.74, 590.92, 589.07, 589.62, 5.1837089]
[1468144800, 590.55, 593.5, 591.38, 591.16, 9.96]
[1468141200, 591.34, 593.55, 591.34, 591.48, 11.44]
[1468137600, 588.69, 592.15, 591.16, 591.36, 3.54]
[1468134000, 589.63, 592.02, 591.03, 591.16, 4.20910169]
[1468130400, 588.75, 592.14, 592.14, 588.81, 1.4073]
[1468126800, 592.13, 592.15, 592.15, 592.14, 0.42]
[1468123200, 592.15, 592.16, 592.15, 592.15, 1.551]
[1468116000, 592.03, 592.93, 592.93, 592.04, 0.54]
[1468112400, 592.94, 593.87, 593.65, 592.94, 2.87]
[1468108800, 587.21, 593.65, 593.65, 593.41, 5.3]
[1468105200, 593.83, 594.93, 594.1, 593.83, 1.60336495]
[1468101600, 589.71, 599.57, 593.85, 595.06, 34.88]
[1468098000, 585.89, 593.59, 585.89, 593.59, 10.1627]
[1468094400, 583.42, 587.23, 585.81, 586.05, 10.68]
[1468090800, 581.86, 595, 585.29, 585.88, 28.92]
[1468087200, 582.15, 587.49, 582.75, 585.29, 16.61801887]
[1468083600, 579.93, 585.28, 583.51, 582.71, 19.52181503]
[1468080000, 560.26, 602.67, 601.58, 584.06, 89.82861361]
[1468076400, 597.38, 605.64, 604.85, 603.89, 13.38]
[1468072800, 592.08, 605.66, 594.43, 605.66, 13.61757125]
[1468069200, 591.66, 596.4, 592.62, 592.74, 16.68450006]
[1468065600, 587.61, 598.33, 596.97, 592.63, 19.1855]
[1468062000, 595.78, 597.2, 597.2, 596.96, 8.03615015]
[1468058400, 593.86, 599.04, 595.81, 597.96, 13.4]
[1468054800, 590, 597.54, 597.54, 595.8, 31.16399798]
[1468051200, 596.71, 603.62, 599.4, 597.16, 16.2533387]
[1468047600, 595, 603.39, 603.39, 596.57, 12.3]
[1468044000, 601.26, 605.39, 605.39, 603.38, 1.6]
[1468040400, 599.24, 606.85, 599.99, 604.28, 11.2533]
[1468036800, 599.99, 602.86, 602.19, 599.99, 10.46853617]
[1468033200, 600.1, 603.47, 601.74, 602.76, 7.79]
[1468029600, 600.68, 607.75, 607.01, 601.81, 2.941]
[1468026000, 603.89, 607.63, 607.62, 607.01, 2.04]
[1468022400, 603.87, 609.22, 609.22, 605.69, 4.83]
[1468018800, 604.2, 609.22, 604.96, 609.22, 15.43960334]
[1468015200, 601.64, 605.7, 603.67, 604.96, 13.36]
[1468011600, 601.15, 605, 601.15, 603.66, 18.87707594]
[1468008000, 597.28, 601.15, 598.87, 601.15, 12.47867584]
[1468004400, 596.55, 599.52, 596.79, 598.86, 12.79]
[1468000800, 592.91, 596.79, 596.72, 596.79, 19.76]
[1467997200, 592.91, 596.72, 596.67, 596.72, 19.27]
[1467993600, 596.22, 596.67, 596.63, 596.67, 18.39975225]
[1467990000, 595, 597.73, 597.03, 596.63, 17.03206412]
[1467986400, 595, 598.74, 596.16, 598.58, 25.39]
[1467982800, 592.63, 598.71, 592.71, 596.23, 19.80577399]
[1467979200, 587.44, 594, 587.57, 592.27, 25.26574796]
[1467975600, 587.35, 588.95, 587.36, 587.57, 22.07]
[1467972000, 583.69, 589, 584.07, 587.64, 16.24]
[1467968400, 580.01, 588.94, 586.98, 583.91, 35.16]
[1467964800, 583.51, 589.37, 588.52, 586.97, 27.43684675]
[1467961200, 583.88, 590, 583.88, 588.52, 24.42]
[1467957600, 580.12, 585.35, 582.67, 583.98, 10.42]
[1467954000, 581.85, 585.11, 584.34, 582.7, 1.91012798]
[1467950400, 581.85, 585.32, 585.28, 583.96, 1.4]
[1467946800, 582.27, 588.34, 588.34, 582.27, 1.63]
[1467943200, 582.32, 589.73, 588, 589.14, 8.07]
[1467939600, 585.24, 589.72, 589.61, 588, 5.5]
[1467936000, 584.84, 589.68, 584.96, 589.68, 5.7086]
[1467932400, 580, 586.05, 582.21, 585.06, 30.30990722]
[1467928800, 572.35, 586.74, 572.35, 582.21, 43.64900395]
[1467925200, 560.25, 572.35, 567.06, 572.35, 34.40212433]
[1467921600, 567.05, 569.9, 567.06, 567.06, 21.98431515]
[1467918000, 562.64, 568.9, 568.88, 567.06, 28.17647468]
[1467914400, 562.48, 568.91, 563.69, 568.88, 41.26226198]
[1467910800, 557.94, 569.22, 561.02, 563.27, 53.33893265]
[1467907200, 559.8, 582.6, 581.99, 563.38, 63.32774762]
[1467903600, 581.49, 587.11, 583.12, 581.99, 23.96]
[1467900000, 580, 586.21, 584.5, 583.27, 47.52807526]
[1467896400, 583.94, 589, 588.18, 584.5, 37.12861909]
[1467892800, 588.66, 590.33, 589.93, 588.88, 25.50189268]
[1467889200, 586.44, 594.83, 586.86, 589.93, 21.60816825]
[1467885600, 586.58, 598.43, 590.01, 587.01, 48.99550211]
[1467882000, 590, 596, 594.67, 590.01, 29.6879622]
[1467878400, 580, 595, 590.06, 591.63, 34.91624803]
[1467874800, 580.45, 592.65, 590.99, 580.82, 77.66715918]
[1467871200, 581.4, 602.36, 594.16, 590.97, 82.725]
[1467867600, 586.68, 600.53, 593.94, 597.65, 23.4855568]
[1467864000, 585, 612.61, 612.35, 598.33, 63.38517366]
[1467860400, 611.1, 614.08, 614.08, 612.36, 6.92128196]
[1467856800, 611.34, 617.62, 615.98, 614.58, 7.74]
[1467853200, 612.34, 616.66, 616.17, 615.98, 5.38]
[1467849600, 614.25, 616.38, 616.38, 616.19, 6.59]
[1467846000, 614.58, 617.51, 614.95, 616.44, 5.49]
[1467842400, 614.92, 618.75, 617.29, 617.61, 10.462]
[1467838800, 614.92, 619, 617.66, 618.58, 50.9875]
[1467835200, 615.1, 618.99, 617.01, 617.66, 26.91934]
[1467831600, 615.21, 619, 618.33, 617.01, 18.76222197]
[1467828000, 616.01, 618.36, 616.77, 618.36, 13.87]
[1467824400, 611.1, 616.88, 615.49, 615.99, 21.11570329]
[1467820800, 611.43, 618.08, 618.08, 615.49, 19.37]
[1467817200, 611.42, 618.91, 615.99, 618.38, 25.2130586]
[1467813600, 612.81, 618.42, 613.12, 616, 18.17538274]
[1467810000, 612.81, 617.27, 614.4, 613.12, 10.5788]
[1467806400, 611.98, 617.3, 615.45, 616.51, 16.87444161]
[1467802800, 609.55, 618.11, 610.63, 612.83, 25.4613922]
[1467799200, 607.68, 615.15, 612.73, 614.27, 29.88]
[1467795600, 609.89, 619.3, 615.06, 612.8, 33.5301]
[1467792000, 612.62, 616.93, 613.38, 615.47, 16.3085]
[1467788400, 608.32, 616.65, 614.31, 608.32, 35.6]
[1467784800, 612.19, 618.19, 616.83, 614.54, 5.94]
[1467781200, 616.83, 619.2, 616.98, 616.86, 18.94773532]
[1467777600, 614.69, 617.56, 617.34, 616.46, 6.42]
[1467774000, 616.64, 617.56, 617.55, 617.33, 2.6]
[1467770400, 614.96, 617.57, 617.56, 617.44, 4.89]
[1467766800, 611.04, 617.57, 612.46, 617.56, 5.17]
[1467763200, 606.13, 613.31, 610.66, 612.95, 8.32985216]
[1467759600, 605.85, 611.17, 611.17, 610.69, 9.04]
[1467756000, 606.26, 615, 613.18, 611.17, 26.47]
[1467752400, 606.55, 614.9, 613, 612.97, 18.347]
[1467748800, 609.26, 614, 611.82, 613, 15.43533937]
[1467745200, 606.35, 614.78, 614.48, 611.39, 37.08942491]
[1467741600, 608.3, 614.88, 609.13, 614.61, 39.2263961]
[1467738000, 604.59, 611.25, 609.86, 609.5, 26.68]
[1467734400, 603.95, 614.54, 606.49, 609.87, 69.47]
[1467730800, 601, 608.09, 601.94, 606.87, 15.82202125]
[1467727200, 603.08, 608.81, 605.83, 604.76, 38.57164142]
[1467723600, 605.7, 607.85, 605.71, 605.86, 7.47]
[1467720000, 605.7, 608.42, 607.99, 605.7, 14.75]
[1467716400, 601, 607.99, 603.72, 607.99, 15.15]
[1467712800, 601.3, 606.86, 604.53, 602.06, 20.68158948]
[1467709200, 601.6, 607.99, 607, 604.17, 18.1933]
[1467705600, 604.59, 607.75, 607.63, 606.99, 13.13508948]
[1467702000, 606.22, 610, 609.25, 607.71, 10.228769]
[1467698400, 607.4, 609.26, 608.89, 609.25, 8.59024]
[1467694800, 607.4, 609.26, 609.26, 608.55, 3.839]
[1467691200, 609.25, 611.56, 611.56, 609.26, 2.5238126]
[1467687600, 610.94, 611.47, 611.12, 611.34, 0.19]
[1467684000, 609.28, 610.39, 610.39, 609.38, 5.21977066]
[1467680400, 609.26, 612.35, 611.99, 609.41, 4.19818056]
[1467676800, 611.99, 612, 612, 612, 3.98443783]
[1467673200, 609.9, 612, 610.91, 612, 4.36]
[1467669600, 609.24, 610.99, 609.24, 609.62, 5.97298325]
[1467666000, 605.94, 609.24, 605.95, 609.24, 11.2]
[1467662400, 603.74, 607.81, 607.67, 605.95, 16.755785]
[1467658800, 604.32, 607.98, 604.32, 607.97, 7.30388007]
[1467655200, 601.77, 605.42, 603.19, 604.61, 8.206]
[1467651600, 602.31, 604.09, 604.01, 603.2, 8.36]
[1467648000, 601.06, 609.24, 609.24, 604, 13.74612644]
[1467644400, 609, 611.99, 609.89, 609.23, 24.42681724]
[1467640800, 609, 613, 612.47, 609.81, 13.68]
[1467637200, 600.96, 612.6, 603.91, 611.07, 26.23185997]
[1467633600, 601.7, 605.61, 605.59, 603.91, 12.3334]
[1467630000, 602.61, 606.98, 604.79, 605.6, 9.14139147]
[1467626400, 601.79, 607.45, 604.7, 604, 16.546]
[1467622800, 603.42, 607.95, 606.88, 604.7, 7.98]
[1467619200, 596.62, 609, 605.91, 606.39, 31.13]
[1467615600, 604.64, 609.07, 608.87, 606.34, 11.1675]
[1467612000, 604.6, 608.86, 604.7, 608.86, 4.56350205]
[1467608400, 603.99, 608.35, 608.35, 603.99, 2.85916]
[1467604800, 602.99, 610, 602.99, 608.38, 8.28535]
[1467601200, 599.63, 603, 602.55, 602.99, 1.83245]
[1467597600, 598.56, 602.94, 598.57, 602.21, 1.87864851]
[1467594000, 585.11, 598.85, 597.73, 598.56, 35.67230731]
[1467590400, 597.74, 597.89, 597.89, 597.74, 10.04522662]
[1467586800, 597.88, 602.48, 599.8, 597.88, 10.91092292]
[1467583200, 597.96, 600.77, 599.56, 599.81, 4.99140747]
[1467579600, 595.6, 599.33, 598.33, 598.76, 7.346]
[1467576000, 595.04, 602.41, 602.24, 598.09, 12.036849]
[1467572400, 595.48, 603.58, 595.5, 602.26, 7.48]
[1467568800, 594.03, 596.98, 595.75, 595.47, 11.03]
[1467565200, 585, 596.91, 588.3, 596.91, 19.3405]
[1467561600, 585.34, 597.33, 593, 589.41, 20.89135275]
[1467558000, 585, 604.18, 603.02, 593, 82.90072826]
[1467554400, 596, 612.37, 612.37, 596, 19.74443129]
[1467550800, 607.17, 614.36, 607.98, 612.49, 15.52394328]
[1467547200, 606.03, 614.06, 614.06, 606.03, 8.33402181]
[1467543600, 612.12, 614.72, 613.52, 614.06, 6.80099922]
[1467540000, 605.23, 614.17, 607.36, 613.52, 17.74039639]
[1467536400, 595.03, 608.51, 604.61, 607.51, 49.78518427]
[1467532800, 601.44, 616.6, 616.6, 604.68, 32.52510255]
[1467529200, 611.48, 622.62, 622.62, 613.8, 36.40097245]
[1467525600, 622, 625.62, 625.62, 623.02, 9.71140335]
[1467522000, 625.61, 625.68, 625.68, 625.62, 0.7]
[1467518400, 624.91, 625.62, 624.91, 625.62, 0.40812]
[1467514800, 618.76, 623.48, 620.38, 623.48, 6.8070805]
[1467511200, 620, 632.46, 632.46, 620.98, 18.07721185]
[1467507600, 631.91, 632.95, 632.1, 632.69, 1.56]
[1467504000, 625, 635.58, 634.79, 632.1, 12.4985]
[1467500400, 625.02, 636.02, 630.03, 636.02, 43.80309522]
[1467496800, 629.98, 631.68, 630, 630.97, 10.0803]
[1467493200, 627.07, 630, 627.62, 630, 18.98945437]
[1467489600, 625.43, 627.32, 626.3, 627, 8.68454134]
[1467486000, 623.66, 627.68, 626.98, 627.06, 10.4734987]
[1467482400, 624.72, 626.98, 625.09, 626.98, 6.76]
[1467478800, 623.7, 625.09, 623.75, 625.09, 9.9098774]
[1467475200, 621.7, 625, 622, 623.76, 12.5]
[1467471600, 618.77, 622, 618.77, 621.99, 16.8043]
[1467468000, 618.77, 619, 618.96, 618.78, 26.57376557]
[1467464400, 618.88, 618.96, 618.88, 618.96, 21.23234292]
[1467460800, 618.79, 618.88, 618.79, 618.88, 41.71245631]
[1467457200, 618.65, 618.8, 618.66, 618.79, 43.91658]
[1467453600, 617.45, 618.67, 617.45, 618.66, 193.93287332]
[1467450000, 610.94, 617.45, 613.09, 617.45, 51.7971772]
[1467446400, 611.33, 613.36, 612.88, 613.12, 7.52]
