[1466726400, 554, 565, 558.72, 565, 48.36646263]
[1466722800, 550.88, 560.74, 552.97, 556.44, 45.1409]
[1466719200, 544.66, 552.17, 547.68, 551.08, 18.88845121]
[1466715600, 540.82, 552.88, 548.09, 549.93, 39.18725537]
[1466712000, 534.49, 548.59, 538.57, 547.87, 85.78182924]
[1466708400, 537.99, 560, 555.02, 537.99, 44.46025187]
[1466704800, 541.16, 564.19, 542.54, 556.8, 92.87507253]
[1466701200, 530.89, 554.62, 531.45, 542.31, 105.14126714]
[1466697600, 499, 531.39, 499, 531.39, 54.57464759]
[1466694000, 499, 508.39, 507.97, 499.01, 59.28955111]
[1466690400, 505.03, 517.19, 516.11, 507.97, 54.60245511]
[1466686800, 508.89, 517.19, 517.19, 512.88, 65.96750435]
[1466683200, 512.03, 524.12, 523.5, 517.59, 54.94990577]
[1466679600, 521.67, 526.77, 522, 523.58, 55.50028728]
[1466676000, 515.35, 524.83, 521.31, 522, 41.91632632]
[1466672400, 515.29, 528.97, 526.1, 522.97, 84.34]
[1466668800, 522.03, 530.98, 524.92, 526.71, 45.87461312]
[1466665200, 515.91, 533.82, 526.64, 526.96, 106.88550876]
[1466661600, 504.46, 531, 515.94, 524.44, 65.43679039]
[1466658000, 504.28, 519.68, 519.68, 508.19, 49.65715971]
[1466654400, 515.93, 527.95, 520, 515.93, 27.281]
[1466650800, 516.82, 538.21, 519.87, 520.01, 10.71]
[1466647200, 495.17, 526.46, 495.17, 519.73, 40.6953002]
[1466643600, 493.35, 526.63, 525.04, 493.35, 54.50758675]
[1466640000, 523.96, 533.48, 529.41, 525.89, 21.41073626]
[1466636400, 517, 535.96, 534.48, 530.08, 66.69996765]
[1466632800, 528.12, 553.3, 552.07, 534.66, 52.59064559]
[1466629200, 530.77, 555.3, 543.7, 552.07, 78.42500596]
[1466625600, 539.31, 558.97, 558.97, 546.64, 100.57058164]
[1466622000, 550.24, 564.1, 561.87, 559, 37.10551932]
[1466618400, 530.77, 571.57, 560, 563.22, 112.47885483]
[1466614800, 558, 568.65, 560, 560.03, 60.7344678]
[1466611200, 552.7, 584.28, 578.77, 560, 87.82163319]
[1466607600, 577, 596.15, 593.89, 577.75, 37.32040595]
[1466604000, 589.96, 594.99, 592.97, 593.99, 27.17225328]
[1466600400, 589.99, 598.64, 596.8, 592.97, 69.67134226]
[1466596800, 592.76, 598.75, 595.55, 597.47, 28.1184]
[1466593200, 592.14, 601.31, 598.19, 592.82, 62.70467868]
[1466589600, 593.07, 604.11, 603.95, 597.95, 35.51440265]
[1466586000, 600.42, 608.73, 605.59, 603.58, 43.51944711]
[1466582400, 598.09, 606.59, 605.04, 605.87, 64.34447227]
[1466578800, 591.57, 607.89, 592.17, 604.49, 62.48269148]
[1466575200, 592.98, 602.88, 596.24, 593, 68.8978]
[1466571600, 586.36, 601.98, 588.49, 596.11, 73.00365267]
[1466568000, 586.36, 588.9, 587.02, 588.87, 4.3]
[1466564400, 587.53, 598.71, 598.71, 587.53, 5.86]
[1466560800, 596.03, 599.78, 596.03, 598.5, 2.2]
[1466557200, 599.09, 609, 602.99, 599.09, 15.54612285]
[1466553600, 595.77, 603, 595.77, 602.99, 19.02480433]
[1466550000, 587.24, 599.96, 587.99, 596.55, 18.55401913]
[1466546400, 577.83, 590.16, 588.06, 587.42, 19.18242227]
[1466542800, 580.01, 597.24, 581.22, 586.26, 55.8686353]
[1466539200, 571.48, 596.37, 578.86, 584.71, 133.94424176]
[1466535600, 554.55, 588, 586.98, 583.48, 97.86386678]
[1466532000, 571.95, 598.78, 596.48, 586.98, 54.1490855]
[1466528400, 587.48, 612.7, 606.66, 596.5, 52.40247578]
[1466524800, 596.35, 614.99, 596.36, 606.66, 44.78776133]
[1466521200, 586.85, 623, 586.85, 600.61, 57.41830072]
[1466517600, 544.38, 605, 560.63, 605, 191.36248687]
[1466514000, 560.03, 600.79, 600.79, 572.89, 99.03222232]
[1466510400, 575, 607.89, 588, 601.09, 115.69926121]
[1466506800, 580, 636.99, 610.04, 588.11, 120.08223848]
[1466503200, 600.9, 644.36, 634, 610.03, 59.94607041]
[1466499600, 608.01, 639.55, 631.77, 630, 49.13899243]
[1466496000, 624.04, 640, 630.75, 631.73, 43.9005]
[1466492400, 622.61, 636.54, 622.61, 624.07, 56.10773733]
[1466488800, 602.54, 643.14, 616.44, 624.69, 125.90925156]
[1466485200, 600.64, 631.34, 613.98, 617.24, 68.5]
[1466481600, 600.43, 628.03, 616.61, 613.98, 39.19878696]
[1466478000, 590.44, 626, 598.96, 616.72, 35.55835503]
[1466474400, 599.01, 609.47, 609.47, 602.42, 17.13323051]
[1466470800, 590, 623.3, 607.67, 608.29, 102.27317431]
[1466467200, 599.89, 640.53, 640.1, 607.67, 84.3557354]
[1466463600, 640.1, 657.93, 652.16, 640.1, 53.23455369]
[1466460000, 642.66, 658.35, 658.24, 652.64, 25.5034]
[1466456400, 645.41, 660, 657.72, 657.97, 36.09028696]
[1466452800, 649.85, 659, 653.11, 657.76, 33.10414013]
[1466449200, 642.6, 661.88, 660.26, 647.54, 112.89648459]
[1466445600, 655.01, 660.74, 658.01, 660.39, 13.45209222]
[1466442000, 652.27, 663.26, 656.54, 658.21, 22.39905289]
[1466438400, 650.13, 659.99, 658.4, 659.99, 33.91423033]
[1466434800, 635.44, 659.13, 654.99, 658.4, 79.76359282]
[1466431200, 651.88, 668.2, 667.63, 656.26, 61.88616199]
[1466427600, 663.58, 670.27, 668.56, 667.65, 17.64184935]
[1466424000, 660.02, 671.63, 671.62, 668.56, 26.42903436]
[1466420400, 666, 678.32, 675.01, 671.65, 24.20832427]
[1466416800, 675, 678.22, 677.69, 675.01, 32.97427482]
[1466413200, 675, 680.58, 680.04, 677.26, 56.28613495]
[1466409600, 677.27, 684.99, 679.05, 679.7, 14.01410711]
[1466406000, 675.01, 684.11, 678.53, 679.07, 31.56493945]
[1466402400, 675.41, 685, 677.86, 679.04, 29.40975676]
[1466398800, 676.38, 678.75, 677.43, 677.97, 2.62]
[1466395200, 676.15, 679.99, 677.54, 677.44, 3.21228]
[1466391600, 676.63, 678.34, 677.58, 677, 3.41]
[1466388000, 677, 680.76, 677.01, 677.43, 4.76]
[1466384400, 677, 680.54, 678.89, 677, 41.42066062]
[1466380800, 677.56, 680.49, 680.49, 679.89, 13.27903247]
[1466377200, 679.94, 682.99, 681.51, 680.94, 6.67]
[1466373600, 679.68, 684.96, 682.83, 682.11, 15.1422]
[1466370000, 679.78, 690, 682.73, 682.75, 20.13563718]
[1466366400, 677.03, 684.98, 678.28, 683.94, 14.25708542]
[1466362800, 678, 683.97, 682.06, 679.99, 12.95]
[1466359200, 679.01, 684, 683.62, 679.58, 5.31663638]
[1466355600, 679.03, 684, 683, 682.24, 10.37388724]
[1466352000, 679.03, 683.53, 683.23, 682.54, 8.50889592]
[1466348400, 679.01, 684.97, 680.17, 684.97, 15.6853174]
[1466344800, 676.53, 684.99, 677.95, 680.51, 23.42626234]
[1466341200, 673.26, 678.42, 675.19, 677.93, 15.9098]
[1466337600, 673.03, 682, 677.74, 675.19, 16.82412289]
[1466334000, 673, 682.13, 674.01, 677.54, 40.27757318]
[1466330400, 673, 674.07, 674.06, 674, 14.96829835]
[1466326800, 673, 677.1, 676.2, 674.06, 35.21819542]
[1466323200, 673.76, 676.63, 674.51, 676.38, 4.67]
[1466319600, 674.5, 679.41, 675.48, 674.51, 4.62]
[1466316000, 673, 676.87, 673.78, 675.49, 11.15303823]
[1466312400, 673, 673.11, 673.01, 673.01, 5.52]
[1466308800, 673, 673.08, 673.03, 673, 13.21540684]
[1466305200, 673.02, 674.3, 674.23, 673.02, 3.0091]
[1466301600, 674.23, 676.52, 674.74, 674.36, 1.6]
[1466298000, 674.23, 678.19, 675.76, 674.23, 2.27]
[1466294400, 675, 680.74, 676.67, 678.8, 3.5888]
[1466290800, 673.37, 681.99, 679.1, 676.55, 8.07402248]
[1466287200, 670.24, 680.18, 670.43, 679.1, 24.85173973]
[1466283600, 666.54, 682.21, 670.69, 671.32, 21.93574907]
[1466280000, 663.5, 693.97, 689.72, 670.03, 117.92405185]
[1466276400, 688.64, 693.98, 691.62, 689.85, 14.88666411]
[1466272800, 689, 696.08, 694.01, 691.93, 26.5580945]
[1466269200, 686.6, 695, 688.99, 694, 30.91814457]
[1466265600, 675.69, 694.99, 678, 688.93, 41.00809508]
[1466262000, 670, 678, 673.71, 678, 13.192498]
[1466258400, 671.71, 676.7, 675.59, 675, 11.08805778]
[1466254800, 671.22, 678.85, 673.55, 677.62, 10.72]
[1466251200, 670.13, 680, 674.14, 673.25, 34.70255308]
[1466247600, 673.8, 677.47, 675.81, 673.82, 8.25]
[1466244000, 672.01, 677.99, 673.46, 675.81, 16.25943863]
[1466240400, 671, 676.91, 674.6, 673.46, 13.49083799]
[1466236800, 665.96, 678.31, 665.96, 673, 22.52131851]
[1466233200, 663.03, 670.15, 667.86, 665.99, 18.2083114]
[1466229600, 665.98, 668.24, 667.82, 667, 9.56]
[1466226000, 666.54, 668.24, 666.83, 667.09, 6.85915678]
[1466222400, 657, 666.84, 658.65, 666.53, 9.5636]
[1466218800, 658.98, 668.24, 662.16, 658.98, 2.01]
[1466215200, 659.41, 668.25, 660.01, 659.41, 6.8025]
[1466211600, 657, 665.44, 665.44, 660, 7.6715]
[1466208000, 660.86, 670.15, 670.15, 665.71, 3.47]
[1466204400, 663.32, 678.21, 665.27, 669.73, 18.90313785]
[1466200800, 660, 667.93, 666.79, 665.25, 17.34790233]
[1466197200, 666.79, 679.58, 673.43, 667.75, 19.0071151]
[1466193600, 672.1, 682.27, 674.37, 673.6, 55.99376837]
[1466190000, 670.5, 676.7, 672.99, 674.37, 32.46922931]
[1466186400, 663.84, 674.52, 673.44, 671.91, 37.9395]
[1466182800, 661.01, 715.65, 667.68, 673.41, 99.66462019]
[1466179200, 657.01, 669.13, 669.03, 668.88, 33.18534865]
[1466175600, 665.01, 672.32, 667.95, 669.77, 14.23098]
[1466172000, 664.99, 679.94, 672.51, 667.95, 64.3099289]
[1466168400, 668.03, 680.38, 669.64, 672.51, 31.12253355]
[1466164800, 657, 679.62, 662.71, 669.87, 55.45999951]
[1466161200, 657.23, 663, 658.48, 662.02, 10.29976287]
[1466157600, 653, 662.88, 658.58, 659.8, 71.42592208]
[1466154000, 653, 663.79, 662.53, 658.69, 71.6188255]
[1466150400, 656.71, 673.7, 657.67, 662.48, 64.75526281]
[1466146800, 630.01, 660, 639.69, 660, 114.6992218]
[1466143200, 624.41, 676.2, 666.63, 639.97, 117.84617528]
[1466139600, 660.93, 697.58, 692.46, 660.93, 72.68023261]
[1466136000, 692.45, 696.98, 695.86, 696.98, 19.4310434]
[1466132400, 692.82, 696.88, 692.82, 695.32, 5.97]
[1466128800, 693, 696.88, 693, 696.87, 7.42440001]
[1466125200, 692.45, 696.72, 692.45, 693.73, 7.5577]
[1466121600, 692.44, 695.67, 692.44, 692.44, 32.30081638]
[1466118000, 688.5, 695.29, 691.64, 692.44, 33.0321]
[1466114400, 690.09, 698, 691.15, 691.97, 22.26979048]
[1466110800, 686.15, 697.92, 686.71, 693.85, 51.058537]
[1466107200, 680.17, 690.74, 688.56, 687.63, 62.45896906]
[1466103600, 678.89, 692.02, 678.9, 689, 80.52197347]
[1466100000, 670.1, 678.9, 675.99, 678.9, 30.01844101]
[1466096400, 668.77, 676.57, 669.55, 675.95, 45.94626491]
[1466092800, 665.51, 679.71, 666.03, 669.53, 36.69747539]
[1466089200, 665.1, 675, 665.69, 668.78, 64.46906871]
[1466085600, 665, 665.7, 665.02, 665.7, 17.51007178]
[1466082000, 661.91, 665.3, 662.01, 665.02, 28.21345856]
[1466078400, 658, 665.27, 660.01, 662.56, 19.02413124]
[1466074800, 654.13, 678.89, 663.21, 660.85, 43.17015622]
[1466071200, 655.99, 668.19, 666.35, 663.28, 69.33393828]
[1466067600, 655.75, 666.36, 659.29, 666.35, 49.98475614]
[1466064000, 654.63, 666.68, 656.76, 659.93, 66.5835568]
[1466060400, 648.81, 656.77, 654.79, 656.76, 60.98811885]
[1466056800, 645.76, 655, 645.76, 654.02, 61.30188042]
[1466053200, 644.5, 649.99, 645.39, 645.75, 21.92582764]
[1466049600, 639, 648.28, 645.87, 645.4, 42.06544]
[1466046000, 642.61, 646.49, 642.81, 645.37, 21.42]
[1466042400, 633.24, 647.44, 642.1, 641.68, 23.32295124]
[1466038800, 628.48, 645, 629.76, 642.11, 36.94976153]
[1466035200, 623.34, 630.62, 623.34, 627.99, 19.84729996]
[1466031600, 618.12, 622.41, 618.73, 622.29, 24.67268988]
[1466028000, 615.36, 620.56, 618.61, 618.99, 24.45]
[1466024400, 616, 622.24, 619.25, 618.71, 32.15467]
[1466020800, 618.05, 624.1, 619.86, 620.78, 22.04515989]
[1466017200, 618.01, 624.9, 623.01, 622.96, 27.44005783]
[1466013600, 616.77, 624.12, 618.5, 623.55, 27.12989409]
[1466010000, 617.48, 624.72, 617.48, 618.78, 37.78]
[1466006400, 615.3, 620.61, 615.53, 617.48, 47.15162807]
