[1458086400, 373.36, 376.04, 374.55, 375.38, 35.247]
[1458082800, 374.05, 374.83, 374.66, 374.5, 6.76278568]
[1458079200, 374.23, 375.5, 374.43, 374.66, 12.72]
[1458075600, 373.92, 375.08, 374.37, 374.35, 14.98280597]
[1458072000, 374.02, 375.03, 374.84, 374.69, 11.76088381]
[1458068400, 374.22, 375.61, 374.71, 374.8, 33.24213289]
[1458064800, 373.89, 375.04, 374.45, 374.71, 34.09035523]
[1458061200, 373.54, 375.04, 374.71, 374.75, 19.9046123]
[1458057600, 372.92, 375, 374.49, 374.7, 43.61917852]
[1458054000, 372.43, 374.58, 372.44, 374.58, 16.74595043]
[1458050400, 372.11, 375.58, 375.14, 372.13, 35.41309808]
[1458046800, 374.4, 375.94, 375.3, 375.41, 24.97662309]
[1458043200, 374.53, 375.79, 375.6, 375.37, 30.78224325]
[1458039600, 374.54, 375.85, 375, 375.6, 35.8149605]
[1458036000, 373.61, 375, 374.16, 374, 24.03983638]
[1458032400, 373.62, 374.91, 374.11, 374.16, 49.77004839]
[1458028800, 373.7, 374.99, 374.33, 374.78, 50.88142369]
[1458025200, 373.25, 374.98, 374.4, 374.66, 21.38]
[1458021600, 373, 374.44, 373.73, 374.44, 5.44033059]
[1458018000, 372.29, 375.32, 375.32, 372.29, 36.41549928]
[1458014400, 374.62, 375.45, 374.62, 375.3, 1.6]
[1458010800, 373.09, 374.45, 373.68, 374.45, 3.87905395]
[1458007200, 373.57, 374.93, 374.72, 373.57, 1.67010364]
[1458003600, 373.62, 374.93, 373.95, 374.72, 27.66762]
[1458000000, 373.05, 374.03, 373.57, 374.01, 10.46883062]
[1457996400, 372.63, 373.6, 372.64, 373.14, 6.39]
[1457992800, 371.73, 374.04, 373.86, 373.6, 61.88398906]
[1457989200, 372, 373.87, 373.55, 373.3, 67.24]
[1457985600, 371.68, 373.09, 372.44, 373.07, 47.02077139]
[1457982000, 370.2, 372.58, 372.24, 372.58, 25.29788589]
[1457978400, 370.18, 372.41, 371.84, 372.16, 81.34632413]
[1457974800, 370.4, 372.49, 372.02, 372.15, 31.3112463]
[1457971200, 370.57, 372.38, 371.05, 372.02, 12.1230625]
[1457967600, 369.25, 372.11, 371.71, 371.53, 51.75476931]
[1457964000, 370.63, 372.57, 372, 371.77, 28.71626928]
[1457960400, 371.55, 372.58, 372.5, 371.7, 33.96922624]
[1457956800, 370.95, 372.46, 371.49, 372.46, 39.37573137]
[1457953200, 370.98, 371.88, 371.39, 371.28, 25.69269833]
[1457949600, 371.07, 372.36, 372.28, 371.39, 15.35825699]
[1457946000, 370.65, 372.28, 371.21, 372.28, 32.85843]
[1457942400, 370.35, 371.34, 371.27, 371.17, 23.38909717]
[1457938800, 371, 372.18, 371.01, 371.43, 4.88226322]
[1457935200, 371.01, 372.95, 372, 372.5, 3.808]
[1457931600, 371.56, 372, 371.96, 372, 3.69]
[1457928000, 371.9, 371.99, 371.96, 371.99, 0.4457]
[1457924400, 371, 371.96, 371, 371.96, 14.65]
[1457920800, 370.21, 370.99, 370.88, 370.99, 1.77]
[1457917200, 370.03, 371, 370.03, 370.95, 2.19]
[1457913600, 369, 370.96, 370.05, 370.96, 19.05269174]
[1457910000, 369.01, 371, 370.96, 370.05, 10.91]
[1457906400, 370.14, 371.15, 371.07, 370.81, 16.06]
[1457902800, 370.46, 371.1, 370.98, 371.04, 10.81002662]
[1457899200, 369.74, 371.51, 371, 370.95, 29.92848072]
[1457895600, 369.66, 371.16, 370.93, 371, 30.43038063]
[1457892000, 370.93, 371.99, 371.53, 370.93, 11.38698584]
[1457888400, 370.5, 371.57, 370.82, 371.53, 6.04]
[1457884800, 369.78, 371.5, 370.19, 370.08, 10.63]
[1457881200, 369.32, 371.18, 371.17, 370.19, 17.17262034]
[1457877600, 370, 371.84, 371.72, 371.17, 20.72442123]
[1457874000, 371.54, 373.12, 372.98, 371.54, 20.60939931]
[1457870400, 372.69, 373.75, 373, 373.32, 13.60155795]
[1457866800, 371.85, 373.5, 372.61, 373, 4.21069397]
[1457863200, 371, 373.18, 371.23, 372.62, 10.71]
[1457859600, 370.21, 371.72, 370.97, 371.17, 22.81226654]
[1457856000, 369.87, 371, 370.54, 370.31, 14.65]
[1457852400, 370.42, 371.5, 370.84, 370.48, 10.7]
[1457848800, 369.74, 371.35, 369.74, 371.35, 1.95]
[1457845200, 370.02, 371.19, 370.02, 370.24, 1.15]
[1457841600, 368.57, 370, 368.71, 370, 2.29]
[1457838000, 369.09, 369.86, 369.86, 369.09, 0.54]
[1457834400, 369.26, 369.93, 369.5, 369.93, 2.27264476]
[1457830800, 368.28, 369.27, 368.64, 369.27, 2.5]
[1457827200, 367.78, 369.46, 368.65, 369.08, 5.35713]
[1457823600, 368.32, 369.61, 369.04, 368.9, 13.4]
[1457820000, 367.82, 369.19, 367.91, 368.5, 12.24016426]
[1457816400, 366.21, 368, 367.87, 367.91, 27.19]
[1457812800, 366.9, 368.32, 367, 367.87, 6.97733672]
[1457809200, 366.49, 367, 366.99, 367, 21.73629046]
[1457805600, 366.18, 369.12, 368.89, 366.99, 11.03120333]
[1457802000, 367.01, 368.81, 367.79, 368.81, 20.24]
[1457798400, 364.23, 368.33, 368.33, 367.79, 36.52165566]
[1457794800, 368.33, 370.36, 370.02, 368.33, 20.01915208]
[1457791200, 369.7, 371.79, 371.79, 370.09, 30.57835494]
[1457787600, 371.7, 372.1, 371.84, 371.8, 15.34]
[1457784000, 371.24, 373.25, 372.46, 371.93, 37.23204729]
[1457780400, 372.45, 373.34, 372.49, 372.46, 8.079]
[1457776800, 372, 373.64, 373.63, 372.06, 11.94082709]
[1457773200, 371.65, 373.77, 372.94, 373.63, 30.68168958]
[1457769600, 372.11, 373.7, 372.59, 372.11, 18.98694735]
[1457766000, 372.57, 373.71, 372.99, 372.68, 31.63629883]
[1457762400, 370.72, 372.99, 371.28, 372.99, 6.69266]
[1457758800, 369.17, 371.45, 371, 371.45, 5.8729]
[1457755200, 371.26, 373.23, 372, 371.26, 1.8925]
[1457751600, 372.42, 375, 375, 372.42, 2.3014]
[1457748000, 375.62, 376.36, 376.26, 375.62, 0.92]
[1457744400, 376.05, 376.86, 376.21, 376.86, 1.89269784]
[1457740800, 375.55, 376.62, 375.55, 376.25, 7.98]
[1457737200, 375.31, 376.6, 375.57, 375.71, 5.5]
[1457733600, 375.26, 376.77, 375.68, 376.35, 31.04759558]
[1457730000, 374.89, 376.77, 376.02, 375.48, 39.06557203]
[1457726400, 375.8, 377.66, 377.27, 375.8, 17.91818043]
[1457722800, 376.37, 377.74, 377.22, 377.27, 7.76282943]
[1457719200, 376.38, 377.84, 377.25, 377.24, 37.24521472]
[1457715600, 375.94, 377.73, 377.47, 377.21, 87.19671903]
[1457712000, 375.79, 377.58, 376.86, 377.54, 53.57734635]
[1457708400, 375.08, 377.5, 376.83, 377.1, 70.74126943]
[1457704800, 375.63, 377.94, 377.43, 376.72, 48.19242142]
[1457701200, 375.95, 378.56, 376.99, 377.38, 75.72640902]
[1457697600, 376.08, 378.56, 377.51, 377.03, 119.3786598]
[1457694000, 375.87, 378.56, 377.69, 377.51, 159.49780372]
[1457690400, 376.14, 378.12, 376.17, 376.77, 51.45953228]
[1457686800, 374.11, 376.17, 374.11, 376.01, 75.8350239]
[1457683200, 373.25, 375.81, 374.98, 373.72, 100.77522202]
[1457679600, 373.23, 375.79, 374.59, 375.69, 62.78656275]
[1457676000, 373.22, 375.79, 374.94, 374.59, 46.53417133]
[1457672400, 373.13, 374.94, 373.43, 374.68, 7.63848736]
[1457668800, 373.22, 374.51, 373.59, 373.4, 4.71539038]
[1457665200, 373.07, 373.58, 373.24, 373.58, 0.82095346]
[1457661600, 373.23, 373.88, 373.23, 373.62, 3.7871]
[1457658000, 371.79, 373.83, 372.44, 373.29, 7.42836704]
[1457654400, 372.18, 373.29, 372.43, 372.74, 4.97980768]
[1457650800, 371.01, 374.14, 373.69, 371.47, 24.91876577]
[1457647200, 371.96, 373.95, 372.8, 373.82, 44.44648482]
[1457643600, 370.18, 375.5, 373.45, 372.11, 108.66254806]
[1457640000, 371.06, 377.75, 376.92, 373.45, 561.23080346]
[1457636400, 372.62, 378.5, 376.38, 377.89, 419.38549056]
[1457632800, 372.54, 378.71, 373.32, 377.33, 622.95840654]
[1457629200, 372, 378.56, 377.31, 373.32, 521.39561079]
[1457625600, 371.49, 379.92, 378.44, 377, 275.96877955]
[1457622000, 376.44, 380.41, 378.12, 378.25, 139.88642978]
[1457618400, 376.64, 379.54, 376.84, 377.63, 56.96121516]
[1457614800, 375.88, 377.67, 376.91, 376.56, 100.19655651]
[1457611200, 374.33, 377.57, 375.26, 377.12, 34.1016409]
[1457607600, 374.51, 376.61, 375.8, 376.16, 25.20715789]
[1457604000, 374.52, 377.28, 376.3, 375.81, 23.36239268]
[1457600400, 375.33, 377.31, 375.82, 376.36, 25.81182066]
[1457596800, 375.27, 375.95, 375.55, 375.82, 15.74912698]
[1457593200, 375.35, 376.75, 375.35, 376.35, 4.3877771]
[1457589600, 374.93, 376.18, 375.42, 375.84, 6.73929324]
[1457586000, 375.15, 376.02, 375.4, 375.42, 3.62652178]
[1457582400, 374.1, 375.73, 375.29, 375.46, 14.73924589]
[1457578800, 374.79, 377.36, 374.79, 374.98, 18.4950643]
[1457575200, 374.68, 376.26, 375.47, 374.68, 18.77409918]
[1457571600, 374.69, 376.84, 375.48, 375.12, 12.20205375]
[1457568000, 375.04, 377.62, 376.23, 375.35, 8.78149857]
[1457564400, 375.33, 377.5, 375.43, 376.19, 6.57762599]
[1457560800, 374, 376.8, 374.68, 375.27, 28.01066227]
[1457557200, 372.7, 378.2, 374.56, 374.26, 66.41318336]
[1457553600, 374.01, 376.57, 375.04, 374.75, 42.55992792]
[1457550000, 374.37, 381.91, 377, 374.42, 82.01053465]
[1457546400, 375.7, 383.93, 376.53, 377, 132.22127014]
[1457542800, 375.2, 377.95, 376.72, 376.53, 34.24732253]
[1457539200, 374.72, 378.09, 376.02, 377.87, 37.21502951]
[1457535600, 374.53, 377.35, 374.81, 375.52, 49.09196622]
[1457532000, 374.81, 375.3, 375.3, 374.81, 10.650373]
[1457528400, 374.07, 375.3, 374.95, 375.3, 13.46512901]
[1457524800, 373.92, 375.77, 374.62, 374.23, 12.48542845]
[1457521200, 374.62, 377.15, 375.54, 374.62, 16.1842937]
[1457517600, 374.18, 377.86, 374.42, 375.54, 41.51381667]
[1457514000, 372.81, 377.88, 374.69, 375.39, 31.95269872]
[1457510400, 373.5, 377.58, 374.91, 375.04, 34.90364038]
[1457506800, 373.37, 377.12, 374.01, 374.91, 21.24282305]
[1457503200, 373.4, 374.75, 374.56, 373.46, 4.85510214]
[1457499600, 373.33, 374.71, 373.65, 374.71, 5.83120932]
[1457496000, 373.63, 376.01, 374.49, 375.76, 1.81899711]
[1457492400, 373.72, 376.27, 374.5, 374.49, 5.17940805]
[1457488800, 373.85, 376.88, 375.19, 374.5, 12.4447605]
[1457485200, 372.36, 374.95, 372.89, 374.19, 2.94003894]
[1457481600, 372.92, 374.41, 373.76, 373.15, 4.47421515]
[1457478000, 373.48, 375.23, 374.53, 373.76, 11.06]
[1457474400, 372.74, 375.36, 373.84, 374.57, 11.90651163]
[1457470800, 370.29, 374.23, 374, 374, 154.03168771]
[1457467200, 372.88, 374.37, 373.02, 374, 39.88585684]
[1457463600, 372.32, 374.57, 373.4, 372.95, 27.59151878]
[1457460000, 372.57, 375.75, 373.61, 372.57, 51.93486265]
[1457456400, 372.17, 374.43, 372.17, 373.03, 46.81102662]
[1457452800, 371.85, 373.46, 371.94, 372.61, 19.57206721]
[1457449200, 370.91, 373.46, 372.24, 371.77, 69.72551368]
[1457445600, 370.3, 372.89, 371.41, 372.41, 29.70341954]
[1457442000, 370.58, 372.77, 372.72, 371.41, 28.54895238]
[1457438400, 371.03, 374.51, 374.51, 372.7, 52.97891503]
[1457434800, 373.14, 374.96, 374.38, 374.27, 26.86205447]
[1457431200, 374.09, 375.7, 374.83, 374.34, 31.08790301]
[1457427600, 374.3, 376.69, 375.59, 375.42, 53.97110506]
[1457424000, 375.63, 377.35, 376.39, 375.72, 72.76196895]
[1457420400, 376.39, 377.86, 377, 376.39, 7.82542002]
[1457416800, 376.88, 377.46, 376.9, 376.89, 3.176]
[1457413200, 375.72, 379.15, 376.43, 376.9, 20.95891175]
[1457409600, 375.87, 377.08, 376, 375.88, 1.76921]
[1457406000, 375.01, 376.71, 375.01, 376.07, 0.87846719]
[1457402400, 374.29, 376.05, 375.53, 375.07, 10.8064]
[1457398800, 373.8, 374.8, 374.38, 373.8, 2.97]
[1457395200, 373.8, 375.19, 375.04, 374.18, 13.5340144]
[1457391600, 374.3, 378.67, 376.39, 375.11, 69.64906086]
[1457388000, 373.95, 377.2, 374, 375.94, 35.98606453]
[1457384400, 374, 376.36, 374.99, 374, 28.10052668]
[1457380800, 374.44, 375.72, 375.6, 374.99, 57.66421266]
[1457377200, 374.28, 375.92, 375.9, 375.6, 37.5776332]
[1457373600, 373, 375.9, 373.51, 375.9, 46.98532454]
[1457370000, 371.22, 373.99, 373.15, 373.69, 43.5046215]
[1457366400, 371.46, 374.05, 371.46, 373.19, 40.20775922]
