[1468886400, 611.47, 612.73, 611.89, 612.73, 5.27]
[1468882800, 611.85, 612.81, 612.38, 612.67, 10.33]
[1468879200, 611.95, 612.81, 612.77, 612.4, 5.48]
[1468875600, 612.51, 612.81, 612.51, 612.81, 11.78]
[1468872000, 606.91, 613, 608.88, 612.99, 15.1]
[1468868400, 606.87, 612.53, 612.31, 608.93, 22.46453681]
[1468864800, 611, 616.44, 614.11, 612.42, 20.43]
[1468861200, 613, 615.54, 613.73, 614.31, 15.59318858]
[1468857600, 612.37, 618, 617.99, 613.73, 15.65]
[1468854000, 615.94, 617.99, 617.63, 617.92, 3.68]
[1468850400, 614.89, 617.99, 614.94, 617.99, 7.66134263]
[1468846800, 611.93, 615.27, 614.12, 615.04, 15.24]
[1468843200, 613.13, 617.61, 616.98, 614.97, 14.09]
[1468839600, 615, 617.61, 616.1, 616.98, 13.38]
[1468836000, 614.94, 616.1, 616.09, 616.1, 13.71]
[1468832400, 615.55, 618.29, 618.29, 616.1, 15.83868154]
[1468828800, 615.94, 618.55, 618.37, 617.63, 8.62225408]
[1468825200, 617.47, 618.48, 617.47, 618.38, 15.8893]
[1468821600, 616.27, 618.17, 618.16, 616.47, 10.24026266]
[1468818000, 618.12, 618.35, 618.26, 618.31, 1.07]
[1468814400, 616.98, 618.2, 617.83, 617.8, 4.59]
[1468810800, 616.92, 618.44, 618.16, 616.92, 1.18]
[1468807200, 616.34, 618.13, 616.47, 618.13, 1.48530516]
[1468803600, 616.31, 618.1, 616.66, 616.31, 3.79]
[1468800000, 615.98, 616.67, 616, 616.67, 10.87]
[1468796400, 614.63, 616, 615, 616, 11.42392616]
[1468792800, 613.97, 617.68, 617.67, 614.65, 5.69786251]
[1468789200, 614.77, 618.37, 615.76, 617.67, 20.81512]
[1468785600, 614.39, 616.82, 616.72, 615.78, 19.00291686]
[1468782000, 614.24, 619.63, 619.62, 617.36, 18.65]
[1468778400, 617.14, 619.63, 618.93, 619.63, 7.22093421]
[1468774800, 615.96, 623.02, 622.33, 619.62, 24.72305263]
[1468771200, 609.66, 622.34, 609.66, 619.39, 76.01505818]
[1468767600, 607.34, 609.9, 608.67, 609.2, 12.03994983]
[1468764000, 608.23, 610, 609.85, 609.89, 10.15]
[1468760400, 608.81, 610, 609.86, 610, 4.18]
[1468756800, 607.13, 609.86, 608.57, 609.86, 6.3]
[1468753200, 603.01, 609.86, 608.09, 608.84, 17.4]
[1468749600, 605.4, 608.1, 605.4, 608.09, 10.48]
[1468746000, 604.73, 607.41, 607.36, 605.77, 3.66302236]
[1468742400, 603.74, 607.39, 607.37, 607.36, 6.09]
[1468738800, 603.78, 608.1, 607.9, 605.72, 10.94813034]
[1468735200, 606.69, 607.55, 606.7, 607.54, 2.81447454]
[1468731600, 606, 606.68, 606.44, 606.68, 0.87]
[1468728000, 606.38, 606.49, 606.38, 606.44, 1]
[1468724400, 605.18, 606.41, 606.41, 605.18, 0.13]
[1468720800, 605.25, 606.41, 605.25, 606.41, 0.21]
[1468717200, 605, 606.7, 606.66, 605.01, 5.97]
[1468713600, 605.01, 607.96, 605.69, 607.96, 2.91]
[1468710000, 605.65, 606.69, 606.5, 606.69, 0.58903194]
[1468706400, 606.51, 606.78, 606.57, 606.77, 1.82]
[1468702800, 606.5, 606.57, 606.5, 606.5, 6.49]
[1468699200, 606.5, 606.74, 606.58, 606.5, 4.57417]
[1468695600, 606.5, 606.73, 606.57, 606.66, 2.32206792]
[1468692000, 605.03, 606.59, 606.51, 606.55, 9.91613126]
[1468688400, 606.06, 606.73, 606.06, 606.51, 1.91]
[1468684800, 603.31, 606.35, 604.99, 605.67, 10.65]
[1468681200, 603.3, 605.23, 603.6, 603.85, 9.62]
[1468677600, 603, 604.6, 604.56, 604.58, 4.52]
[1468674000, 601.81, 604.67, 604.61, 604.56, 8.75613126]
[1468670400, 601.8, 609.79, 608.23, 603.75, 19.40415]
[1468666800, 601.81, 608.3, 607.11, 608.28, 8.31]
[1468663200, 602.12, 609, 608.95, 606.91, 16.841]
[1468659600, 606.73, 609.32, 608.99, 608.99, 14.92]
[1468656000, 605.14, 609.04, 607.98, 609.04, 7.21]
[1468652400, 606.66, 608.24, 608.24, 608.11, 3.2434]
[1468648800, 608.24, 609.06, 608.24, 609.06, 2.77]
[1468645200, 608.23, 608.5, 608.26, 608.23, 1.9]
[1468641600, 607.87, 608.46, 608.12, 608.46, 1.3]
[1468638000, 607.51, 608.5, 607.54, 608.49, 1.21]
[1468634400, 607.6, 608.2, 607.66, 607.61, 0.82]
[1468630800, 605.6, 608.47, 607.18, 606.21, 5.40237751]
[1468627200, 604.57, 608.23, 608.23, 606.98, 7.18]
[1468623600, 603.84, 608.35, 604.73, 608.34, 2.22]
[1468620000, 605.05, 610, 608.72, 605.05, 17.95130869]
[1468616400, 605.11, 608.87, 607, 608.68, 14.00232055]
[1468612800, 602.52, 608.53, 604.84, 608.53, 10.398]
[1468609200, 602.24, 606, 603.87, 604.86, 13.152]
[1468605600, 601.54, 604.1, 604.1, 603.91, 6.95]
[1468602000, 602.94, 604.1, 604.01, 604.1, 9.08]
[1468598400, 603.27, 604.1, 603.89, 604.1, 6.998]
[1468594800, 601.17, 604.12, 603, 603.98, 12.57845868]
[1468591200, 602.57, 605.29, 602.75, 603.64, 21.03]
[1468587600, 600.33, 605.23, 602.66, 602.77, 26.82955]
[1468584000, 601.91, 604.44, 603.35, 603.5, 11.68]
[1468580400, 601.32, 607.82, 602.6, 603.38, 17.95]
[1468576800, 601.47, 608.28, 602.38, 601.47, 16.167122]
[1468573200, 600.9, 608, 603.01, 602.38, 42.2055]
[1468569600, 601.48, 604.49, 601.48, 603.01, 10.598]
[1468566000, 598.33, 604.17, 601.59, 601.44, 19.85435]
[1468562400, 598, 603.46, 603.43, 602.49, 15.93]
[1468558800, 603.03, 604.07, 603.95, 603.42, 1.51135923]
[1468555200, 603.57, 604.07, 604.01, 603.96, 2.99908]
[1468551600, 599.44, 604.03, 600.52, 604.01, 4.9332]
[1468548000, 596.67, 602.36, 601.59, 600.53, 6.36]
[1468544400, 600.77, 601.65, 600.91, 601.49, 0.8]
[1468540800, 598.5, 600.91, 599.59, 600.91, 2.38]
[1468537200, 598.5, 600.86, 600.85, 599.85, 2.793]
[1468533600, 598.53, 604.01, 602.7, 600.76, 8.5592066]
[1468530000, 597.37, 603.96, 599.76, 602.7, 15.86245199]
[1468526400, 597.93, 601.17, 599.97, 599.85, 12.96586876]
[1468522800, 599.8, 600.9, 600.9, 600.75, 14.63]
[1468519200, 598, 601.48, 601.18, 601.47, 16.08329277]
[1468515600, 599.19, 602.86, 602.42, 601.09, 9.40800774]
[1468512000, 599.14, 604, 600.42, 601.41, 10.42]
[1468508400, 596.93, 600.7, 600.24, 600.59, 10.32684976]
[1468504800, 598.02, 601.39, 600.29, 600.95, 12.6197]
[1468501200, 598.5, 601.41, 598.98, 600.57, 16.90734243]
[1468497600, 593.25, 599, 598.06, 599, 21.88825808]
[1468494000, 594.28, 599.28, 596.43, 595.8, 35.49351]
[1468490400, 594.19, 597.72, 594.19, 597.72, 22.39134769]
[1468486800, 594.18, 594.57, 594.19, 594.19, 6.74]
[1468483200, 593.09, 595.29, 594.61, 594.26, 22.06656707]
[1468479600, 592.66, 595.29, 594.25, 594.61, 18.9732463]
[1468476000, 593.78, 595.49, 595.49, 593.78, 18.04]
[1468472400, 593.78, 596.74, 593.79, 595.48, 1.21135923]
[1468468800, 593.78, 593.79, 593.79, 593.79, 7.11996204]
[1468465200, 593.79, 593.79, 593.79, 593.79, 2.28]
[1468461600, 590.62, 597.75, 597.75, 593.63, 24.39075948]
[1468458000, 593.44, 599.36, 593.45, 596.34, 20.32747155]
[1468454400, 591, 595.45, 594, 593.45, 5.3208]
[1468450800, 594, 599.31, 599.31, 594.01, 12.04]
[1468447200, 596.83, 599.62, 599.62, 599.47, 8.74]
[1468443600, 599.83, 600.08, 600.06, 599.83, 12.44064142]
[1468440000, 599.81, 600.97, 600.97, 600.06, 11.58]
[1468436400, 600.17, 600.97, 600.41, 600.97, 13.65097045]
[1468432800, 600.03, 603.99, 603.88, 600.41, 17.8641198]
[1468429200, 601.84, 604.75, 604.42, 603.99, 10.71]
[1468425600, 601.24, 605, 602.44, 604.42, 9.4389]
[1468422000, 598.01, 604.13, 601.88, 604.13, 63.63219571]
[1468418400, 600.03, 605.55, 602.84, 601.88, 23.64973392]
[1468414800, 601.01, 608.41, 608.41, 608.31, 55.48797359]
[1468411200, 608.3, 608.88, 608.31, 608.42, 27.98387951]
[1468407600, 608.3, 609.87, 608.3, 608.31, 18.97511298]
[1468404000, 608.3, 610.58, 608.31, 608.31, 14.26]
[1468400400, 608.3, 610.95, 609.43, 608.31, 11.9681661]
[1468396800, 608.3, 611.86, 608.5, 608.93, 35.78476048]
[1468393200, 607, 610, 607.17, 608.74, 15.51]
[1468389600, 602.13, 608.46, 605.59, 607.18, 24.23]
[1468386000, 600.75, 605.66, 604.99, 605.66, 15.818]
[1468382400, 602.98, 606.71, 606.71, 602.98, 18.30194269]
[1468378800, 605.09, 606.7, 606.32, 606.7, 1.12]
[1468375200, 605.22, 606.89, 606.89, 606.3, 2.14675697]
[1468371600, 606.74, 607.01, 606.74, 606.89, 1.49]
[1468368000, 605, 606.92, 605.97, 606.92, 1.68517045]
[1468288800, 590.7, 592.98, 592.98, 590.76, 2.16]
[1468285200, 590.27, 593.51, 592.14, 592.97, 6.23]
[1468281600, 591.56, 592.31, 592.25, 592.31, 2.3502873]
[1468278000, 591.07, 593.13, 591.07, 592.26, 7.9]
[1468274400, 590.93, 597.42, 591.76, 590.93, 15.831]
[1468270800, 590.98, 594.99, 593.2, 591.34, 8.53]
[1468267200, 590.99, 594.65, 591.5, 593.38, 17.73]
[1468263600, 591.5, 595, 591.58, 591.5, 20.12630855]
[1468260000, 590, 594, 593.68, 592, 21.22625117]
[1468256400, 587.56, 594.42, 592.34, 593.68, 26.52944972]
[1468252800, 588.28, 600.79, 590.84, 592.84, 28.07]
[1468249200, 590, 598.56, 591.36, 590.84, 34.89]
[1468245600, 591, 593, 591.48, 592.65, 4.21686458]
[1468242000, 589.35, 593, 591.49, 591.48, 11.94348329]
[1468238400, 590.44, 595.89, 591.26, 591.48, 12.62]
[1468234800, 588.55, 595.18, 590.85, 591.36, 14.73]
[1468231200, 588.01, 591.6, 591.57, 590.85, 19.68]
[1468227600, 590.01, 592.12, 592.07, 591.58, 14.589]
[1468224000, 590.02, 598.26, 591.28, 592.06, 21.14]
[1468220400, 591.27, 593.92, 592.55, 591.28, 3.52]
[1468216800, 590, 597.46, 597.45, 591.92, 10.3895]
[1468213200, 596.45, 599.1, 598.37, 597.41, 5.96027306]
[1468209600, 595.55, 598.37, 595.55, 598.37, 1.26]
[1468206000, 595.52, 598.36, 598.36, 595.92, 2.81]
[1468202400, 595, 600, 595, 598.36, 23.32757121]
[1468198800, 591.99, 595, 591.99, 595, 2.69]
[1468195200, 590.58, 592.09, 591.28, 591.99, 2.97]
[1468191600, 590.58, 592.34, 590.81, 592.34, 3.89]
[1468188000, 588.31, 592.39, 592.18, 590.8, 6.64410595]
[1468184400, 590.99, 593.38, 591, 592.86, 2.11]
[1468180800, 586.34, 592.62, 592, 590.8, 11.02]
[1468177200, 586.03, 592, 589.19, 592, 5.89]
[1468173600, 585.72, 589.95, 587.08, 589.19, 9.13]
[1468170000, 586.35, 591.87, 590.98, 587.08, 16.15545797]
[1468166400, 588.63, 591.97, 588.63, 590.67, 7.02514727]
