[1460246400, 368.25, 368.45, 368.36, 368.43, 0.91]
[1460242800, 368.29, 368.45, 368.44, 368.44, 3.33]
[1460239200, 368.23, 368.47, 368.47, 368.44, 3.23]
[1460235600, 368.2, 368.72, 368.71, 368.47, 4.14]
[1460232000, 367.03, 369, 368.59, 368.77, 27.47]
[1460228400, 368.02, 368.96, 368.62, 368.96, 3.15]
[1460224800, 368.27, 369.1, 368.38, 368.27, 7.65]
[1460221200, 368.35, 369.17, 368.96, 369.1, 7.76528662]
[1460217600, 367.83, 368.95, 368.02, 368.95, 6.31]
[1460214000, 367.6, 368.52, 368.07, 368.52, 6.5867]
[1460210400, 367.63, 368.51, 368.42, 368.26, 7.12]
[1460206800, 367.63, 368.43, 368.19, 367.64, 3.63246]
[1460203200, 366.75, 368.34, 368.06, 368.16, 26.31]
[1460199600, 367.48, 368.52, 367.85, 368.06, 29.70016983]
[1460196000, 366.99, 367.83, 367.72, 367.83, 16.37]
[1460192400, 366.74, 367.81, 367.49, 367.61, 14.17681]
[1460188800, 366.59, 367.5, 367.06, 366.62, 9.63]
[1460185200, 365.84, 367.31, 367.05, 367.06, 8.29]
[1460181600, 366.21, 367.64, 367.64, 367.05, 4.6]
[1460178000, 366.46, 367.62, 367.43, 367.53, 3.35058756]
[1460174400, 366.58, 367.4, 366.62, 367.18, 7.74]
[1460170800, 365.45, 367.32, 365.45, 366.85, 4]
[1460167200, 365.01, 365.45, 365.42, 365.45, 2.33884649]
[1460163600, 365.01, 367.49, 367.25, 365.42, 38.44035574]
[1460160000, 367.5, 368.57, 368.43, 367.5, 8.96147753]
[1460156400, 367.87, 369.4, 368.94, 368.86, 27.61916154]
[1460152800, 367.93, 370.55, 368.57, 368.51, 17.17164134]
[1460149200, 366.69, 370.26, 369, 368.57, 15.20452118]
[1460145600, 366, 370.76, 367.9, 369.32, 63.99609659]
[1460142000, 365.65, 371.74, 371.74, 367.93, 137.64112696]
[1460138400, 371.5, 372.93, 372.93, 371.89, 7.23323052]
[1460134800, 372.34, 373.58, 372.9, 372.93, 26.05178]
[1460131200, 372.51, 374.04, 373.99, 373.18, 40.16349626]
[1460127600, 372.89, 374.37, 373.28, 373.71, 14.19122004]
[1460124000, 372.97, 373.99, 373.85, 373.38, 45.98237194]
[1460120400, 372.62, 374, 373.17, 374, 37.94619703]
[1460116800, 372.52, 373.7, 373.22, 373.17, 17.80095325]
[1460113200, 372.52, 373.71, 372.53, 372.8, 15.21208952]
[1460109600, 372.5, 373.71, 372.82, 372.62, 53.22]
[1460106000, 372.04, 372.99, 372.93, 372.3, 25.97989432]
[1460102400, 372.36, 373.38, 373.04, 372.36, 13.24592]
[1460098800, 371.52, 373.11, 372.12, 373.11, 27.42]
[1460095200, 371.51, 372.23, 372.11, 371.52, 8.69]
[1460091600, 371.52, 372.23, 372.22, 371.58, 4.72]
[1460088000, 371.88, 372.23, 371.99, 372.22, 1.24]
[1460084400, 372.16, 372.23, 372.17, 372.23, 1.645]
[1460080800, 371.12, 372.16, 371.52, 372.16, 1.72]
[1460077200, 371.11, 372.06, 371.32, 371.66, 5.72]
[1460073600, 371.11, 372.84, 371.11, 371.53, 60.11]
[1460070000, 371.12, 371.31, 371.12, 371.12, 2.92025647]
[1460066400, 371.03, 372.07, 371.84, 371.33, 14.40460329]
[1460062800, 370.05, 372.09, 371.54, 371.65, 29.88533515]
[1460059200, 370.03, 371.88, 371.35, 371.58, 28.26295016]
[1460055600, 371.1, 372.11, 371.91, 371.34, 13.30573464]
[1460052000, 371.39, 372.5, 372.39, 371.96, 14.95852987]
[1460048400, 371.23, 373, 371.52, 372.35, 28.19164408]
[1460044800, 370.34, 371.75, 370.96, 371.63, 15.21255545]
[1460041200, 369.91, 371.44, 370.25, 370.12, 42.12078566]
[1460037600, 369.86, 371.99, 370.3, 369.94, 44.73436998]
[1460034000, 369.51, 370.78, 370.62, 370.28, 57.3899076]
[1460030400, 369.31, 370.8, 369.71, 370.55, 36.13676444]
[1460026800, 368.56, 370.53, 370.51, 369.63, 30.55498018]
[1460023200, 369.49, 371.35, 370.09, 370.54, 78.00218051]
[1460019600, 369.71, 370.96, 370.63, 370.24, 33.58153328]
[1460016000, 369.48, 370.79, 370.09, 370.63, 67.22520273]
[1460012400, 369.34, 370.8, 369.34, 370.07, 24.43]
[1460008800, 368.75, 369.34, 369.09, 369.34, 8.25]
[1460005200, 368.75, 369.09, 368.75, 368.75, 1.01]
[1460001600, 368.75, 369.36, 369.17, 368.75, 38.17392695]
[1459998000, 369.01, 370.04, 370.04, 369.01, 2.171]
[1459994400, 370.37, 370.45, 370.45, 370.38, 1.38]
[1459990800, 369.94, 370.82, 370.49, 370.22, 4.07]
[1459987200, 369.99, 370.5, 370.46, 370.01, 3.73]
[1459983600, 369.98, 370.43, 370.29, 370.43, 3.33512167]
[1459980000, 370.1, 371.2, 370.38, 370.24, 11.69389483]
[1459976400, 369.01, 371.63, 370.76, 370.59, 60.85006161]
[1459972800, 370, 371.11, 370.57, 370.76, 33.18545929]
[1459969200, 369.91, 380, 370.36, 370.79, 176.40654976]
[1459965600, 370.08, 371.29, 370.7, 370.36, 23.73094965]
[1459962000, 369.8, 371.14, 370.6, 370.26, 13.82004796]
[1459958400, 368.89, 371.76, 371.76, 370.78, 57.43969036]
[1459954800, 370.76, 372.81, 372.34, 371.88, 32.15672084]
[1459951200, 372.26, 373, 372.5, 372.78, 14.9572]
[1459947600, 372.12, 372.56, 372.12, 372.5, 5.0373826]
[1459944000, 371.96, 372.5, 372.27, 372.37, 9.12737742]
[1459940400, 371.37, 372.99, 371.73, 372.04, 49.89955771]
[1459936800, 371.26, 372, 371.26, 371.31, 12.30239]
[1459933200, 371.26, 371.99, 371.7, 371.65, 17.30027198]
[1459929600, 371.25, 371.72, 371.72, 371.58, 14.3422]
[1459926000, 371.45, 372.5, 371.69, 371.72, 13.32264694]
[1459922400, 371.24, 372.23, 371.47, 371.8, 9.59625]
[1459918800, 370.83, 371.87, 371.25, 371.87, 4.29545]
[1459915200, 370.85, 371.35, 370.85, 370.85, 3.03]
[1459911600, 370.98, 371.47, 370.99, 371.41, 0.55]
[1459908000, 371.23, 371.77, 371.69, 371.65, 0.4]
[1459904400, 371.22, 371.88, 371.42, 371.88, 1.38]
[1459900800, 370.98, 371.98, 371.17, 371.77, 2.18]
[1459897200, 370.85, 371.88, 370.85, 371.79, 10.47]
[1459893600, 370.13, 370.85, 370.45, 370.85, 26.53450242]
[1459890000, 370.33, 370.72, 370.33, 370.69, 20.9688649]
[1459886400, 369.49, 370.65, 369.99, 369.75, 35.33927488]
[1459882800, 369.61, 371.43, 370.86, 370, 38.67069705]
[1459879200, 369.84, 372.2, 371.62, 370.89, 46.07712895]
[1459875600, 370.45, 372.15, 371.43, 371.36, 29.34681141]
[1459872000, 370.99, 371.58, 371.06, 371.58, 12.22317402]
[1459868400, 370.47, 372.02, 371.99, 371.11, 19.6517]
[1459864800, 371.44, 372.93, 372.23, 371.85, 32.73683543]
[1459861200, 370.63, 372.27, 371.63, 372.23, 26.12457863]
[1459857600, 370.46, 371.78, 371.57, 371.43, 28.08299975]
[1459854000, 370.04, 371.78, 370.43, 371.06, 42.64074778]
[1459850400, 370.46, 371.56, 370.46, 370.84, 30.25853362]
[1459846800, 368.31, 371.08, 370.87, 370.91, 71.4833]
[1459843200, 370.1, 371.24, 371.13, 370.35, 34.70849154]
[1459839600, 370.32, 371.86, 371.01, 371.18, 31.28]
[1459836000, 370.22, 371.94, 371.18, 370.69, 21.26]
[1459832400, 370.73, 371.18, 370.81, 371.08, 7.61985652]
[1459828800, 370.73, 370.86, 370.8, 370.81, 1.11282]
[1459825200, 368.99, 370.81, 368.99, 370.58, 1.34]
[1459821600, 368.24, 368.99, 368.29, 368.99, 0.47]
[1459818000, 367.54, 368.9, 368.15, 368.9, 3.66067212]
[1459814400, 367.96, 368.64, 368.56, 368.16, 3.47]
[1459810800, 368.36, 368.88, 368.86, 368.83, 1.78]
[1459807200, 367.09, 368.85, 367.09, 368.85, 12.2058]
[1459803600, 366.95, 368.65, 368.22, 368.35, 38.447]
[1459800000, 367.07, 369.68, 369.41, 368.13, 45.42634132]
[1459796400, 368.62, 369.47, 368.62, 369.06, 29.36855526]
[1459792800, 368.3, 369.22, 369.05, 368.88, 18.72535419]
[1459789200, 367.88, 369.2, 368.55, 369.05, 47.41830487]
[1459785600, 368.11, 369.16, 368.13, 368.77, 16.19]
[1459782000, 366.96, 368.48, 368.3, 368.48, 30.42542673]
[1459778400, 367.13, 368.69, 367.98, 368.34, 20.64451693]
[1459774800, 367.55, 368.45, 367.94, 367.98, 6.33761662]
[1459771200, 367.94, 368.68, 368.31, 367.95, 27.09]
[1459767600, 367.91, 368.7, 368.51, 368.68, 25.28457692]
[1459764000, 367.93, 369.42, 369.14, 368.51, 14.85498269]
[1459760400, 368.92, 369.44, 369.15, 369.18, 23.97170337]
[1459756800, 367.69, 369.21, 368.95, 369.15, 19.5]
[1459753200, 367.47, 369.54, 369.27, 368.96, 10.96]
[1459749600, 367.77, 369.69, 369.56, 369.54, 46.14]
[1459746000, 369.19, 369.6, 369.35, 369.56, 3.56712]
[1459742400, 368.83, 369.36, 368.85, 369.17, 3.9532468]
[1459738800, 368.65, 369.41, 369.41, 369.31, 1.1792]
[1459735200, 369.41, 370.22, 369.92, 369.41, 1.42]
[1459731600, 368.62, 369.57, 368.83, 369.18, 0.57]
[1459728000, 369.05, 369.93, 369.56, 369.64, 4.34085299]
[1459724400, 368.98, 369.56, 369.06, 369.56, 3.01]
[1459720800, 368.44, 369.06, 368.85, 369.06, 1.76]
[1459717200, 368.34, 369.03, 368.94, 368.91, 3.7229]
[1459713600, 367.94, 368.94, 368.62, 368.94, 10.66]
[1459710000, 368.62, 369.51, 368.84, 368.62, 15.3430156]
[1459706400, 368.3, 369.55, 369.32, 368.96, 14.81]
[1459702800, 368.38, 369.33, 368.5, 369.31, 5.04]
[1459699200, 368.23, 370.23, 370.06, 369.33, 11.3296826]
[1459695600, 369, 370.23, 369.56, 370.23, 20.44922664]
[1459692000, 368.8, 369.56, 368.99, 369.56, 4.93]
[1459688400, 368.1, 368.98, 368.1, 368.98, 20.34409591]
[1459684800, 367.4, 369.3, 368.66, 368.1, 16.63976218]
[1459681200, 368.57, 369.4, 368.6, 368.76, 8.46587166]
[1459677600, 368.34, 369.26, 368.91, 368.6, 7.15507586]
[1459674000, 368.58, 369.31, 369.02, 369.25, 7.802]
[1459670400, 368.32, 369.08, 368.71, 369.08, 14.64582221]
[1459666800, 368.68, 368.98, 368.85, 368.68, 6.96]
[1459663200, 368.68, 369.38, 369.3, 368.68, 7.13]
[1459659600, 369.18, 369.31, 369.29, 369.27, 0.57]
[1459656000, 368.7, 369.03, 368.87, 368.84, 1.22]
[1459652400, 368.88, 369.41, 369.4, 368.99, 0.07]
[1459648800, 368.86, 369.02, 368.93, 369.02, 0.57]
[1459645200, 368.86, 369.56, 368.87, 368.87, 1.9]
[1459641600, 368.86, 369.63, 369.46, 369.51, 1.74]
[1459638000, 369.4, 369.56, 369.4, 369.46, 1.17]
[1459634400, 369.31, 369.51, 369.38, 369.4, 14]
[1459630800, 368.87, 369.4, 369.26, 369.37, 2.51]
[1459627200, 368.52, 369.27, 368.63, 369.27, 4.04]
[1459623600, 368.2, 369.21, 369.13, 369.11, 6.5813]
[1459620000, 368.76, 369.24, 368.82, 369.24, 4.14]
[1459616400, 368.3, 369.68, 369.45, 368.89, 33.91369662]
[1459612800, 369.01, 369.45, 369.4, 369.45, 5.13730241]
[1459609200, 368.75, 369.42, 369.3, 369.4, 21.63705682]
[1459605600, 368.75, 369.31, 368.96, 369.3, 21.69]
[1459602000, 368.76, 369.26, 369.19, 369.18, 9.34]
[1459598400, 368.66, 369.24, 369.02, 369.24, 7.98732064]
[1459594800, 368.41, 369.2, 368.8, 369.15, 7.49]
[1459591200, 368.4, 368.98, 368.41, 368.8, 6.239]
[1459587600, 368.04, 368.98, 368.09, 368.41, 13.7059]
[1459584000, 365.95, 369.14, 368.54, 368.32, 45.40235077]
[1459580400, 366.86, 369.03, 368.6, 368.31, 12.14]
[1459576800, 367.28, 368.69, 368.16, 368.14, 1.48]
[1459573200, 367.66, 369.12, 368.25, 367.9, 13.52]
[1459569600, 367.53, 368.4, 367.73, 368.3, 0.78]
[1459566000, 366.08, 368.36, 368.36, 366.08, 8.98]
[1459562400, 367.99, 368.46, 368.37, 368.45, 2.83839643]
[1459558800, 368, 368.37, 368, 368.37, 1.75970165]
[1459555200, 367.5, 367.99, 367.5, 367.98, 21.43]
[1459551600, 365.83, 367.21, 366.61, 366.97, 14.82]
[1459548000, 366.26, 366.65, 366.26, 366.64, 6.44]
[1459544400, 365.89, 366.69, 366.15, 366.39, 11.82361281]
[1459540800, 366.08, 366.64, 366.6, 366.5, 6.66579486]
[1459537200, 366.04, 367, 366.97, 366.77, 7.31525772]
[1459533600, 366.31, 367, 366.5, 367, 17.04]
[1459530000, 365.82, 366.83, 366.12, 366.31, 19.98807268]
[1459526400, 365.62, 366.83, 366.47, 365.66, 72.81051467]
