[1469606400, 595.69, 598.8, 598.09, 597.91, 23.6870008]
[1469602800, 596.31, 599.51, 597, 598.17, 19.62]
[1469599200, 596.13, 598.6, 596.52, 597.93, 4.19299]
[1469595600, 591.83, 598.95, 592.03, 598.19, 4.9804]
[1469592000, 590.26, 593.61, 593.61, 591.69, 9.83]
[1469588400, 593.14, 595.74, 595.66, 593.84, 2.231]
[1469584800, 592.02, 596.08, 592.41, 595.68, 2.69]
[1469581200, 592, 595.01, 595, 592.41, 3.46]
[1469577600, 592.07, 597.08, 594.75, 594.83, 2.56]
[1469574000, 594.01, 598.8, 598.8, 594.03, 10.41393422]
[1469570400, 596.74, 598.94, 598.88, 598.69, 13.2618194]
[1469566800, 596.73, 598.88, 596.78, 598.88, 10.91]
[1469563200, 592.7, 599.95, 598.59, 598.26, 45.1]
[1469559600, 598.15, 600, 598.27, 599.56, 18.97881131]
[1469556000, 597.15, 599.39, 597.91, 598.58, 15.93]
[1469552400, 596.17, 599.16, 597.85, 598.73, 23.46]
[1469548800, 595.51, 598.27, 596.07, 597.85, 10.0539]
[1469545200, 594.76, 596.83, 595.32, 596.07, 9.261]
[1469541600, 593.66, 596, 594.22, 594.69, 16.3352]
[1469538000, 590.56, 595.29, 590.56, 594.64, 38.94623328]
[1469534400, 589.78, 591.95, 591.22, 591.95, 27.33]
[1469530800, 590.07, 592, 590.07, 591.99, 19.00404682]
[1469527200, 588.9, 592.47, 590.4, 590.38, 37.3]
[1469523600, 590, 593.36, 590.53, 590.26, 31.07930229]
[1469520000, 590, 594.26, 592.52, 590.53, 33.8622]
[1469516400, 588.89, 593.97, 591.73, 592.66, 20.49]
[1469512800, 590.02, 595.16, 595.16, 591.77, 38.38377763]
[1469509200, 595.02, 596.73, 596.4, 596.56, 2.8]
[1469505600, 595.02, 596.38, 595.18, 596.38, 2.34802585]
[1469502000, 595.64, 596.4, 596.39, 595.64, 0.93]
[1469498400, 596.14, 596.4, 596.4, 596.14, 0.28]
[1469494800, 596.38, 596.4, 596.38, 596.4, 3.13001672]
[1469491200, 595.57, 596.38, 596.36, 596.38, 1.86922834]
[1469487600, 595.03, 596.85, 596.85, 596.36, 5.35]
[1469484000, 596.43, 598.88, 598.88, 596.87, 10.85]
[1469480400, 598.05, 599.46, 599.15, 598.98, 17.76]
[1469476800, 598.83, 599.69, 599.59, 599.15, 16.47864066]
[1469473200, 599.53, 600.85, 600.85, 599.69, 24.01]
[1469469600, 600.57, 602.99, 601.04, 601.05, 17.57575987]
[1469466000, 598.02, 603.81, 601.09, 601.06, 27.416]
[1469462400, 599.26, 603.06, 601.53, 600.79, 16.96157195]
[1469458800, 599.44, 601.98, 600.79, 601.27, 11.8773]
[1469455200, 595.01, 601.74, 599.62, 600.78, 13.63]
[1469451600, 596.69, 600.25, 599.51, 599.09, 19.13887066]
[1469448000, 597.34, 599.76, 599.37, 599.52, 15.16145317]
[1469444400, 596.58, 600.6, 600.6, 599.22, 14.75222525]
[1469440800, 598.96, 601.29, 600.3, 600.6, 21.07224397]
[1469437200, 599.37, 601.7, 600.19, 601.04, 9.17941856]
[1469433600, 597, 601.48, 601.48, 600.19, 25.83144205]
[1469430000, 600.23, 602.54, 601.43, 600.23, 5.54]
[1469426400, 600, 604.97, 604.04, 600.03, 14.34304736]
[1469422800, 604.02, 605.15, 605.06, 605.03, 2]
[1469419200, 604.66, 604.67, 604.67, 604.66, 0.07]
[1469415600, 604.34, 605.76, 605.22, 605.76, 2.16]
[1469412000, 604.02, 605.32, 605.32, 605.27, 2.43331]
[1469408400, 605.58, 605.98, 605.98, 605.58, 0.16]
[1469404800, 604.85, 605.99, 605.79, 605.98, 1.14032921]
[1469401200, 604.82, 606, 605.98, 604.85, 1.51]
[1469397600, 604.82, 606.12, 606.11, 605.96, 7.57]
[1469394000, 605.63, 606.07, 605.63, 605.64, 3.73997489]
[1469390400, 605.12, 606.85, 606.44, 605.63, 9.28]
[1469386800, 605, 606.85, 605.09, 606.76, 6.79]
[1469383200, 605.02, 606.59, 605.49, 606.59, 5.35414988]
[1469379600, 603.37, 605.49, 603.88, 605.48, 6.49024483]
[1469376000, 602.33, 605, 602.7, 604.98, 7.03]
[1469372400, 600.83, 602.7, 601.99, 602.7, 7.8]
[1469368800, 598.99, 601.98, 600.88, 601.98, 7.66]
[1469365200, 596, 601.91, 600.59, 600.77, 13.09]
[1469361600, 600.44, 602.7, 600.99, 600.59, 13.07]
[1469358000, 596.08, 600.99, 599.11, 600.98, 17.09120588]
[1469354400, 598, 601, 600.2, 601, 7.8522]
[1469350800, 598.28, 601.98, 599.74, 600.19, 10.14]
[1469347200, 598.85, 601.34, 599.57, 598.85, 7.26]
[1469343600, 599.56, 601.92, 600.83, 599.56, 2.99543891]
[1469340000, 599.67, 600.84, 599.67, 600.84, 1.49]
[1469336400, 599.05, 600.94, 600.39, 599.05, 1.53]
[1469332800, 599.28, 599.88, 599.28, 599.88, 0.24]
[1469329200, 598.01, 601.63, 598.01, 600.69, 0.62306987]
[1469325600, 597.28, 599.29, 597.29, 598.87, 0.68613974]
[1469322000, 598.49, 601.66, 601.61, 598.9, 0.57244917]
[1469318400, 599.84, 601.63, 601.09, 599.84, 0.4]
[1469314800, 597.59, 601.36, 601.36, 601, 7.47379812]
[1469311200, 599.65, 601.8, 601.03, 601.53, 3.12]
[1469307600, 598.23, 601.97, 600.13, 601.97, 2.91]
[1469304000, 597.77, 600.35, 598.82, 600.35, 6.42]
[1469300400, 594.99, 601.71, 599.96, 598.82, 13.5913]
[1469296800, 598.37, 601.12, 600.79, 599.96, 15.81885176]
[1469293200, 598.85, 600.88, 598.91, 600.82, 7.31030643]
[1469289600, 593.08, 602.72, 599.79, 598.88, 87.35693638]
[1469286000, 600.06, 603.48, 601.23, 600.42, 4.28]
[1469282400, 600.87, 604.32, 601.95, 601.43, 6.699669]
[1469278800, 598.4, 603.86, 601.1, 601.46, 10.2826237]
[1469275200, 599.75, 602.32, 601.42, 600.97, 12.98630528]
[1469271600, 598.96, 601.51, 601.17, 601.42, 9.1]
[1469268000, 597.46, 601.75, 598.35, 601.29, 11.47]
[1469264400, 596.64, 600.85, 599.37, 599.06, 10.33]
[1469260800, 593.84, 600.84, 595.01, 600.84, 20.32]
[1469257200, 594.25, 597.88, 596.83, 595.01, 3.0973934]
[1469253600, 596.68, 598.9, 597.8, 597.83, 7.72907503]
[1469250000, 597.8, 598.49, 597.84, 597.8, 3.20971039]
[1469246400, 597.84, 599.91, 599.89, 597.84, 1.0335]
[1469242800, 597.81, 599.56, 597.81, 599.56, 1.55]
[1469239200, 596.75, 600.13, 597.78, 596.75, 7.42]
[1469235600, 597.08, 598.08, 597.32, 598.08, 0.88]
[1469232000, 596.61, 598.35, 596.62, 597.43, 1.17]
[1469228400, 595, 598.78, 595.42, 596.62, 14.12]
[1469224800, 595, 601.22, 601.22, 596.84, 11.27343117]
[1469221200, 598, 603.73, 603.73, 602.34, 10.06084816]
[1469217600, 601.59, 605.74, 601.93, 603.73, 15.53]
[1469214000, 600.7, 605.92, 605.91, 601.9, 14.21]
[1469210400, 599.63, 606.12, 604.74, 605.91, 14.45]
[1469206800, 599.12, 605, 602.33, 604.74, 16.6753]
[1469203200, 597.3, 603.18, 597.86, 602.51, 7.62]
[1469199600, 595.18, 601, 596.69, 597.86, 21.3518409]
[1469196000, 593.74, 597.54, 596.29, 596.69, 27.19934656]
[1469192400, 592.5, 601.72, 601, 596.45, 69.60573057]
[1469188800, 601, 606, 601.42, 601.9, 19.01]
[1469185200, 601, 604.47, 604.14, 601.6, 21.28]
[1469181600, 602.99, 605.68, 603.97, 604.25, 20.68]
[1469178000, 602.18, 606.01, 606.01, 603.97, 21.10294]
[1469174400, 604.25, 610, 605.86, 606.01, 15.62]
[1469170800, 602.5, 607, 606.55, 605.9, 12.76970968]
[1469167200, 605.36, 607.1, 607.1, 606.73, 4.49]
[1469163600, 605.14, 607.1, 605.76, 607.1, 2.51]
[1469160000, 605.83, 607.58, 605.83, 607.1, 4.75]
[1469156400, 605.01, 606.51, 606.02, 605.83, 4.93]
[1469152800, 605.08, 606.36, 605.08, 606.15, 2.58]
[1469149200, 604.66, 607.61, 604.7, 606.29, 4.06183609]
[1469145600, 603.36, 606.26, 604.65, 605.74, 1.56]
[1469142000, 602.03, 606.23, 604.62, 603.53, 3.13]
[1469138400, 603.62, 606.41, 606.11, 604.7, 8.51]
[1469134800, 602.29, 606.47, 603.35, 606.11, 18.51623206]
[1469131200, 603.05, 606.76, 605.18, 603.05, 17.49031338]
[1469127600, 605, 605.97, 605.97, 605.19, 15.21]
[1469124000, 605, 608.55, 608.55, 605.97, 13.7]
[1469120400, 608.4, 608.64, 608.45, 608.56, 7.5285566]
[1469116800, 606.77, 608.6, 606.78, 608.46, 6.37]
[1469113200, 606.21, 607.42, 607.41, 606.78, 5.03792688]
[1469109600, 607.22, 608.85, 607.45, 607.44, 10.23]
[1469106000, 602.01, 609.99, 606.14, 607.45, 20.25803946]
[1469102400, 602.21, 609.04, 605.79, 606.29, 39.62528469]
[1469098800, 602.46, 606.93, 606.72, 605.79, 17.85]
[1469095200, 604.08, 606.78, 605.71, 606.72, 10.37100593]
[1469091600, 602.94, 606.5, 605.5, 605.71, 17.73]
[1469088000, 604.81, 606.97, 606.97, 605.46, 17.27069652]
[1469084400, 606.25, 607.09, 606.26, 606.96, 9.2325456]
[1469080800, 605.01, 606.73, 605.01, 606.63, 12.59]
[1469077200, 604.23, 605.01, 605.01, 605.01, 7.52361154]
[1469073600, 605, 605.25, 605, 605, 1.87]
[1469070000, 605, 605.01, 605, 605, 2.3613]
[1469066400, 605, 605.98, 605.98, 605.01, 3.2046]
[1469062800, 605, 607.43, 606.06, 605.94, 16.12]
[1469059200, 605.01, 608.84, 608.84, 605.91, 11.77]
[1469055600, 608.3, 608.97, 608.83, 608.85, 1.34]
[1469052000, 608, 609, 608.83, 608.3, 8.378]
[1469048400, 606.9, 609, 607.82, 608.83, 7.14]
[1469044800, 606.77, 608.13, 607.33, 607.82, 7.87]
[1469041200, 606, 608.89, 608.84, 607.26, 19.57900735]
[1469037600, 607.89, 609.4, 609.4, 608.81, 6.39]
[1469034000, 607.89, 611, 608.01, 609.26, 13.71]
[1469030400, 606.57, 609.34, 608.71, 608.01, 14.5475]
[1469026800, 605.25, 611.89, 611.89, 608.72, 15.06676474]
[1469023200, 609.74, 612.39, 610.72, 611.89, 18.94]
[1469019600, 611, 613.28, 612.81, 611, 12.60055105]
[1469016000, 610.69, 613.5, 611.04, 612.84, 13.37]
[1469012400, 611.04, 613.01, 611.05, 611.06, 5.49]
[1469008800, 608.8, 613.76, 613.76, 611.05, 25.93]
[1469005200, 611.96, 613.95, 612.27, 613.76, 13.71423979]
[1469001600, 609.97, 615.6, 611.98, 612.56, 27.81320228]
[1468998000, 610.97, 615.25, 611.25, 611.98, 37.69]
[1468994400, 610.85, 613, 612.36, 610.87, 3.37]
[1468990800, 610.8, 613.27, 613.01, 612.35, 2.89]
[1468987200, 611.37, 613.29, 612.13, 613.29, 7.77]
[1468983600, 611.23, 612.39, 611.26, 612.39, 1.52]
[1468980000, 607, 613.34, 613.32, 612.98, 12.16]
[1468976400, 611.34, 613.34, 612.51, 613.34, 4.85194903]
[1468972800, 609.32, 613, 613, 611.91, 11.13]
[1468969200, 612.58, 613, 612.8, 613, 4.32]
[1468965600, 610.19, 612.79, 611.22, 612.79, 6.96]
[1468962000, 611.22, 611.99, 611.22, 611.28, 7.47]
[1468958400, 611.19, 612, 611.43, 612, 20.128]
[1468954800, 610.43, 612, 611.05, 611.75, 11.22549262]
[1468951200, 608.43, 611.11, 610.96, 610.58, 18.89613742]
[1468947600, 608.02, 610.58, 608.02, 610.58, 7.05]
[1468944000, 607.56, 612.62, 612.62, 609.72, 19.53652551]
[1468940400, 610.74, 613.27, 612.57, 612.52, 22.02]
[1468936800, 611.37, 613.14, 611.69, 611.37, 7.41]
[1468933200, 611.27, 613.14, 611.72, 611.69, 6.4]
[1468929600, 610.85, 613.3, 611.71, 611.52, 57.76638322]
[1468926000, 610.17, 612.92, 610.2, 612.92, 15.3546]
[1468922400, 607.81, 612.08, 608.94, 611.05, 24.02220406]
[1468918800, 608.93, 610.83, 610.83, 608.94, 26.534668]
[1468915200, 610.7, 612, 612, 610.82, 21.868]
[1468911600, 610.73, 612.93, 612.69, 612.01, 10.86]
[1468908000, 612.37, 612.93, 612.86, 612.64, 5]
[1468904400, 612.4, 612.86, 612.83, 612.86, 1.87]
[1468900800, 612.28, 612.86, 612.85, 612.28, 1.12]
[1468897200, 612.26, 612.71, 612.71, 612.26, 0.64]
[1468893600, 612.85, 612.85, 612.85, 612.85, 0.24]
[1468890000, 612.71, 612.86, 612.73, 612.86, 3.68]
[1468886400, 611.47, 612.73, 611.89, 612.73, 5.27]
