[1477526400, 620.86, 622.51, 620.86, 621.99, 3.37235]
[1477522800, 619.38, 622, 620.38, 620.76, 14.27611479]
[1477519200, 615.03, 621.42, 621.42, 620.55, 10.24161694]
[1477515600, 614.45, 622, 618.81, 621.42, 7.465]
[1477512000, 611.64, 622.91, 622.72, 618.81, 51.46548958]
[1477508400, 620.63, 625.52, 625.16, 622.82, 16.91746059]
[1477504800, 622.54, 626.12, 623.26, 625.14, 30.3989]
[1477501200, 616, 623.4, 617.01, 623.4, 61.56987123]
[1477497600, 615.8, 618.1, 615.8, 617.01, 20.639547]
[1477494000, 613.67, 616.91, 613.82, 615.79, 21.35]
[1477490400, 613.5, 616.99, 614.15, 613.82, 27.42305728]
[1477486800, 611.42, 615.07, 611.99, 614.14, 23.16583648]
[1477483200, 608.08, 612, 608.08, 611.89, 41.49000479]
[1477479600, 607.28, 609.26, 607.81, 608.07, 20.53370902]
[1477476000, 606.27, 609.01, 607.38, 607.69, 37.3089641]
[1477472400, 607.25, 609.29, 608.41, 607.38, 19.29688736]
[1477468800, 605.03, 609.14, 606.96, 608.32, 55.60879667]
[1477465200, 606.45, 609.87, 609.87, 606.97, 20.12309919]
[1477461600, 608.39, 610, 608.9, 609.86, 13.71978751]
[1477458000, 607.83, 609.98, 607.83, 609.24, 1.572]
[1477454400, 607.48, 608.4, 608.35, 608.37, 1.66]
[1477450800, 607.06, 608.4, 607.09, 607.61, 2.1]
[1477447200, 606.54, 608.41, 606.61, 607.5, 1.05]
[1477443600, 605.75, 608.43, 605.75, 608.08, 13.83]
[1477440000, 603.96, 606.46, 604.23, 605.75, 2.1689]
[1477436400, 601, 609, 608.78, 605.31, 35.14356279]
[1477432800, 606.46, 609, 606.46, 608.77, 24.37480337]
[1477429200, 605.03, 606.98, 605.03, 606.98, 29.64850414]
[1477425600, 605.01, 606.84, 605.05, 605.01, 18.3]
[1477422000, 604.6, 606.6, 604.6, 605.99, 10.03]
[1477418400, 605.03, 607.36, 605.45, 605.03, 36.8417]
[1477414800, 604.52, 606.65, 606.56, 606.48, 12.11]
[1477411200, 604.99, 607.17, 607.09, 607.17, 10.690553]
[1477407600, 605.85, 608.86, 608.86, 607.2, 24.27]
[1477404000, 605.02, 608.5, 607.33, 608.5, 28.11]
[1477400400, 605, 607.99, 605.37, 605.51, 37.55]
[1477396800, 603.02, 607.55, 603.09, 605.02, 35.53]
[1477393200, 602.01, 604.86, 603.48, 604.58, 8.71]
[1477389600, 602.02, 604.76, 604.14, 602.43, 22.45111122]
[1477386000, 602.88, 606, 604.81, 604.14, 31.13920997]
[1477382400, 601.67, 606, 605.99, 601.87, 18.07]
[1477378800, 603.51, 605.99, 603.97, 605.99, 8.49]
[1477375200, 603.21, 606, 605, 605, 5.841]
[1477371600, 603.02, 605, 603.97, 605, 5.84100709]
[1477368000, 601.08, 604, 604, 603.97, 2.45]
[1477364400, 600.16, 604, 603, 604, 4.18]
[1477360800, 602.94, 603, 603, 603, 0.5]
[1477357200, 600.03, 603, 600.03, 603, 1.19]
[1477353600, 599.95, 602.46, 600.36, 602.46, 0.98093421]
[1477350000, 599.95, 602.01, 601.98, 599.96, 2.64]
[1477346400, 599.28, 602.01, 599.28, 602, 3.267]
[1477342800, 598, 600.92, 599.5, 600, 11.89]
[1477339200, 598.15, 601.67, 601.67, 599.5, 7.40657895]
[1477335600, 598.48, 603.31, 601.77, 602.2, 18.28]
[1477332000, 598.14, 603, 598.14, 603, 12.42]
[1477328400, 598.02, 603, 601.94, 601.78, 12.33]
[1477324800, 598, 602.29, 601.62, 599.99, 41.90889257]
[1477321200, 599.49, 602.01, 600.24, 601.62, 18.58564741]
[1477317600, 599.87, 601.52, 600.24, 600.34, 22.98508514]
[1477314000, 599.31, 600.95, 600.14, 600.33, 12.18120231]
[1477310400, 598.03, 601, 598.32, 600.15, 29.22076372]
[1477306800, 598.1, 600.79, 599.56, 598.32, 22.326348]
[1477303200, 598.67, 600.93, 598.98, 599.47, 32.04493474]
[1477299600, 598.57, 599.75, 598.57, 599.07, 6.78325456]
[1477296000, 598.12, 600.9, 598.13, 598.45, 13.78]
[1477292400, 597.75, 599.74, 599.02, 598.12, 31.94338951]
[1477288800, 599.01, 599.45, 599.41, 599.02, 2.81834808]
[1477285200, 598.87, 599.69, 598.87, 599.41, 2.41217097]
[1477281600, 598.36, 598.9, 598.38, 598.86, 1.65]
[1477278000, 598.16, 598.45, 598.16, 598.45, 0.38]
[1477274400, 597.75, 598.15, 597.75, 598.15, 0.58]
[1477270800, 597.65, 597.8, 597.8, 597.73, 0.49000151]
[1477267200, 597.71, 600.95, 599.41, 597.71, 6.96536266]
[1477263600, 598.94, 599.65, 599.49, 599.41, 2.66]
[1477260000, 597.97, 601.53, 601.16, 599.49, 13.53133702]
[1477256400, 597.23, 601.17, 600.8, 601.17, 21.65237163]
[1477252800, 600.81, 602, 601.54, 600.81, 10.87428977]
[1477249200, 600.16, 601.85, 600.46, 601.5, 16.83015201]
[1477245600, 598.77, 601.16, 601.04, 600.62, 16.2076331]
[1477242000, 599.75, 601.24, 601.24, 601.04, 10.14056996]
[1477238400, 601.23, 602, 601.87, 601.24, 5.84]
[1477234800, 601.25, 601.97, 601.26, 601.97, 4.84524007]
[1477231200, 599, 601.27, 600.27, 601.26, 14.06808921]
[1477227600, 599.46, 600.28, 599.77, 600.28, 9.66999993]
[1477224000, 599.07, 600.89, 600.84, 599.61, 3.47524296]
[1477220400, 599, 601.27, 601.27, 600.81, 6.61559043]
[1477216800, 600.23, 601.98, 601.16, 601.26, 7.26934366]
[1477213200, 601, 603.75, 603.5, 601.16, 7.49805565]
[1477209600, 601.76, 603.58, 603.34, 603.43, 14.17]
[1477206000, 602.33, 603.39, 602.33, 603.39, 3.06999998]
[1477202400, 601.07, 603.32, 601.07, 602.33, 7.59705937]
[1477198800, 600.88, 601.35, 600.88, 601.07, 2.65]
[1477195200, 599.55, 600.87, 600, 599.55, 9.32576]
[1477191600, 600.59, 602.76, 602.75, 600.59, 5.3753]
[1477188000, 602.66, 604.31, 604.31, 602.66, 4.68810033]
[1477184400, 604.22, 604.65, 604.65, 604.32, 2.28]
[1477180800, 600.79, 605, 600.79, 604.66, 13.6307732]
[1477177200, 600.42, 601.33, 601.25, 600.89, 14.61317871]
[1477173600, 600.05, 601.26, 600.16, 601.25, 5.97630049]
[1477170000, 598.97, 602.71, 602.69, 600.26, 11.49323403]
[1477166400, 601.56, 603.12, 602.84, 602.33, 7.0265256]
[1477162800, 601.63, 604.44, 601.63, 602.83, 27.11491686]
[1477159200, 599.99, 601.96, 600, 601.64, 11.9484951]
[1477155600, 597.99, 600, 597.99, 600, 15.45367543]
[1477152000, 596.95, 600, 596.95, 598, 20.70989796]
[1477148400, 587.99, 598.2, 587.99, 596.94, 38.71720057]
[1477144800, 587.29, 588, 587.29, 588, 8.77585882]
[1477141200, 587.23, 587.35, 587.34, 587.3, 10.12]
[1477137600, 586.64, 587.35, 587.3, 587.34, 7.65645]
[1477134000, 585.72, 587.35, 587.35, 587.3, 11.49]
[1477130400, 586.64, 587.39, 587.39, 587.35, 38.61542326]
[1477126800, 586.6, 587.39, 586.63, 587.39, 6.8]
[1477123200, 585.57, 586.75, 586, 586.66, 7.1716653]
[1477119600, 584.33, 586, 585.5, 586, 7.88968294]
[1477116000, 584.24, 585.5, 584.24, 585.48, 7.44436169]
[1477112400, 582.46, 584.18, 582.46, 584.18, 2.554098]
[1477108800, 582.31, 582.59, 582.31, 582.44, 0.41]
[1477105200, 582.23, 582.7, 582.7, 582.33, 0.58]
[1477101600, 582.57, 582.74, 582.57, 582.73, 0.99]
[1477098000, 582.51, 582.58, 582.52, 582.58, 0.68]
[1477094400, 582.07, 582.58, 582.07, 582.51, 2.51]
[1477090800, 582.04, 582.06, 582.04, 582.06, 1.41]
[1477087200, 580.66, 582.04, 581.57, 582.04, 5.66501549]
[1477083600, 581.3, 582.04, 582.03, 581.66, 5.89251781]
[1477080000, 581.28, 582.04, 581.47, 581.94, 9.24367778]
[1477076400, 580.34, 582.04, 582.03, 581.57, 7.57]
[1477072800, 581, 584.6, 584.25, 582.04, 20.39215415]
[1477069200, 583.48, 584.89, 584.68, 584.33, 24.44389349]
[1477065600, 584.02, 584.82, 584.17, 584.69, 5.61790153]
[1477062000, 583.25, 584.53, 583.25, 584.18, 26.97457478]
[1477058400, 582.17, 583.26, 582.17, 583.24, 12.33404694]
[1477054800, 581.31, 582.66, 581.55, 582.17, 23.94990889]
[1477051200, 580.73, 582.49, 582.38, 581.54, 35.53163577]
[1477047600, 580.64, 582.48, 581.77, 582.39, 23.5507498]
[1477044000, 581.34, 582.47, 582.26, 581.77, 8.11440804]
[1477040400, 581.17, 582.36, 582.15, 582.36, 10.3009738]
[1477036800, 581.08, 582.23, 581.69, 582.15, 19.59530281]
[1477033200, 581.05, 581.77, 581.05, 581.77, 12.33677595]
[1477029600, 579.85, 581.89, 581.06, 581.04, 25.45551644]
[1477026000, 579.85, 581.06, 579.85, 581.05, 7.46]
[1477022400, 579.75, 580, 579.98, 579.75, 2.74]
[1477018800, 579.24, 580, 579.24, 580, 4.3221]
[1477015200, 578.56, 579.23, 578.56, 579.23, 4.20348388]
[1477011600, 578.04, 578.56, 578.04, 578.56, 2.06]
[1477008000, 578, 578.28, 578.21, 578.04, 1.85663885]
[1477004400, 577.38, 578.5, 578.09, 578.12, 10.53743036]
[1477000800, 577.39, 578.56, 577.84, 578.08, 8.6877]
[1476997200, 577.41, 578.41, 577.87, 577.84, 8.41]
[1476993600, 577.23, 579.86, 578.19, 577.86, 34.56394774]
[1476990000, 578.13, 578.53, 578.22, 578.2, 9]
[1476986400, 576.59, 578.53, 578.05, 578.29, 16.1422513]
[1476982800, 576.19, 578.46, 577.94, 578.05, 21.19717298]
[1476979200, 576.5, 578.16, 577.82, 577.84, 28.95799031]
[1476975600, 575.63, 578.77, 577.95, 577.82, 33.86969759]
[1476972000, 576.18, 578.1, 577.19, 577.95, 44.39212277]
[1476968400, 576.84, 577.95, 576.84, 577.16, 18.22605019]
[1476964800, 576.68, 578.58, 578.22, 577, 38.98570634]
[1476961200, 577.38, 578.65, 577.38, 578.14, 8.24376022]
[1476957600, 577.1, 579.08, 578.62, 577.29, 30.64287753]
[1476954000, 577.81, 579.37, 578.46, 578.65, 33.93548954]
[1476950400, 577.68, 578.75, 578.26, 578.37, 7.09]
[1476946800, 578, 579.58, 578.16, 578.25, 15.50822216]
[1476943200, 576.62, 578.26, 577.93, 578.16, 15.49186491]
[1476939600, 577.69, 578.47, 577.87, 577.94, 4.83]
[1476936000, 575.47, 577.9, 575.51, 577.9, 6.66]
[1476932400, 575.52, 576.38, 576.29, 575.52, 1.72]
[1476928800, 573.05, 577.8, 577.8, 576.38, 9.1]
[1476925200, 577.8, 578.44, 578.38, 577.8, 1.59]
[1476921600, 577.65, 578.49, 578.42, 578.48, 4.938896]
[1476918000, 577.82, 578.49, 577.86, 578.45, 3.69]
[1476914400, 577.18, 577.9, 577.9, 577.87, 2.34734493]
[1476910800, 576.97, 578.28, 576.98, 578, 6.35734675]
[1476907200, 573.07, 577.28, 576.37, 576.98, 28.86826368]
[1476903600, 574.71, 577.21, 576.26, 576.37, 9.31]
[1476900000, 570.07, 577.06, 577.06, 576.16, 20.81088325]
[1476896400, 575.11, 577.07, 575.11, 577.07, 7.92840784]
[1476892800, 574.67, 576.43, 576.42, 575.1, 24.79860511]
[1476889200, 567.74, 578.16, 575.87, 576.43, 63.61109995]
[1476885600, 574.09, 576.96, 575.09, 575.87, 25.65639244]
[1476882000, 574.99, 582.35, 581.94, 574.99, 39.58528835]
[1476878400, 580.04, 582.36, 580.88, 581.93, 38.02940288]
[1476874800, 580.64, 583.64, 583.64, 580.88, 12.15867037]
[1476871200, 582.1, 585.14, 582.1, 583.64, 43.0972629]
[1476867600, 582, 584.1, 584.1, 582, 14.50673657]
[1476864000, 582.99, 584.12, 583.7, 584.11, 15.18367074]
[1476860400, 582.52, 583.7, 582.68, 583.7, 14.82585884]
[1476856800, 580.01, 584.02, 583.3, 582.68, 19.72541204]
[1476853200, 582.78, 583.34, 582.78, 583.21, 3.71]
[1476849600, 582.69, 582.86, 582.77, 582.85, 0.92307796]
[1476846000, 582.69, 583.38, 583.23, 582.69, 1.67807844]
[1476842400, 582.37, 583.2, 582.37, 583.18, 2.09077977]
[1476838800, 582.29, 582.54, 582.29, 582.35, 0.36]
[1476835200, 582.28, 582.28, 582.28, 582.28, 0.16]
[1476831600, 581.31, 582.29, 581.31, 582.29, 1.57]
[1476828000, 581.12, 583.43, 581.47, 581.31, 19.57645367]
[1476824400, 579.42, 582.86, 580.69, 581.47, 26.72178715]
[1476820800, 579.42, 582.58, 581.86, 580.68, 21.1945437]
[1476817200, 579.43, 582.92, 582.92, 581.97, 22.94804162]
[1476813600, 582.28, 583.46, 583.46, 583.08, 24.8771707]
[1476810000, 581.53, 584.57, 583, 583.47, 35.20561947]
[1476806400, 581.81, 584.18, 582.32, 583, 22.6575083]
