[1452326400, 413.2, 415.13, 413.32, 413.64, 22.86]
[1452322800, 412.92, 414.95, 412.92, 414.87, 3.19]
[1452319200, 411.31, 411.31, 411.31, 411.31, 0.05]
[1452312000, 411, 415, 415, 413.1, 3.4708]
[1452308400, 415.88, 416.46, 415.88, 416.19, 0.5]
[1452304800, 415.15, 416.05, 416.05, 415.15, 12.1337]
[1452301200, 416.03, 417.66, 416.17, 416.04, 4.89]
[1452297600, 416.01, 417.02, 417.02, 416.8, 8.41]
[1452294000, 416.17, 417.2, 417, 417.02, 5.7856603]
[1452290400, 415.28, 417.2, 415.28, 417.2, 4.76]
[1452286800, 415.2, 417.19, 416.03, 415.28, 10.63]
[1452283200, 414.8, 416.98, 415.77, 416.84, 6.37697778]
[1452279600, 413.57, 416.7, 413.58, 415.78, 20.33640808]
[1452276000, 410.05, 414.74, 413.49, 413.12, 83.5404136]
[1452272400, 413.42, 418.44, 418.44, 414.99, 34.70915926]
[1452268800, 418.33, 419.96, 418.43, 419.22, 25.45098017]
[1452265200, 418.2, 421.83, 421.46, 418.44, 38.086]
[1452261600, 420.14, 422, 422, 421.46, 23.24520434]
[1452258000, 419.47, 422, 421.26, 422, 22.37428956]
[1452254400, 419, 421.75, 420, 421.16, 24.91934]
[1452250800, 419.5, 421.9, 420, 419.5, 39.12227232]
[1452247200, 420, 422.9, 420.5, 420, 35.33045886]
[1452243600, 419.19, 421.36, 421.03, 420.5, 15.05018234]
[1452240000, 417.21, 421.79, 418.12, 421.03, 21.33091919]
[1452236400, 418.32, 421.15, 420.78, 418.32, 11.24894885]
[1452232800, 419.81, 422.44, 422.41, 421.01, 16.32041912]
[1452229200, 420.29, 421.74, 421.71, 420.78, 3.674]
[1452225600, 419.95, 422.43, 422.33, 419.95, 1.57998055]
[1452222000, 421.4, 423.52, 422.09, 423.24, 0.61788304]
[1452218400, 420.89, 424.08, 421.97, 423.32, 7.713583]
[1452214800, 419.59, 426, 423.51, 421.98, 37.50302833]
[1452211200, 419.54, 423.53, 419.54, 423.19, 36.47712607]
[1452207600, 419.48, 421.45, 419.95, 419.63, 35.85123345]
[1452204000, 416.9, 419.98, 418.71, 419.92, 12.16985186]
[1452200400, 416.31, 419.27, 417.61, 417.77, 45.37560705]
[1452196800, 417.03, 420.06, 419.14, 418.57, 24.1788]
[1452193200, 418.18, 421.01, 420.82, 418.49, 32.00635027]
[1452189600, 418.79, 421.43, 420, 420.76, 64.16847298]
[1452186000, 418.62, 420.88, 419.12, 420, 20.89219269]
[1452182400, 418.77, 422.01, 420.75, 420.67, 11.23043728]
[1452178800, 417.52, 422.01, 417.52, 422.01, 22.08319074]
[1452175200, 416.5, 420.36, 420.23, 418.36, 14.51297799]
[1452171600, 417.33, 420.22, 420.08, 420.09, 18.43027431]
[1452168000, 415.15, 421.2, 416.7, 418.29, 43.87181743]
[1452164400, 415.05, 417.61, 416.19, 416.71, 21.47420649]
[1452160800, 415, 417.41, 415, 415.53, 29.48]
[1452157200, 414.08, 417, 417, 415, 30.94174376]
[1452153600, 414.77, 421.09, 418.47, 418.31, 185.33596253]
[1452150000, 414.26, 419.99, 417.03, 418.31, 49.41807833]
[1452146400, 410.39, 417.98, 410.39, 414.72, 38.00467346]
[1452142800, 407.29, 408.58, 407.29, 408.5, 8.74]
[1452139200, 406.55, 409.9, 408.84, 406.55, 32.4971]
[1452135600, 408.45, 410.99, 409.63, 408.79, 19.8815897]
[1452132000, 400.35, 409.63, 400.35, 409.63, 31.76919903]
[1452128400, 398.85, 401.61, 401.61, 399.59, 2.17915183]
[1452124800, 399.72, 401.75, 400.24, 401.54, 5.13]
[1452121200, 399.72, 402.17, 402.01, 400.06, 5.39185082]
[1452117600, 401.07, 402.54, 401.8, 402.18, 11.52]
[1452114000, 399.4, 401.99, 401.57, 401.8, 23.31682803]
[1452110400, 398.25, 401.7, 400.93, 401.55, 58.33313796]
[1452106800, 400, 402.1, 401.63, 401.04, 43.54534224]
[1452103200, 400.92, 402.32, 402.32, 402, 20.74602549]
[1452099600, 401.32, 402.78, 402.37, 402.72, 13.31]
[1452096000, 401.22, 402.41, 402.32, 402.38, 6.64581248]
[1452092400, 401.78, 403.45, 402.08, 402.29, 19.41]
[1452088800, 401.01, 402.94, 402.91, 402.78, 20.20890033]
[1452085200, 401.75, 403.28, 401.81, 402.66, 10.21]
[1452081600, 401.97, 402.94, 401.97, 402.94, 11.61]
[1452078000, 401.34, 402, 401.97, 401.97, 16.12]
[1452074400, 400.81, 402.97, 402.97, 401.97, 11.32574398]
[1452070800, 402.94, 403.99, 403.14, 402.98, 19.91118]
[1452067200, 400.9, 403.18, 401.68, 402.33, 16.71016939]
[1452063600, 401.64, 402.88, 402.02, 402.01, 2.73]
[1452060000, 401.17, 401.91, 401.17, 401.2, 0.97481899]
[1452056400, 400.03, 401.4, 400.03, 401.4, 2.32315034]
[1452052800, 400.06, 400.35, 400.31, 400.06, 0.57479666]
[1452049200, 399.59, 401.68, 400.74, 399.59, 26.60950155]
[1452045600, 401.04, 402.57, 402.57, 401.57, 3.92389943]
[1452042000, 401.81, 403.25, 403.25, 401.81, 4.08]
[1452038400, 401.57, 403.24, 402.89, 403.12, 5.27]
[1452034800, 401.69, 403.25, 403.1, 403.2, 5.10052339]
[1452031200, 402.06, 403.25, 403.21, 402.99, 5.77452648]
[1452027600, 402.03, 403.5, 403, 402.35, 22.13901978]
[1452024000, 402.99, 403.5, 403.5, 403.49, 8.67324881]
[1452020400, 401.82, 404.3, 403, 403.5, 54.94]
[1452016800, 402.98, 403.97, 403.94, 403, 6.81]
[1452013200, 401.99, 404, 403.98, 402.37, 50.42]
[1452009600, 402.78, 404.5, 404.47, 404, 22.74012687]
[1452006000, 403.21, 404.77, 403.69, 403.78, 46.78771128]
[1452002400, 401.7, 404.23, 402.44, 403.17, 39.38]
[1451998800, 400, 403.66, 400.66, 402, 59.48]
[1451995200, 400.57, 402, 402, 400.57, 21.2621386]
[1451991600, 400.55, 403.05, 402.5, 402, 19.37]
[1451988000, 400.64, 403.45, 401.75, 402.8, 27.059347]
[1451984400, 400.79, 403.44, 402.46, 402, 60.339]
[1451980800, 400.59, 402.6, 402.39, 402.6, 16.86591383]
[1451977200, 399.85, 402.4, 400.87, 402.4, 13.17776679]
[1451973600, 399.99, 401.7, 401.23, 401.04, 8.96]
[1451970000, 400.22, 402.29, 402.25, 400.22, 2.48]
[1451966400, 400.89, 402.45, 400.89, 402.45, 1.06]
[1451962800, 400.35, 402.09, 400.35, 402.09, 0.37]
[1451959200, 401.22, 402.28, 401.5, 401.22, 2.16]
[1451955600, 400.61, 401.5, 401.5, 400.61, 4.32]
[1451952000, 400.86, 401.5, 400.86, 401.49, 5.26144774]
[1451948400, 400.1, 402.6, 402.58, 400.23, 12.85497273]
[1451944800, 401.33, 402.6, 402.55, 402.6, 9.76]
[1451941200, 400.32, 402.83, 402.26, 402.83, 6.98]
[1451937600, 400.39, 402.5, 401.17, 402.27, 13.53410506]
[1451934000, 400.77, 401.2, 401.05, 400.77, 5.85862036]
[1451930400, 400.94, 402.3, 400.99, 401.49, 7.65]
[1451926800, 400.94, 403, 401.97, 402.07, 32.41]
[1451923200, 400.97, 402, 401.46, 401.93, 24.91042098]
[1451919600, 398.49, 402, 398.88, 401.99, 23.48213636]
[1451916000, 397.04, 398.55, 398.15, 398.55, 11.191376]
[1451912400, 396.44, 398.11, 397.18, 398.11, 31.91515247]
[1451908800, 396.47, 397.39, 396.51, 397.19, 1.93]
[1451905200, 396.43, 396.6, 396.6, 396.51, 10.4264]
[1451901600, 396.57, 397.35, 396.67, 396.6, 25.48985684]
[1451898000, 396.69, 397.25, 396.86, 396.7, 22.55630605]
[1451894400, 396.85, 398.19, 398.16, 396.86, 20.9638378]
[1451890800, 397.13, 398.98, 398.85, 398.16, 7.59]
[1451887200, 397.07, 398.94, 397.64, 397.18, 0.56671983]
[1451883600, 396.79, 398.48, 397.49, 396.79, 1.95]
[1451880000, 397.14, 398.26, 398.26, 397.95, 0.41]
[1451876400, 397.92, 398.99, 398.75, 398.97, 0.93]
[1451872800, 397.79, 398.99, 398.09, 398.99, 2.288]
[1451869200, 396.41, 398.98, 396.41, 398.4, 6.58]
[1451865600, 396.35, 397.36, 396.75, 397.36, 1.17]
[1451862000, 396, 397.71, 397.23, 397.16, 8.54931752]
[1451858400, 393.27, 397.2, 393.94, 397.13, 11.76217471]
[1451854800, 392.6, 393.94, 392.82, 393.94, 2.67670486]
[1451851200, 392.83, 393.93, 393.1, 393.92, 15.4628]
[1451847600, 392.39, 394.06, 393.96, 393.1, 13.79098983]
[1451844000, 393.06, 394.1, 393.76, 393.95, 6.01]
[1451840400, 393, 395.55, 395.52, 393.03, 17.54164312]
[1451836800, 393.97, 396.68, 395.93, 395.51, 24.66352246]
[1451833200, 393.36, 395.99, 394.76, 395.35, 7.39240809]
[1451829600, 394.75, 395.83, 394.77, 394.75, 13.1]
[1451826000, 394.76, 396.82, 396.57, 394.78, 7.3187625]
[1451822400, 396.61, 397.86, 397.84, 396.82, 6.49050192]
[1451818800, 396.83, 398.84, 397.37, 396.83, 13.75763635]
[1451815200, 397, 398.92, 398.36, 397.37, 11.61]
[1451811600, 398.83, 399.62, 399.49, 398.93, 1.61]
[1451808000, 397.98, 399.49, 398.58, 399.46, 1.7]
[1451804400, 398.58, 399.57, 398.76, 399.49, 0.79]
[1451800800, 398.51, 399.42, 398.71, 399.02, 1.47407]
[1451797200, 398.53, 399.73, 399.27, 398.53, 0.88]
[1451793600, 399.01, 400.26, 400.25, 399.01, 0.3]
[1451790000, 398.07, 399.27, 398.08, 399.27, 1.53]
[1451786400, 396.45, 399.74, 399.74, 397.8, 9.76]
[1451782800, 398.08, 400.85, 400.85, 398.88, 13.08]
[1451779200, 400.14, 400.88, 400.59, 400.85, 6.44]
[1451775600, 400.31, 400.94, 400.94, 400.59, 1.57]
[1451772000, 400.36, 400.99, 400.53, 400.94, 4.0757761]
[1451768400, 400.4, 401, 400.5, 401, 11.39]
[1451764800, 400.07, 401.17, 400.73, 400.51, 14.72]
[1451761200, 399.54, 400.99, 400.02, 399.76, 6.68868312]
[1451757600, 400, 401.97, 401.97, 400, 8.66]
[1451754000, 400.34, 402.3, 400.85, 401.97, 21.52]
[1451750400, 399.99, 400.99, 399.99, 400.85, 1.05]
[1451746800, 398.74, 400.65, 399.84, 400.65, 7.5955105]
[1451743200, 398.52, 400.46, 400, 399.99, 8.44]
[1451739600, 398.62, 400, 399.84, 399.83, 6.02790343]
[1451736000, 397.61, 400.46, 399.86, 399.96, 12.48]
[1451732400, 400.02, 402.12, 401.18, 400.36, 13.68347707]
[1451728800, 399.7, 401.67, 401.48, 399.7, 11.618]
[1451725200, 399.79, 401.55, 401.21, 401.5, 3.508]
[1451721600, 399.37, 401.67, 400.47, 401.13, 11.26801005]
[1451718000, 399.55, 401.59, 399.95, 400.57, 9.02]
[1451714400, 399.63, 402.2, 400.99, 400.91, 2.74]
[1451707200, 399.46, 401, 400.99, 400.86, 2.59]
[1451703600, 399.34, 400.99, 399.34, 399.9, 1.74591]
[1451700000, 399.44, 401.04, 401.01, 400.32, 0.77640552]
[1451696400, 399.36, 401.84, 401.35, 400.38, 3.55545]
[1451692800, 401.04, 402.65, 401.32, 401.39, 9.455]
[1451689200, 399.63, 401.7, 400.26, 401.7, 11.11]
[1451685600, 399.06, 400.3, 399.83, 399.06, 3.863]
[1451682000, 398.32, 399.86, 398.48, 399.85, 13.86]
[1451678400, 398.25, 399.86, 398.33, 399.64, 8.975]
[1451674800, 398.07, 399.8, 399.45, 398.26, 12.3]
[1451671200, 397.85, 399.83, 398.85, 399.51, 39.13]
[1451667600, 397.74, 399.65, 399.63, 399.59, 21.81]
[1451664000, 398.8, 399.65, 399.24, 399.63, 7.46520375]
[1451660400, 397.16, 399.63, 397.86, 399.5, 3.02196337]
[1451656800, 395.07, 397.92, 395.07, 397.92, 21.60270848]
[1451653200, 394.84, 399.61, 399.04, 395.25, 15.04231333]
[1451649600, 398.81, 399.63, 399.43, 399.03, 14.53294321]
[1451646000, 398.79, 399.34, 399.12, 399.27, 6.44260618]
[1451642400, 398.92, 400.06, 399.83, 399.03, 4.12849221]
[1451638800, 399.48, 401.42, 400.22, 400.06, 13.72]
[1451635200, 399.54, 403, 400.74, 401.6, 23.16]
[1451631600, 401, 402, 401.98, 401.08, 5.372]
[1451628000, 397.81, 401.09, 401.09, 399.67, 4.61]
[1451624400, 400.86, 401.51, 401.51, 401.05, 1.539]
[1451620800, 398, 401.99, 398, 400.62, 20.04761737]
[1451617200, 397.99, 398, 397.99, 398, 0.32]
[1451613600, 396.6, 397.74, 397.56, 396.6, 0.93]
[1451610000, 396.27, 397.37, 397.04, 396.27, 1.27]
[1451606400, 397.01, 397.82, 397.5, 397.03, 1.46]
