[1474646400, 536, 538.58, 536, 537.93, 19.7318]
[1474642800, 535.99, 536, 536, 536, 11.268]
[1474639200, 535.8, 536.55, 536.55, 536, 9.42]
[1474635600, 535.85, 536.81, 535.85, 536.55, 16.6865]
[1474632000, 534.96, 536.55, 535.41, 535.84, 22.76]
[1474628400, 534.87, 535.67, 535, 535.4, 22.03]
[1474624800, 534.95, 535, 535, 535, 10.15]
[1474621200, 534.16, 535, 534.16, 535, 16.16]
[1474617600, 534.03, 535.99, 534.06, 534.16, 16.5885]
[1474614000, 533.9, 535.2, 533.97, 534.08, 33.3296]
[1474610400, 533.64, 535.81, 533.64, 533.99, 11.148508]
[1474606800, 532.84, 533.67, 532.98, 533.64, 8.869967]
[1474603200, 532.97, 532.98, 532.98, 532.98, 2.06]
[1474599600, 532.87, 532.98, 532.87, 532.98, 6.222529]
[1474596000, 532.67, 532.88, 532.67, 532.88, 0.81]
[1474592400, 532.67, 532.82, 532.82, 532.67, 1.52]
[1474588800, 532.82, 532.96, 532.95, 532.82, 2.1039]
[1474585200, 532.34, 532.98, 532.93, 532.95, 5.31]
[1474581600, 532.54, 532.98, 532.54, 532.94, 9.48749]
[1474578000, 531.79, 532.98, 532.96, 532.52, 9.75501667]
[1474574400, 527.04, 532.98, 532.94, 532.96, 32.74]
[1474570800, 532.91, 532.98, 532.97, 532.95, 6.11]
[1474567200, 531.27, 533, 532.91, 533, 11.39]
[1474563600, 531.69, 532.93, 532.35, 532.89, 12.53]
[1474560000, 531.61, 532.44, 532.05, 532.44, 6.936]
[1474556400, 531.32, 532.5, 532.49, 532.05, 17.51]
[1474552800, 532.06, 532.94, 532.94, 532.49, 11.54]
[1474549200, 530.96, 533, 532.65, 532.94, 14.416]
[1474545600, 531.9, 533, 532.07, 532.35, 15.49]
[1474542000, 531.66, 533.36, 532.65, 532.08, 17.74509308]
[1474538400, 531.85, 532.91, 531.85, 532.65, 8.28]
[1474534800, 531.28, 532.85, 532.4, 531.85, 17.74]
[1474531200, 531.88, 532.39, 532.03, 532.38, 20.97796944]
[1474527600, 530.34, 532.79, 532.79, 532.03, 8.36967453]
[1474524000, 530.59, 534.83, 534.83, 532.8, 11.17]
[1474520400, 534.08, 535.17, 535.16, 534.83, 2.36]
[1474516800, 535.17, 535.18, 535.18, 535.17, 0.56]
[1474513200, 535.17, 535.18, 535.17, 535.18, 0.89]
[1474509600, 534.48, 535.37, 535.37, 535.17, 4.253124]
[1474506000, 535.37, 535.38, 535.38, 535.37, 0.306019]
[1474502400, 535.36, 535.41, 535.38, 535.41, 2.59]
[1474498800, 534.94, 535.4, 535.09, 535.38, 7.3]
[1474495200, 533.29, 535.26, 534.74, 535.07, 7.03570816]
[1474491600, 534.23, 535.39, 535.04, 534.75, 8.53]
[1474488000, 533.12, 535.33, 535.33, 535.05, 16.54082665]
[1474484400, 533.32, 536.71, 536.71, 535.34, 15.62696778]
[1474480800, 535.13, 536.77, 535.14, 536.71, 26.29]
[1474477200, 534.36, 536.14, 536.02, 535.14, 27.8819929]
[1474473600, 535.98, 536.72, 536.5, 536.02, 11.47010809]
[1474470000, 536.27, 537, 537, 536.5, 19.77848941]
[1474466400, 536.25, 537.44, 536.91, 537, 14.249932]
[1474462800, 536.52, 538.35, 537.49, 537.23, 9.35713516]
[1474459200, 536.3, 537.5, 537.42, 537.49, 39.20995897]
[1474455600, 536.3, 537.5, 537.49, 537.43, 19.43129665]
[1474452000, 536.72, 537.5, 537.5, 537.05, 12.62069]
[1474448400, 537.43, 537.5, 537.43, 537.5, 16.56763336]
[1474444800, 537.14, 537.5, 537.5, 537.14, 15.421]
[1474441200, 537.45, 538, 538, 537.5, 21.34369765]
[1474437600, 537.97, 538.64, 538.01, 537.99, 7.3676]
[1474434000, 537.62, 538.2, 537.77, 538.02, 2.56]
[1474430400, 530.7, 538.08, 537.73, 537.77, 75.7561]
[1474426800, 537.28, 538.38, 538.37, 537.74, 1.764484]
[1474423200, 538.3, 539.59, 538.77, 538.33, 7.3002]
[1474419600, 537.29, 538.79, 537.29, 538.59, 5.59]
[1474416000, 535.5, 545.92, 545.92, 537.29, 51.0227476]
[1474412400, 545.78, 546.68, 546.66, 545.9, 10.09064453]
[1474408800, 546.43, 547.28, 546.44, 546.66, 4.82]
[1474405200, 546.33, 546.8, 546.62, 546.41, 3.55933016]
[1474401600, 545.57, 547.09, 545.79, 546.62, 8.94]
[1474398000, 544.86, 548.27, 544.86, 545.53, 14.33]
[1474394400, 544.59, 547, 546, 544.99, 19.4006064]
[1474390800, 545.12, 546.84, 546.18, 545.54, 17.51082317]
[1474387200, 545, 546.4, 545.31, 546.18, 17.27872545]
[1474383600, 545.01, 546.55, 545.56, 545.01, 15.29043146]
[1474380000, 545, 546.91, 546.91, 545.53, 13.7]
[1474376400, 546.12, 547.85, 547.63, 546.91, 11.76471483]
[1474372800, 544.1, 547.73, 546.09, 546.88, 29.01]
[1474369200, 545.51, 547.9, 547.44, 546.1, 30.17249733]
[1474365600, 546.05, 549.96, 546.05, 547.47, 17.89425015]
[1474362000, 545.47, 549.55, 545.88, 545.94, 14.74523]
[1474358400, 544.85, 546.2, 544.85, 545.6, 13.12]
[1474354800, 544.62, 547.4, 545.93, 545.08, 11.73]
[1474351200, 545.23, 548.56, 545.37, 545.93, 31.35]
[1474347600, 545.03, 545.55, 545.18, 545.39, 5.9]
[1474344000, 545.17, 545.56, 545.45, 545.18, 0.346]
[1474340400, 545.28, 545.75, 545.75, 545.28, 1.1422]
[1474336800, 545.76, 546.23, 545.76, 546.23, 1.50053296]
[1474333200, 545.14, 546.22, 545.14, 545.75, 1.082964]
[1474329600, 545.11, 545.14, 545.12, 545.13, 0.73]
[1474326000, 545.11, 545.13, 545.13, 545.12, 1.06003658]
[1474322400, 544.82, 545.55, 545.55, 545.12, 7.79005487]
[1474318800, 545.56, 547, 546.45, 545.56, 4.77]
[1474315200, 545.29, 546.96, 545.41, 546.9, 13.37]
[1474311600, 545.85, 547, 546.77, 546, 9.9]
[1474308000, 544.95, 546.31, 545.54, 546.31, 13.47]
[1474304400, 544.97, 546.49, 544.97, 546.04, 15.08]
[1474300800, 543.68, 546.05, 545.15, 544.87, 17.41]
[1474297200, 543.71, 546.63, 546.59, 545.21, 13.47]
[1474293600, 545.38, 546.98, 546.12, 546.6, 25.66]
[1474290000, 546.12, 547, 546.67, 546.44, 8.85]
[1474286400, 545.7, 546.67, 545.75, 546.46, 7.33]
[1474282800, 544.62, 546.26, 546.02, 546.26, 24.741909]
[1474279200, 544.85, 546.26, 546.19, 545.56, 71.27546804]
[1474275600, 545.4, 546.26, 545.65, 546.18, 8.78]
[1474272000, 545.49, 546.25, 545.86, 546.25, 4.54]
[1474268400, 543.72, 545.9, 545.78, 545.9, 12.76]
[1474264800, 542.42, 546.26, 546.25, 545.89, 19.617368]
[1474261200, 545.96, 547.88, 547.43, 546.25, 1.4933]
[1474250400, 547.39, 547.4, 547.39, 547.39, 1.08]
[1474246800, 547.3, 547.4, 547.39, 547.39, 1.46]
[1474243200, 547.34, 547.4, 547.36, 547.34, 0.88]
[1474239600, 547.3, 547.4, 547.31, 547.3, 1.54]
[1474236000, 547.3, 547.4, 547.39, 547.4, 0.98]
[1474232400, 547.3, 547.84, 547.83, 547.31, 4.41]
[1474228800, 546.8, 548.09, 547, 547.84, 5.68]
[1474225200, 546.07, 547, 546.7, 547, 6.28]
[1474221600, 545.68, 546.7, 546.34, 546.7, 6.581894]
[1474218000, 545.87, 546.59, 546.31, 546.35, 9.44]
[1474214400, 546.13, 546.33, 546.31, 546.31, 5.55]
[1474210800, 545, 546.33, 545.17, 546.33, 9.429886]
[1474207200, 544.2, 545.29, 544.74, 545.16, 7.86079457]
[1474203600, 543, 545.49, 545.49, 544.63, 11.80778032]
[1474200000, 543.98, 545.56, 544, 545.46, 6.63049532]
[1474196400, 543.99, 544, 544, 544, 6.46]
[1474192800, 543.82, 544, 543.99, 544, 14.47251533]
[1474189200, 543.87, 544, 543.96, 543.99, 3.5146]
[1474185600, 543.5, 544.27, 544.27, 543.99, 9.33837552]
[1474182000, 544.26, 544.5, 544.48, 544.27, 2.5952]
[1474178400, 544.27, 544.81, 544.54, 544.81, 0.961]
[1474174800, 544.25, 544.78, 544.25, 544.27, 0.53]
[1474171200, 544.42, 544.72, 544.46, 544.72, 0.85]
[1474167600, 543.49, 544.82, 543.49, 544.51, 5.54]
[1474164000, 543.7, 544.2, 544.2, 543.92, 1.26]
[1474160400, 544, 544.44, 544, 544.44, 0.79]
[1474156800, 543.5, 544, 543.52, 543.75, 1.67]
[1474153200, 543.18, 544, 543.73, 543.98, 2.52]
[1474149600, 543.15, 543.99, 543.81, 543.7, 5.11]
[1474146000, 543.56, 544.5, 544.5, 543.9, 17.00472518]
[1474142400, 544, 544.5, 544.48, 544.5, 14]
[1474138800, 544.48, 544.5, 544.5, 544.5, 2.7147951]
[1474135200, 544.21, 545, 544.32, 544.5, 4.98]
[1474131600, 544.29, 545.68, 545.08, 544.32, 8.59118117]
[1474128000, 543.62, 545.15, 543.62, 545.15, 6.27]
[1474124400, 542.92, 544.98, 544.7, 543.57, 20.91]
[1474120800, 543.26, 545.05, 544.67, 544.7, 19.9]
[1474117200, 543.27, 545.63, 545, 544.71, 11.68080291]
[1474113600, 544.85, 545.5, 545.46, 545.23, 5.010233]
[1474110000, 543.31, 545.5, 545.5, 545.46, 14.18]
[1474106400, 545.49, 546.7, 546.7, 545.49, 7.35635023]
[1474102800, 545.49, 546.7, 545.67, 546.7, 6.41709926]
[1474099200, 545.42, 545.69, 545.69, 545.67, 2.2]
[1474095600, 545.45, 546.04, 546.04, 545.67, 8.42]
[1474092000, 546.2, 547.03, 546.99, 546.25, 3.08]
[1474088400, 546.26, 547.03, 546.58, 546.99, 3.54]
[1474084800, 546.48, 547.02, 546.94, 546.48, 0.9]
[1474081200, 546.21, 547.02, 546.63, 547.02, 0.62]
[1474077600, 546.59, 547.03, 546.64, 546.62, 0.93217]
[1474074000, 546.65, 547.03, 547.02, 546.94, 0.91068]
[1474070400, 546.45, 547.03, 546.9, 547.02, 2.8703]
[1474066800, 546.81, 547.03, 546.95, 547.03, 0.56]
[1474063200, 546.73, 547.26, 547.25, 547, 8.624]
[1474059600, 546.91, 547.57, 547.57, 547.25, 6.332652]
[1474056000, 546.05, 549, 546.17, 547.57, 9.85192727]
[1474052400, 545.24, 549, 546.97, 545.96, 17.06005119]
[1474048800, 545.28, 547, 546.16, 546.6, 7.573364]
[1474045200, 544.88, 546.41, 545.23, 546.16, 8.78294138]
[1474041600, 543.13, 545.04, 544.5, 545.04, 12.93556136]
[1474038000, 542.87, 545.85, 545.74, 544.54, 25.68637472]
[1474034400, 545.07, 545.89, 545.3, 545.81, 12.99]
[1474030800, 543.2, 545.72, 543.2, 545.33, 19.028671]
[1474027200, 543, 543.2, 543.2, 543.19, 10.85944376]
[1474023600, 543.18, 544.82, 544.1, 543.2, 28.77608489]
[1474020000, 543.51, 544.89, 543.86, 543.96, 11.696509]
[1474016400, 543.15, 544.12, 544.05, 543.63, 10.255965]
[1474012800, 543.33, 545.03, 543.59, 544.05, 11.367679]
[1474009200, 541.92, 545.2, 541.92, 543.59, 9.430574]
[1474005600, 541.88, 543.51, 543.5, 542.05, 4.58142]
[1474002000, 541.76, 543.03, 541.76, 543.03, 4.00545864]
[1473998400, 541.89, 543.22, 541.89, 542.52, 1.6]
[1473994800, 541.75, 541.75, 541.75, 541.75, 0.01]
[1473991200, 542.59, 543.58, 543.58, 542.7, 3.43]
[1473987600, 543.18, 543.67, 543.38, 543.18, 1.59]
[1473984000, 542.74, 543.35, 542.74, 543.35, 0.71]
[1473980400, 542.53, 543.49, 543.48, 542.53, 3.506]
[1473976800, 540.46, 543.49, 543.23, 543.27, 18.67020646]
[1473973200, 541.71, 543.43, 543.17, 543.24, 11.975148]
[1473969600, 541, 543.66, 542.98, 542.32, 24.39220317]
[1473966000, 541.75, 546.33, 541.75, 543.6, 40.86347779]
[1473962400, 541.54, 543.53, 542.59, 541.72, 12.10018604]
[1473958800, 542.35, 544.04, 542.71, 542.58, 10.87]
[1473955200, 542.71, 544.35, 544.29, 542.71, 11.05]
[1473951600, 543.32, 544.76, 544.11, 544.29, 11.92]
[1473948000, 543.62, 544.85, 544, 544.11, 8.424041]
[1473944400, 543.72, 544, 544, 544, 14.914874]
[1473940800, 543.98, 544.69, 544.69, 544, 24.2472356]
[1473937200, 544.55, 544.7, 544.69, 544.69, 15.5598854]
[1473933600, 544.55, 544.93, 544.93, 544.6, 12.81]
[1473930000, 544.7, 546.16, 545.15, 544.92, 20.35]
[1473926400, 544.82, 546.17, 545.63, 544.82, 10.52]
