[1483286400, 928.78, 940, 928.78, 940, 84.98815]
[1483282800, 928.68, 928.96, 928.96, 928.79, 4.77739846]
[1483279200, 928.24, 928.96, 928.81, 928.95, 6.27865751]
[1483275600, 928.05, 928.81, 928.76, 928.81, 3.16]
[1483272000, 928.11, 928.76, 928.76, 928.52, 9.14]
[1483268400, 928.75, 928.76, 928.76, 928.76, 8.02291381]
[1483264800, 925.67, 928.76, 926.35, 928.76, 5.63183982]
[1483261200, 924.31, 926.46, 925.47, 926.35, 2.56]
[1483257600, 923.73, 928.76, 925.49, 925.5, 20.56729641]
[1483254000, 923.97, 924.54, 924.48, 924.54, 0.423]
[1483250400, 923.01, 924.73, 924.2, 924.53, 0.48]
[1483246800, 921.91, 923.84, 922.65, 923.84, 1.33]
[1483243200, 921.86, 926.46, 921.86, 923.49, 2.50980646]
[1483239600, 921.47, 926.64, 921.47, 926.64, 0.38]
[1483236000, 922.02, 927.13, 922.16, 927.13, 19.79237549]
[1483232400, 921.65, 926.42, 923.44, 925.67, 12.48770229]
[1483228800, 921.51, 926.43, 924.99, 926.42, 7.45757422]
[1483225200, 923.13, 925, 924.96, 924.98, 7.39854145]
[1483221600, 922.56, 924.99, 923.79, 924.99, 3.55]
[1483218000, 920.11, 924.78, 920.11, 922.7, 1.71]
[1483214400, 920.01, 922.02, 920.77, 921.2, 5.2012765]
[1483210800, 920.01, 924.77, 924.42, 920.27, 4.23239892]
[1483207200, 921.57, 924.99, 922.77, 924.98, 16.41]
[1483203600, 920.13, 923.5, 920.15, 922.31, 14.12398464]
[1483200000, 917.09, 921.58, 918.25, 919.61, 8.1980599]
[1483196400, 916.3, 921.16, 916.59, 918.08, 23.9598]
[1483192800, 915.22, 917.14, 917.14, 916.5, 18.75795999]
[1483189200, 914.42, 919.99, 918.13, 917.48, 17.42644798]
[1483185600, 911.6, 919.71, 912.99, 918.11, 14.35022763]
[1483182000, 909.49, 917.07, 915.5, 913.04, 41.94964881]
[1483178400, 915, 918.52, 916.15, 915.5, 13.00288032]
[1483174800, 915, 918.6, 916.46, 915, 17.56625825]
[1483171200, 914.71, 917.08, 916.29, 916.59, 8.471]
[1483167600, 912.72, 918.56, 912.74, 915.69, 6.742]
[1483164000, 906.71, 912.76, 910.52, 912.73, 21.68899325]
[1483160400, 907.22, 911.12, 909.01, 910.12, 2.49]
[1483156800, 909, 910.37, 910.37, 909.01, 1.04]
[1483153200, 906.15, 910.03, 906.16, 909.47, 3.02]
[1483149600, 906.15, 911.11, 909.68, 906.15, 7.02307148]
[1483146000, 906.15, 914.08, 914.08, 906.55, 4.91566598]
[1483142400, 913.08, 919.03, 917.49, 913.08, 16.15]
[1483138800, 915, 919.89, 917, 918.49, 8.0644]
[1483135200, 912.89, 919.12, 913.44, 917, 12.0454]
[1483131600, 911.69, 919.48, 917.7, 912.91, 9.81485027]
[1483128000, 906.75, 919.9, 917.15, 918.32, 32.75010533]
[1483124400, 915.22, 921.87, 916.23, 917.15, 9.46086128]
[1483120800, 915, 924.99, 919, 916.23, 18.13813949]
[1483117200, 916.8, 922.71, 917.18, 919, 21.76]
[1483113600, 911.19, 921, 915.9, 917.18, 41.3276505]
[1483110000, 906.26, 915.9, 907.5, 915.9, 24.71576627]
[1483106400, 907.5, 911, 910.82, 907.9, 22.27007977]
[1483102800, 906.05, 912, 909.2, 910.99, 33.46285384]
[1483099200, 898.41, 911.16, 899.51, 908.15, 36.37801374]
[1483095600, 894.15, 904.9, 896.71, 899, 63.85982772]
[1483092000, 877.27, 897.64, 892.92, 896.78, 89.42560445]
[1483088400, 885.02, 910.46, 905.51, 893.26, 109.76201594]
[1483084800, 905, 913.12, 911.77, 912.22, 43.46778982]
[1483081200, 902.6, 917.45, 905.53, 913.3, 51.25893957]
[1483077600, 900.06, 911.22, 908.61, 904.48, 26.52219338]
[1483074000, 905, 914.58, 912.44, 905, 17.55212833]
[1483070400, 907.84, 915.44, 915.43, 912.37, 15.36341041]
[1483066800, 912.59, 926.25, 926.11, 914.98, 7.03360257]
[1483063200, 915, 926.25, 925.65, 926.11, 1.2]
[1483059600, 915, 926.61, 926.61, 925.65, 5.16906978]
[1483056000, 924.39, 934.2, 934.19, 925.11, 6.2234184]
[1483052400, 923.65, 938.99, 934, 934.2, 6.9128401]
[1483048800, 908.44, 939.75, 931.99, 934, 29.94809809]
[1483045200, 924.3, 934.89, 925.35, 931.99, 37.16627984]
[1483041600, 918.89, 925.84, 918.89, 924.47, 15.97]
[1483038000, 916.93, 924.9, 922.5, 920, 30.86841]
[1483034400, 910.52, 922.9, 916.16, 922.72, 42.62357785]
[1483030800, 911.97, 929.01, 927.08, 916.16, 75.2787776]
[1483027200, 924.95, 931.16, 931.16, 927.08, 98.85146281]
[1483023600, 931, 935.36, 932.15, 931.17, 25.069373]
[1483020000, 925.01, 938.92, 934.74, 932, 93.11781764]
[1483016400, 933.97, 945.05, 944, 934.74, 55.33178459]
[1483012800, 941.91, 946.92, 945.34, 942.11, 42.05150388]
[1483009200, 941.09, 946.58, 944.82, 945.28, 54.54454192]
[1483005600, 941, 944.9, 941.92, 943.65, 54.98790988]
[1483002000, 941.01, 944.82, 941.59, 941.92, 42.6734456]
[1482998400, 936.28, 941.82, 940.38, 941.1, 31.33703775]
[1482994800, 940, 942.12, 940.79, 940.59, 7.26]
[1482991200, 938.53, 941.57, 939, 941.16, 2.26]
[1482987600, 932.53, 939.1, 933.79, 939.1, 6.76622261]
[1482984000, 935, 938.39, 938.38, 935, 2.85848]
[1482980400, 936.03, 940.84, 940.71, 936.22, 15.32045316]
[1482976800, 940.05, 945.26, 944.83, 941, 9.54]
[1482973200, 943.13, 947.28, 943.41, 945.3, 3.40941843]
[1482969600, 939.51, 948.56, 943.7, 943.55, 32.64372724]
[1482966000, 938.82, 945, 938.83, 944, 23.81531951]
[1482962400, 933, 941.8, 933, 941.8, 39.1139466]
[1482958800, 926.56, 937, 933.99, 933, 53.18836991]
[1482955200, 930.03, 934, 932.03, 933.99, 31.24365078]
[1482951600, 925.79, 934.23, 925.79, 931.05, 19.10483861]
[1482948000, 917.88, 925.8, 925.78, 925.8, 62.71947161]
[1482944400, 920.07, 925.8, 920.22, 925.8, 72.01067741]
[1482940800, 912.62, 926.12, 916.87, 921.33, 96.27386147]
[1482937200, 915.99, 935, 933, 919.65, 52.6110199]
[1482933600, 925, 932.85, 925, 932.84, 62.87428114]
[1482930000, 918.77, 925, 919.57, 925, 51.48346855]
[1482926400, 910.47, 920, 911.32, 919.57, 94.39442875]
[1482922800, 910.4, 914.78, 913, 911.11, 80.96836143]
[1482919200, 908.77, 916.61, 916.19, 914.43, 53.29535939]
[1482915600, 910.18, 918.05, 915.37, 915.08, 85.42262638]
[1482912000, 912, 915.37, 913.27, 915, 57.87511793]
[1482908400, 908.61, 914.4, 908.64, 912.58, 52.74511428]
[1482904800, 905, 909.61, 905, 909.61, 9.33965606]
[1482901200, 901.88, 905, 901.88, 905, 3.61]
[1482897600, 900.38, 904.82, 901.37, 902.21, 5.44508541]
[1482894000, 895.7, 909.39, 904.63, 901.63, 32.85107788]
[1482890400, 900.12, 905.17, 900.13, 903.87, 40.58234747]
[1482886800, 900, 900.13, 900.13, 900.13, 9.80449819]
[1482883200, 893.24, 900.13, 893.24, 900.12, 33.85383468]
[1482879600, 889.02, 893.27, 889.43, 893.27, 19.7]
[1482876000, 889.44, 896.22, 895.59, 889.45, 34.81979902]
[1482872400, 890.25, 900.13, 899.55, 895.55, 32.34343774]
[1482868800, 899.5, 900.13, 900.12, 899.53, 10.57282485]
[1482865200, 899.45, 900.13, 900.13, 900.12, 15.86811395]
[1482861600, 894, 900.13, 900.1, 900.13, 23.8624488]
[1482858000, 893.03, 900.13, 895.04, 900.13, 18.24997172]
[1482854400, 894.8, 900.13, 900, 897.17, 22.73202934]
[1482850800, 894.18, 900.13, 898.36, 900, 22.25602254]
[1482847200, 892.33, 915, 901.98, 895.19, 59.00518437]
[1482843600, 890, 915, 893.83, 901.98, 38.60464202]
[1482840000, 879.03, 893.38, 879.03, 893.38, 62.32999126]
[1482836400, 873.64, 880, 875.98, 879.99, 36.24302983]
[1482832800, 872.5, 879.97, 872.5, 876.19, 43.29359992]
[1482829200, 871.51, 872.5, 872.09, 872.5, 23.89597203]
[1482825600, 868.93, 873.8, 871.77, 872.06, 52.35575539]
[1482822000, 864.99, 871.18, 865, 871.18, 30.57888346]
[1482818400, 859.2, 865, 864.52, 865, 12.91142169]
[1482814800, 861.34, 864.45, 861.86, 863.93, 1.51166963]
[1482811200, 861.23, 863.71, 863.71, 861.23, 1.9257]
[1482807600, 860.96, 863.49, 861.91, 861.3, 2.37020893]
[1482804000, 861.9, 862.02, 861.9, 862.02, 11.79387735]
[1482800400, 861.87, 862.02, 862.02, 862.02, 2.3]
[1482796800, 861.82, 862.02, 862.02, 862.01, 1.76]
[1482793200, 861.98, 862.02, 861.99, 862.01, 7.29694035]
[1482789600, 861.5, 863.52, 863.52, 862.01, 5.87776]
[1482786000, 862.83, 866.36, 864.71, 864.97, 8.4614]
[1482782400, 864.7, 866.49, 866.49, 866.27, 6.03]
[1482778800, 865.34, 867.99, 865.42, 866.48, 6.33]
[1482775200, 864.17, 867.29, 865.58, 867.17, 3.72718]
[1482771600, 865.56, 867.06, 866.88, 865.58, 5.0769]
[1482768000, 860.97, 867.72, 863.7, 865.95, 15.0803]
[1482764400, 860.86, 865.23, 864.48, 863.7, 7.76]
[1482760800, 860.21, 864.58, 860.39, 864.57, 10.63218981]
[1482757200, 857, 860.4, 857.02, 860.4, 28.82220999]
[1482753600, 855.93, 860.09, 858.35, 857.29, 13.13139851]
[1482750000, 858, 862.05, 860.91, 858, 4.9577789]
[1482746400, 858, 862.21, 862.2, 860.91, 40.35416653]
[1482742800, 857.6, 863.05, 860.01, 861.67, 29.32459242]
[1482739200, 860, 870.22, 867.11, 860.01, 29.9054471]
[1482735600, 863.54, 867.11, 863.76, 867.1, 25.03502221]
[1482732000, 863.06, 869.36, 868.57, 863.75, 32.48393983]
[1482728400, 866.31, 868.94, 868.05, 868.2, 7.1398]
[1482724800, 867.15, 868.75, 868.17, 867.38, 2.75902692]
[1482721200, 866.29, 869.21, 868.52, 869.2, 6.65734892]
[1482717600, 868.98, 873.09, 873.05, 870.56, 16.02404389]
[1482714000, 867.99, 875, 867.99, 872.62, 15.75220195]
[1482710400, 860.65, 868, 861.74, 866.86, 11.64026492]
[1482706800, 858.25, 862.39, 858.34, 861.3, 19.00001]
[1482703200, 855.1, 859.42, 857.23, 858.46, 6.52708734]
[1482699600, 852.12, 859.99, 852.22, 856.1, 15.7157058]
[1482696000, 850.57, 853.9, 851.29, 852.8, 21.44073556]
[1482692400, 842.19, 851, 842.2, 850.99, 19.73531425]
[1482688800, 841.72, 843.72, 843.72, 842.2, 42.8118785]
[1482685200, 840.91, 846.28, 844.94, 843.72, 14.8878]
[1482681600, 840.03, 848.74, 840.03, 845.21, 40.95366727]
[1482678000, 832.89, 840, 833.78, 840, 20.78159031]
[1482674400, 831.33, 834.25, 833.56, 833.44, 14.31131432]
[1482670800, 824.4, 833.41, 824.78, 831.28, 24.27600501]
[1482667200, 824.23, 827.64, 824.27, 825.18, 18.99196895]
[1482663600, 823.18, 825, 823.67, 824.38, 40.92806126]
[1482660000, 808.91, 824.98, 820.49, 824.98, 26.83385599]
[1482656400, 815, 827.04, 827.04, 821.74, 47.29152344]
[1482652800, 822.96, 829.62, 827.98, 827.74, 26.25302153]
[1482649200, 825.42, 833.5, 833.5, 827.83, 84.020922]
[1482645600, 832.8, 839.11, 837.44, 834.92, 0.59317762]
[1482642000, 830.41, 838.68, 830.41, 838.31, 14.94751134]
[1482638400, 828.35, 837.01, 835.53, 830.55, 106.61356085]
[1482634800, 835.53, 844.2, 842.77, 835.54, 25.75692271]
[1482631200, 840.01, 856.61, 855.44, 840.01, 21.98168794]
[1482627600, 855.55, 860.98, 859.23, 855.55, 11.339]
[1482624000, 855.88, 860.99, 860.3, 859.87, 10.84830062]
[1482620400, 857.11, 863.31, 862.81, 859.37, 22.36745242]
[1482616800, 854.99, 863.15, 860, 863.15, 16.01118964]
[1482613200, 860.02, 868.19, 868.01, 860.68, 18.47152528]
[1482609600, 868, 868.83, 868.38, 868.17, 5.226]
[1482606000, 864.38, 868.82, 864.92, 868.82, 12.136388]
[1482602400, 862.27, 864.91, 864.91, 863.1, 4.31]
[1482598800, 860.4, 864.99, 861.19, 864.74, 9.42]
[1482595200, 856.61, 863.97, 858.06, 861.92, 13.366]
[1482591600, 855.43, 863.54, 855.99, 858.5, 35.91628091]
[1482588000, 850, 856.03, 854.96, 855.95, 11.90075935]
[1482584400, 853.98, 859.67, 855.98, 853.98, 35.27829618]
[1482580800, 850.33, 865.31, 865.28, 856.41, 71.32059786]
[1482577200, 865.22, 867.35, 866.75, 865.83, 12.81932958]
[1482573600, 865.99, 869.99, 869.65, 866.69, 16.9995342]
[1482570000, 864.09, 870, 866.24, 869.66, 15.66254803]
[1482566400, 862.8, 878.14, 877.31, 866.77, 25.76266501]
