[1476806400, 581.81, 584.18, 582.32, 583, 22.6575083]
[1476802800, 581.46, 584.62, 584.46, 582.32, 21.86438593]
[1476799200, 583, 584.63, 583.49, 584.47, 21.54]
[1476795600, 583.21, 585.34, 583.99, 583.6, 30.5073474]
[1476792000, 584, 584.99, 584.86, 584, 11.99767478]
[1476788400, 583.8, 585.56, 584.08, 585.56, 27.45346148]
[1476784800, 580.01, 585.2, 584.36, 584.16, 51.62427307]
[1476781200, 583.15, 584.39, 584.22, 584.39, 17.46446814]
[1476777600, 582.02, 585, 582.71, 584.22, 26.21]
[1476774000, 582.02, 583.01, 582.6, 582.71, 13.23518052]
[1476770400, 582.59, 583.14, 582.76, 582.69, 26.28934651]
[1476766800, 582.02, 582.85, 582.55, 582.76, 3.77334147]
[1476763200, 582.52, 582.76, 582.76, 582.53, 1.4]
[1476759600, 582.67, 582.83, 582.74, 582.76, 0.798]
[1476756000, 582.6, 582.85, 582.6, 582.85, 0.874]
[1476752400, 582.6, 582.78, 582.78, 582.6, 1.80018]
[1476748800, 581.43, 584.64, 581.43, 582.88, 13.82384489]
[1476745200, 580.56, 581.43, 580.9, 581.43, 1.22]
[1476741600, 580, 582.06, 581.88, 581, 8.75]
[1476738000, 581.37, 582.5, 581.83, 581.87, 6.44]
[1476734400, 581.73, 583.81, 583.81, 582.47, 13.88044284]
[1476730800, 582.43, 584.15, 582.97, 583.84, 16.06]
[1476727200, 582.71, 583.66, 583.66, 582.98, 10.16]
[1476723600, 581, 583.75, 583.2, 583.66, 31.82478903]
[1476720000, 583.2, 585.11, 585.1, 583.27, 14.23]
[1476716400, 582.97, 585.17, 584, 585.16, 20.3]
[1476712800, 582.83, 586.42, 586.2, 584.08, 27.6957]
[1476709200, 584.33, 587, 584.33, 586.2, 32.75650748]
[1476705600, 584.21, 584.76, 584.75, 584.33, 14.68]
[1476702000, 584.33, 586.65, 586.54, 584.76, 23.06401791]
[1476698400, 585.8, 586.65, 586.34, 586.61, 17.53157164]
[1476694800, 586.1, 586.65, 586.31, 586.34, 11.335]
[1476691200, 585.17, 586.65, 585.46, 586.25, 9.86231964]
[1476687600, 584.57, 585.52, 584.66, 585.5, 8.25]
[1476684000, 584.61, 585.38, 585.38, 584.61, 5.45]
[1476680400, 584.68, 585.75, 584.68, 585.39, 2.46]
[1476676800, 584.2, 584.77, 584.2, 584.66, 1.08]
[1476673200, 584.03, 586.38, 586.38, 584.03, 4.16429]
[1476669600, 586.36, 586.48, 586.37, 586.39, 0.16]
[1476666000, 585.82, 586.83, 586.7, 586.48, 4.46707052]
[1476662400, 586.59, 587.01, 586.76, 586.59, 2.27300068]
[1476658800, 586.67, 586.92, 586.92, 586.72, 1.77998976]
[1476655200, 586.45, 586.93, 586.53, 586.92, 3.59]
[1476651600, 586.08, 586.53, 586.15, 586.53, 3.24865621]
[1476648000, 586.08, 587.55, 587.55, 586.14, 11.32]
[1476644400, 586, 587.65, 586.42, 587.55, 13.56128]
[1476640800, 586.42, 586.62, 586.55, 586.42, 6.71]
[1476637200, 586.27, 586.63, 586.62, 586.54, 5.97]
[1476633600, 586.56, 587.27, 586.97, 586.62, 9.7]
[1476630000, 586.2, 587, 586.63, 586.96, 9.77019]
[1476626400, 586.59, 587.15, 586.98, 586.59, 3.04890376]
[1476622800, 586.89, 587.65, 587.65, 586.98, 7.11]
[1476619200, 587.44, 587.73, 587.73, 587.65, 4.87975]
[1476615600, 587.18, 588, 587.18, 587.73, 6.94]
[1476612000, 586.42, 587.8, 587.7, 587.29, 7.50475471]
[1476608400, 585.13, 588, 585.3, 587.7, 26.19098784]
[1476604800, 585.21, 586.43, 586.43, 585.3, 11.87]
[1476601200, 585.67, 586.59, 585.91, 586.44, 10.81]
[1476597600, 585.81, 585.99, 585.99, 585.91, 0.67]
[1476594000, 585.93, 586.18, 586.14, 586.03, 1.36]
[1476590400, 586.14, 586.2, 586.2, 586.14, 0.06]
[1476586800, 585.85, 586.49, 585.85, 586.2, 1.330493]
[1476583200, 585.61, 585.96, 585.75, 585.85, 0.97]
[1476579600, 585.22, 585.76, 585.22, 585.74, 0.65999999]
[1476576000, 584.62, 585.25, 584.82, 585.12, 1.15]
[1476572400, 583.39, 584.84, 583.39, 584.83, 7.518]
[1476568800, 579.42, 584.57, 584.17, 583.38, 19.836]
[1476565200, 584.13, 586.01, 586.01, 584.17, 12.052688]
[1476561600, 586, 586.59, 586.59, 586.01, 5.10676]
[1476558000, 586.57, 588.17, 586.89, 586.59, 13.26101146]
[1476554400, 586.52, 587.4, 587.39, 587, 9.13]
[1476550800, 587.02, 588.14, 588.14, 587.39, 4.42947]
[1476547200, 587, 588.17, 587.47, 588.14, 10.76]
[1476543600, 587.12, 588.17, 587.19, 587.37, 30.5855]
[1476540000, 586.11, 587.84, 587.39, 587.19, 10.66]
[1476536400, 587.17, 587.4, 587.4, 587.38, 6.65]
[1476532800, 586.39, 587.75, 586.85, 587.4, 21.05]
[1476529200, 585.39, 586.86, 585.39, 586.85, 7.95]
[1476525600, 584.85, 586.57, 585.69, 585.38, 32.92119624]
[1476522000, 584.5, 585.69, 585.29, 585.68, 13.65]
[1476518400, 584.51, 585.3, 584.51, 585.3, 19.94]
[1476514800, 584.21, 584.51, 584.5, 584.51, 12.81]
[1476511200, 584.4, 584.5, 584.41, 584.49, 1.15]
[1476507600, 584.4, 584.41, 584.41, 584.4, 0.7]
[1476504000, 584.4, 584.5, 584.49, 584.4, 0.63]
[1476500400, 584.48, 584.5, 584.49, 584.49, 1.88]
[1476496800, 584.25, 584.51, 584.51, 584.49, 1.4659444]
[1476493200, 584.48, 584.51, 584.48, 584.5, 7.4]
[1476489600, 582.87, 584.48, 582.87, 584.48, 5.629414]
[1476486000, 582.66, 583.39, 583.17, 582.87, 4.14]
[1476482400, 583.16, 583.5, 583.19, 583.17, 7.9]
[1476478800, 582.11, 583.18, 582.11, 583.18, 2.44]
[1476475200, 582, 582.83, 582.39, 582, 10.18]
[1476471600, 582.19, 584.5, 584.09, 582.4, 25.41030402]
[1476468000, 582.35, 584.09, 582.92, 584.09, 9.7764]
[1476464400, 581.88, 582.99, 582.48, 582.92, 9.26204041]
[1476460800, 581.44, 582.5, 582.38, 582.48, 10.64]
[1476457200, 581.07, 582.39, 581.94, 582.39, 8.61]
[1476453600, 579.86, 582.11, 581.47, 581.94, 12.51]
[1476450000, 579.36, 582.29, 582.29, 581.49, 17.50443667]
[1476446400, 580.21, 582.5, 580.21, 582.29, 15.77057061]
[1476442800, 576.78, 581.33, 576.78, 580.2, 21.68673648]
[1476439200, 575.57, 581.95, 581.95, 576.77, 51.91083954]
[1476435600, 579.76, 581.97, 579.76, 581.95, 16.83]
[1476432000, 578.44, 580.04, 579.46, 579.76, 9.62]
[1476428400, 579.46, 580.05, 580.02, 579.47, 7.872]
[1476424800, 577.83, 580.28, 577.94, 580.02, 19.3961]
[1476421200, 574.99, 578.03, 575, 577.94, 12.650166]
[1476417600, 573.84, 578.4, 578.4, 575, 29.19767718]
[1476414000, 577.84, 578.41, 577.89, 578.4, 1.019459]
[1476410400, 577.63, 577.99, 577.76, 577.99, 0.58]
[1476406800, 577.33, 577.81, 577.38, 577.66, 0.73]
[1476403200, 576.22, 577.37, 576.31, 577.37, 2.278]
[1476399600, 576.27, 577.4, 577.4, 576.42, 6.15075228]
[1476396000, 577.24, 577.63, 577.63, 577.49, 3.38]
[1476392400, 577.54, 577.95, 577.95, 577.63, 8.74541]
[1476388800, 577.86, 578.8, 578.8, 577.95, 11.321]
[1476385200, 577.49, 578.81, 578.45, 578.8, 60.07357792]
[1476381600, 577.99, 581.59, 580.02, 578.44, 24.67158382]
[1476378000, 579.45, 581.17, 580.49, 579.92, 28.46333285]
[1476374400, 578.15, 583.06, 580.12, 580.49, 41.9935]
[1476370800, 578.67, 580.71, 579, 580.13, 38.51]
[1476367200, 578.94, 583.39, 578.96, 579, 42.25300394]
[1476363600, 578.61, 579.31, 579.24, 578.86, 15.2152]
[1476360000, 578.02, 581.9, 580.33, 579.31, 41.77203847]
[1476356400, 579.31, 580.43, 580, 580.43, 28.58]
[1476352800, 579.76, 581.35, 581.35, 580, 9.68]
[1476349200, 580.23, 583.37, 580.57, 581.36, 29.63202606]
[1476345600, 580.22, 582.63, 581.6, 580.58, 19.29221951]
[1476342000, 579.51, 582.11, 580.55, 581.59, 10.11452]
[1476338400, 579.24, 581, 579.9, 580.55, 18.23]
[1476334800, 578.13, 580.81, 580.26, 579.91, 11.984541]
[1476331200, 579.98, 580.24, 579.98, 580.24, 2.28]
[1476327600, 579.78, 579.98, 579.78, 579.98, 1.11]
[1476324000, 579.25, 579.83, 579.25, 579.78, 2.73]
[1476320400, 579.02, 579.25, 579.02, 579.25, 2.24]
[1476316800, 579.02, 579.71, 579.71, 579.02, 4.44]
[1476313200, 578.77, 579.97, 578.77, 579.71, 3.32]
[1476309600, 578.26, 579.25, 579.25, 578.76, 4.61]
[1476306000, 577.81, 579.25, 578.71, 579.25, 10.415049]
[1476302400, 578.02, 581.52, 581.5, 578.71, 19.33639493]
[1476298800, 579.14, 581.86, 581.34, 581.5, 19.39]
[1476295200, 580.47, 581.34, 581, 581.33, 11.70904752]
[1476291600, 580.47, 582.02, 582.02, 581, 17.970602]
[1476288000, 580.47, 582.11, 581.83, 582.03, 22.43]
[1476284400, 580.74, 582.31, 581.25, 581.83, 17.77885132]
[1476280800, 580.51, 582.47, 582.47, 581.17, 21.58632136]
[1476277200, 581.04, 584.06, 581.04, 582.47, 35.41]
[1476273600, 580.47, 583.3, 582.81, 581.03, 30.85351578]
[1476270000, 580.47, 583.21, 580.48, 582.8, 49.86]
[1476266400, 579.14, 581, 579.23, 580.48, 24.59727994]
[1476262800, 579.23, 579.24, 579.24, 579.24, 12.23]
[1476259200, 578.71, 579.41, 578.8, 579.23, 16.198]
[1476255600, 578.55, 579.93, 579.77, 578.69, 15.949]
[1476252000, 577.62, 579.99, 577.62, 579.77, 27.27]
[1476248400, 573.53, 578.3, 577.8, 577.62, 17.09]
[1476244800, 577.71, 579.75, 579.75, 577.71, 2.18]
[1476241200, 578.07, 579.77, 578.07, 579.68, 3.64]
[1476237600, 575, 581.01, 581.01, 578.07, 17.79017457]
[1476234000, 580.84, 581.45, 580.87, 581.01, 4.02]
[1476230400, 580.52, 581.67, 581.67, 580.97, 3.26]
[1476226800, 579.67, 583.13, 579.67, 581.67, 8.66110845]
[1476223200, 578.31, 579.66, 578.99, 579.66, 8.91]
[1476219600, 574.3, 578.99, 577.31, 578.99, 8.993793]
[1476216000, 574.28, 579.85, 579.85, 577.41, 34.09]
[1476212400, 574.46, 579.98, 577.19, 579.85, 52.88914219]
[1476208800, 574.83, 577.74, 575.12, 577.2, 23.032046]
[1476205200, 574.49, 578.11, 575.81, 575.13, 72.31591547]
[1476201600, 575.07, 575.81, 575.07, 575.81, 23.455]
[1476198000, 574.3, 575.5, 574.5, 575.17, 13.31735699]
[1476194400, 574.4, 575.5, 575.39, 574.51, 22.72460794]
[1476190800, 573.89, 575.5, 575.5, 575.5, 14.3273]
[1476187200, 574.65, 575.74, 575.08, 575.5, 24.09042129]
[1476183600, 573.86, 576.19, 573.86, 575.19, 69.87342163]
[1476180000, 571.82, 574.72, 571.82, 573.86, 10.73942223]
[1476176400, 569.3, 573.55, 572.52, 571.81, 40.46284893]
[1476172800, 570, 573.1, 571.57, 572.42, 32.9256]
[1476169200, 567.87, 573.02, 567.87, 571.68, 72.57380539]
[1476165600, 565.92, 571.12, 567.98, 567.85, 40.51516945]
[1476162000, 567.52, 569.55, 569, 567.88, 14.36434126]
[1476158400, 556.74, 571.97, 556.74, 568.99, 44.36453397]
[1476154800, 556.73, 556.74, 556.74, 556.74, 0.11]
[1476151200, 556.65, 557, 557, 556.74, 1.45]
[1476147600, 556.97, 557, 556.97, 557, 1.25]
[1476144000, 556.87, 557, 557, 556.87, 2.557]
[1476140400, 556.72, 557, 556.97, 557, 5.34]
[1476136800, 556.76, 557, 557, 556.96, 5.57]
[1476133200, 556.78, 557, 556.99, 557, 27.03787655]
[1476129600, 555.15, 557, 556.98, 557, 21.7]
[1476126000, 556.18, 557, 556.18, 556.99, 5.4400285]
[1476122400, 554.93, 556.67, 555.65, 556.17, 28.78567335]
[1476118800, 554.9, 557.05, 556.39, 555.55, 35.5203917]
[1476115200, 555.08, 556.89, 555.08, 556.39, 17.65229392]
[1476111600, 554.57, 557.35, 557.35, 555.08, 18.30745683]
[1476108000, 555.3, 557.72, 555.3, 557.35, 11.75]
[1476104400, 546.78, 557.64, 556.7, 555.29, 109.91]
[1476100800, 551.34, 556.69, 556.32, 556.69, 26.24837957]
[1476097200, 555.75, 556.81, 556.41, 556.33, 32.99261722]
[1476093600, 555.64, 556.41, 555.65, 556.4, 7.96827484]
[1476090000, 555.55, 557.33, 555.55, 555.65, 42.67621116]
[1476086400, 553.9, 555.7, 555.64, 555.55, 27.4]
