[1471046400, 527.41, 528.38, 527.68, 527.58, 1.04]
[1471042800, 526.7, 528.83, 526.7, 528.29, 2.58]
[1471039200, 526.84, 527.62, 527.6, 526.9, 9.0081]
[1471035600, 527.31, 527.77, 527.33, 527.62, 5.42]
[1471032000, 527.11, 528.98, 528.18, 527.43, 12.59566733]
[1471028400, 527.88, 529.81, 527.88, 528.31, 10.36]
[1471024800, 527.58, 529.91, 528.52, 527.88, 11.02]
[1471021200, 527.65, 530.45, 529.15, 528.52, 12.27678368]
[1471017600, 528.39, 530.22, 528.39, 528.99, 19.72]
[1471014000, 528.47, 529, 528.55, 529, 11.57994401]
[1471010400, 527.23, 529.94, 527.91, 527.23, 17.67889647]
[1471006800, 526.5, 533.06, 528.39, 528.29, 22.8809]
[1471003200, 523.8, 532.99, 529.24, 528.89, 39.04719324]
[1470999600, 529.12, 531.02, 530.1, 529.25, 14.7785314]
[1470996000, 529.09, 531.45, 529.97, 531.02, 16.76075402]
[1470992400, 529.08, 531.17, 529.95, 530.07, 21.65]
[1470988800, 523.03, 533.71, 530.51, 529.94, 34.94491928]
[1470985200, 528.65, 531.74, 530.86, 530.51, 12.236]
[1470981600, 527.98, 530.92, 527.98, 530.92, 7.89638554]
[1470978000, 526.47, 527.99, 527.28, 527.98, 3.74781628]
[1470974400, 526, 528.01, 528.01, 527.21, 7.92673067]
[1470970800, 528.79, 529.86, 529.86, 528.79, 9.33368526]
[1470967200, 529.87, 531.27, 531.06, 529.87, 1.59]
[1470963600, 531.5, 531.73, 531.52, 531.72, 0.51]
[1470960000, 530.9, 531.74, 530.9, 531.64, 3.251452]
[1470956400, 531.32, 531.92, 531.92, 531.32, 6.29]
[1470952800, 531.92, 535.17, 533.27, 531.92, 8.22]
[1470949200, 531.88, 533.65, 532.48, 533.14, 6.90022854]
[1470945600, 530.69, 533.28, 532.27, 531.88, 9.1682]
[1470942000, 529.17, 533.4, 533.03, 532.25, 16.02058]
[1470938400, 533.51, 536.08, 533.72, 533.51, 16.01274586]
[1470934800, 531.21, 535.54, 531.95, 533.76, 12.19]
[1470931200, 530, 533.71, 533.38, 532, 19.3989478]
[1470927600, 530.36, 536.51, 536.5, 530.36, 23.34465442]
[1470924000, 535, 538.77, 538.59, 536.44, 21.85]
[1470920400, 535.17, 540.07, 536, 538.65, 20.46]
[1470916800, 534.7, 538.99, 534.76, 536, 22.11812]
[1470913200, 530, 535, 534.99, 534.99, 20.5979]
[1470909600, 534.36, 535, 534.85, 534.99, 4.59]
[1470906000, 530, 535.65, 535.56, 534.88, 35.26309904]
[1470902400, 533.39, 535.98, 535.91, 535.63, 3.64]
[1470898800, 535.15, 537.35, 535.9, 536.57, 15.9138]
[1470895200, 534.32, 536.36, 534.96, 536.05, 12.95447789]
[1470891600, 533.77, 536.01, 533.77, 534.89, 3.41]
[1470888000, 533.05, 535.65, 535.14, 533.79, 2.66]
[1470884400, 533.87, 535.5, 535.5, 535.47, 1.18]
[1470880800, 533.92, 535.9, 533.98, 535.6, 2.89]
[1470877200, 533.95, 533.98, 533.95, 533.98, 0.85]
[1470873600, 532.54, 536.02, 534.61, 533.98, 5.91723496]
[1470870000, 530.06, 535.73, 535.73, 534.09, 8.08042457]
[1470866400, 535.1, 537.7, 537.05, 535.73, 9.51678409]
[1470862800, 535.1, 540.76, 537.67, 537.07, 13.9725]
[1470859200, 534.45, 540.19, 536.69, 537.94, 17.48823729]
[1470855600, 535.03, 541.53, 538.62, 536.45, 21.2711]
[1470852000, 535, 540, 539.55, 539.95, 12.4643693]
[1470848400, 536.53, 543.35, 539.76, 537.35, 17.41163272]
[1470844800, 535, 542.15, 538.92, 539.76, 14.20053983]
[1470841200, 538.33, 544.3, 540.2, 539.26, 19.3038475]
[1470837600, 531.75, 545, 537.09, 540.2, 19.9353]
[1470834000, 531.3, 540.91, 531.3, 540.91, 11.59312949]
[1470830400, 530.8, 533.25, 531.15, 531.37, 10.5060302]
[1470826800, 528, 537.21, 533.06, 531.94, 27.18404679]
[1470823200, 527.67, 534.2, 530.47, 533.06, 28.96469035]
[1470819600, 528.74, 531.42, 529.22, 531.28, 14.170329]
[1470816000, 526.86, 531.42, 531.4, 529.74, 19.59889551]
[1470812400, 527, 534.61, 531.63, 531.42, 16.76152696]
[1470808800, 527, 533.37, 530.77, 531.68, 33.98679658]
[1470805200, 528.76, 532.53, 530.02, 532.53, 5.44692153]
[1470801600, 529.18, 530.99, 530.06, 529.43, 2.50010612]
[1470798000, 529.83, 531.45, 529.88, 530.32, 2.4471]
[1470794400, 528.76, 531.66, 531.19, 530.21, 3.6767]
[1470790800, 530.08, 531.23, 530.36, 531.23, 2.116]
[1470787200, 529.6, 532.03, 531.89, 530.16, 3.7013]
[1470783600, 531.57, 532.53, 532.04, 531.89, 13.40467017]
[1470780000, 530.3, 532.04, 530.41, 532.04, 6.6505268]
[1470776400, 527.5, 532.1, 532.1, 530.88, 12.47000001]
[1470772800, 527.5, 532.1, 532.1, 532.09, 13.61]
[1470769200, 530.97, 532.1, 532.02, 532.1, 16.2]
[1470765600, 530.33, 533.39, 531.32, 532.02, 17.7269]
[1470762000, 528.36, 534.99, 534.09, 532, 27.76700325]
[1470758400, 530.16, 535, 534.89, 534.78, 18.42087492]
[1470754800, 534.16, 536.51, 534.48, 535, 19.39893431]
[1470751200, 533.86, 535.37, 535.37, 534.51, 13.12]
[1470747600, 532.77, 540, 533.7, 534.1, 27.56014433]
[1470744000, 531.55, 535.31, 535.16, 533.7, 17.64]
[1470740400, 534.08, 538.96, 535.38, 536.1, 23.0174]
[1470736800, 528.53, 537.76, 532.37, 536.49, 24.12252056]
[1470733200, 530.28, 534, 533.99, 531.94, 15.61068916]
[1470729600, 529.01, 537.79, 535.35, 534, 57.72469741]
[1470726000, 532.01, 537.46, 536.54, 535.85, 16.28071826]
[1470722400, 535.13, 536.86, 535.95, 536.6, 10.73]
[1470718800, 529.56, 535.9, 534.26, 535.9, 5.68]
[1470715200, 534.11, 535.57, 535.57, 534.26, 6.36089897]
[1470711600, 535.66, 537.02, 537.01, 535.67, 0.84]
[1470708000, 535.8, 537.85, 537.77, 536.74, 3.62769]
[1470704400, 537.94, 539.08, 538.09, 537.94, 3.73794595]
[1470700800, 537.35, 539.08, 538.4, 538.35, 2.59132105]
[1470697200, 537.02, 540.09, 539.28, 537.02, 5.11679481]
[1470693600, 539.28, 540.14, 539.61, 539.28, 11.2713]
[1470690000, 539.17, 541.15, 539.96, 540.74, 15.69]
[1470686400, 539.22, 541.55, 541.55, 539.95, 22.26778016]
[1470682800, 540.75, 543.08, 541.44, 542.08, 15.87223355]
[1470679200, 540.9, 541.84, 541.84, 540.9, 32.914416]
[1470675600, 540.95, 543.08, 541.16, 541.7, 43.50373515]
[1470672000, 534.51, 541.87, 538.7, 541.18, 48.39193778]
[1470668400, 538.28, 539.79, 539.03, 538.79, 7.12035259]
[1470664800, 536.94, 539.92, 536.94, 538.96, 16.94]
[1470661200, 536.42, 539.14, 538.48, 536.94, 6.46]
[1470657600, 537.85, 540, 538.2, 538.79, 5.97]
[1470654000, 536.9, 538.62, 538.62, 537.8, 11.92732371]
[1470650400, 536.51, 538.63, 536.89, 538.6, 9.19]
[1470646800, 536.32, 538, 537.5, 536.89, 17.62999999]
[1470643200, 535.02, 538.3, 537.81, 535.98, 13.23068]
[1470639600, 535, 538.39, 538.35, 536.39, 14.3517]
[1470636000, 536.42, 539.17, 537.5, 537.45, 2.10080645]
[1470632400, 535, 540.71, 539.23, 535, 9.00887643]
[1470628800, 539.2, 540.13, 539.2, 540.13, 1.13]
[1470621600, 539.36, 540.62, 540.62, 539.36, 1.1798]
[1470618000, 540.61, 541.88, 541.36, 540.61, 4.37]
[1470614400, 541.38, 542.27, 542.26, 541.79, 0.73]
[1470610800, 540.75, 542.97, 542.69, 541.82, 2.78102]
[1470607200, 532.43, 543.08, 540.56, 542.9, 20.5191]
[1470603600, 537.98, 541.36, 539.93, 540.56, 9.5684713]
[1470600000, 536.62, 541.36, 537.79, 540.23, 10.7985]
[1470596400, 536.98, 540.26, 537.8, 538.21, 18.61263788]
[1470592800, 536.39, 538.56, 537.75, 537.65, 13.24]
[1470589200, 533.04, 538.78, 536.36, 537.37, 19.04828404]
[1470585600, 537.15, 546.12, 545.74, 537.15, 39.39113235]
[1470582000, 545, 546.2, 545.17, 545.82, 13.14210098]
[1470578400, 542.79, 545.25, 542.96, 545.18, 23.69471058]
[1470574800, 541.13, 542.96, 541.13, 542.96, 5.633]
[1470571200, 540.9, 541.14, 541.14, 541.14, 14.30465169]
[1470567600, 540.44, 541.14, 540.44, 541.14, 14.37]
[1470564000, 539.53, 541.14, 539.53, 540.39, 9.17]
[1470560400, 537.37, 539.96, 539.02, 539.53, 5.18335259]
[1470556800, 539.03, 540.38, 539.36, 539.13, 5.25]
[1470553200, 537.25, 540.39, 540.38, 537.25, 3.89752694]
[1470549600, 539, 540.26, 539.01, 540.26, 3.12]
[1470546000, 538.78, 539.2, 538.79, 538.98, 1.22]
[1470542400, 536.71, 539.79, 536.71, 538.46, 3.4019]
[1470538800, 536.54, 536.54, 536.54, 536.54, 0.0126]
[1470535200, 535.82, 538.27, 536.37, 536.76, 2.35]
[1470531600, 531.82, 540.85, 539.59, 536.31, 14.76201822]
[1470528000, 536.97, 540, 536.97, 540, 2.84]
[1470524400, 535.05, 536.97, 535.62, 536.97, 7.73]
[1470520800, 534.9, 535.64, 535.51, 535.64, 5.39]
[1470517200, 532.6, 535.63, 533.64, 535.52, 11.54894432]
[1470513600, 530.15, 533.32, 531.68, 533.05, 6.8471]
[1470510000, 530.87, 534.58, 533.68, 532.64, 10.29996189]
[1470506400, 533.39, 535.28, 533.39, 533.68, 9.24977924]
[1470502800, 528.18, 533.67, 528.86, 533.67, 22.6468]
[1470499200, 520.79, 529, 521.25, 528.95, 12.06115921]
[1470495600, 519.11, 522.47, 520.63, 521.52, 10.92400712]
[1470492000, 516.22, 524.82, 524.3, 521.86, 34.24027511]
[1470488400, 522.1, 524.97, 523.03, 522.14, 13.50299011]
[1470484800, 519.02, 524.93, 522.47, 522.9, 17.30525193]
[1470481200, 521.99, 525.18, 523.96, 522.47, 8.65]
[1470477600, 520.7, 525.19, 520.7, 525.19, 24.69]
[1470474000, 518.73, 520.71, 518.86, 520.7, 6.07]
[1470470400, 518.27, 522.48, 521, 518.9, 7.79922996]
[1470466800, 519.57, 524.56, 519.67, 521.35, 13.11]
[1470463200, 517.99, 521.6, 518.71, 518.81, 4.2]
[1470459600, 518.72, 522.77, 522.76, 518.72, 15.15]
[1470456000, 522.76, 524.02, 524.02, 522.76, 2.99]
[1470452400, 524.02, 524.02, 524.02, 524.02, 1.15]
[1470448800, 524.04, 526.24, 525.96, 524.56, 3.35]
[1470445200, 522.76, 526.08, 522.77, 526.08, 1.76]
[1470441600, 522.86, 526.08, 526.08, 523.39, 4.56]
[1470438000, 522.98, 526.5, 525.72, 526.07, 14.03636145]
[1470434400, 523.31, 526.37, 524.77, 526.37, 4.27]
[1470430800, 516.63, 527.21, 524.31, 524.2, 25.556]
[1470427200, 523.26, 531.88, 524.15, 525.31, 22.92699567]
[1470423600, 523.91, 529.25, 524.15, 525.04, 17.59]
[1470420000, 523.9, 527.81, 524.79, 524.17, 8.7]
[1470416400, 522.94, 533.67, 523.47, 526.02, 15.4317849]
[1470412800, 522.95, 526.64, 522.95, 523.49, 11.01745543]
[1470409200, 519.97, 524.54, 521.49, 524.27, 16.63981357]
[1470405600, 518.68, 523.77, 520.94, 519.28, 34.85266252]
[1470402000, 519.69, 533.22, 520.65, 520.98, 56.91842751]
[1470398400, 518.5, 522.75, 519.91, 520.65, 31.21108]
[1470394800, 517.5, 520.9, 520.72, 519.76, 28.41]
[1470391200, 517.61, 521.81, 517.92, 520.71, 16.2]
[1470387600, 507.59, 525.35, 525.35, 518.13, 72.79984699]
[1470384000, 515.5, 525.35, 520.37, 521.25, 34.75337]
[1470380400, 519.13, 525.66, 520.95, 525.66, 31.04212003]
[1470376800, 519.29, 524.28, 522.87, 520.45, 15.03028552]
[1470373200, 521.78, 524.76, 522.6, 523, 3.92]
[1470369600, 519.76, 524.32, 519.76, 522.6, 7.44]
[1470366000, 520.16, 524.3, 522.98, 520.16, 1.59]
[1470362400, 522.98, 525.44, 525.43, 522.98, 4.49917314]
[1470358800, 524.22, 526.14, 524.8, 525.65, 13.85709]
[1470355200, 524.24, 527.21, 525.06, 525.24, 16.56654833]
[1470351600, 523.92, 527.94, 527.58, 526.01, 12.12]
[1470348000, 518.31, 528, 519.42, 527, 11.1107]
[1470344400, 513.35, 522.24, 519.33, 519.49, 18.45896]
[1470340800, 504.26, 520.08, 514.07, 518.44, 30.45506676]
[1470337200, 510.01, 518.55, 516.37, 514.33, 48.39649224]
[1470333600, 514.67, 522.9, 522.9, 516.4, 29.27787799]
[1470330000, 521.34, 527.75, 523.44, 522.75, 16.76223804]
[1470326400, 520.01, 525.62, 523.56, 523.44, 23.19703785]
