[1463126400, 400.16, 402.92, 400.62, 402.92, 30.483]
[1463122800, 399.79, 400.56, 400.55, 400.3, 25.5711354]
[1463119200, 400.37, 401.38, 400.94, 400.56, 7.89]
[1463115600, 399.66, 402.92, 401.25, 400.56, 19.83]
[1463112000, 400.79, 401.71, 401.19, 400.79, 3.03]
[1463108400, 400.7, 401.57, 401, 400.7, 8.71]
[1463104800, 400.99, 402.02, 401.92, 400.99, 2.51594112]
[1463101200, 401.46, 402.26, 401.84, 401.92, 1.36]
[1463097600, 401.65, 403.81, 401.65, 401.84, 10.11]
[1463094000, 401.55, 401.96, 401.72, 401.65, 3.9483]
[1463090400, 399.98, 403.99, 402.05, 401.38, 23.9725]
[1463086800, 398.13, 403.22, 399.95, 402.07, 71.55]
[1463083200, 397.53, 400.97, 400.74, 399.36, 36.74298979]
[1463079600, 398.04, 400.74, 398.76, 400.74, 29.81]
[1463076000, 397, 400, 399.25, 399.42, 44.94982775]
[1463072400, 397.95, 400, 398.74, 399.08, 61.65]
[1463068800, 397.95, 398.83, 397.95, 398.3, 8.36]
[1463065200, 396.84, 398.86, 397.54, 398.86, 31.71]
[1463061600, 396.53, 397.54, 396.53, 397.54, 10.27]
[1463058000, 395.94, 397.47, 395.95, 396.08, 20.2]
[1463054400, 395.94, 397.48, 396.34, 396.3, 32.06515524]
[1463050800, 394.79, 396.74, 395.83, 396.34, 40.01641436]
[1463047200, 395.6, 396.62, 395.6, 395.83, 7.86]
[1463043600, 394.36, 396.44, 396.44, 395.6, 28.87]
[1463040000, 395.8, 397.29, 395.93, 396.44, 48.30338932]
[1463036400, 394.2, 396.62, 394.2, 395.67, 18.88]
[1463032800, 393.21, 395.24, 394.41, 394.37, 52.33305]
[1463029200, 394.59, 397.93, 397.49, 394.59, 22.09610852]
[1463025600, 396.8, 397.56, 397.54, 397.49, 1.74]
[1463022000, 397.32, 399.02, 397.33, 397.33, 26.17]
[1463018400, 397.33, 397.9, 397.9, 397.33, 2]
[1463014800, 397.32, 397.88, 397.44, 397.88, 6.7529232]
[1463011200, 397.44, 397.78, 397.45, 397.5, 2.45]
[1463007600, 396.79, 398.14, 397.02, 397.34, 37.03]
[1463004000, 395.66, 397.31, 396.53, 397.02, 15.71882]
[1463000400, 395.35, 398.29, 398.01, 396.54, 13.56377142]
[1462996800, 398, 399.44, 398.02, 398, 4.52580797]
[1462993200, 398.01, 398.24, 398.22, 398.01, 13.54080734]
[1462989600, 398.21, 398.22, 398.21, 398.22, 1.68]
[1462986000, 398.21, 398.23, 398.23, 398.22, 3.55]
[1462982400, 398.21, 398.23, 398.22, 398.23, 13.93]
[1462978800, 398.21, 398.85, 398.85, 398.22, 2.55770185]
[1462975200, 398.21, 399.15, 398.68, 398.85, 12.21]
[1462971600, 398.21, 399.05, 398.92, 398.21, 8.68074429]
[1462968000, 398.22, 399.05, 399.05, 398.95, 12.79]
[1462964400, 399.04, 400.28, 400.04, 399.04, 5.34]
[1462960800, 399.61, 400.25, 399.74, 400.01, 0.36914693]
[1462957200, 398.31, 401.18, 399.32, 400.5, 7.05]
[1462953600, 398.48, 401.13, 400.16, 399.37, 8.02]
[1462950000, 400, 400.13, 400.13, 400, 12.42853768]
[1462946400, 395, 402, 401.08, 399.75, 29.54480892]
[1462942800, 399.05, 400.81, 399.56, 400.71, 3.9535]
[1462939200, 399.72, 401.5, 399.89, 400.48, 1.05]
[1462935600, 399.11, 399.47, 399.45, 399.13, 1.4]
[1462932000, 398.42, 400, 400, 399.34, 2.2]
[1462928400, 399.42, 400, 399.47, 400, 3.47]
[1462924800, 397.85, 399.69, 397.85, 399.69, 1.32]
[1462921200, 395.97, 399.47, 397.75, 397.85, 8.93]
[1462917600, 395.97, 399.53, 399.51, 397.75, 9.42259658]
[1462914000, 399.5, 401.67, 401.64, 399.51, 5.584897]
[1462910400, 399.15, 401.81, 400.58, 401.81, 24.83289055]
[1462906800, 395.96, 401.12, 400.74, 400.69, 32.24]
[1462903200, 400.52, 401.79, 400.83, 400.52, 1.94]
[1462899600, 399.82, 400.83, 400.22, 400.83, 1.51001877]
[1462896000, 398.16, 404.75, 398.28, 400.25, 42.99698237]
[1462892400, 398, 399.7, 398.56, 398.28, 7.0351971]
[1462888800, 398.31, 400.27, 399.91, 398.43, 12.72001835]
[1462885200, 398.32, 400.53, 399.64, 399.93, 18.92808679]
[1462881600, 399.64, 399.71, 399.65, 399.71, 1.71]
[1462878000, 396.91, 399.7, 398.83, 399.65, 8.1625093]
[1462874400, 397.33, 404.73, 403.5, 399.57, 73.40359585]
[1462870800, 403.49, 404.99, 404.99, 403.5, 29.01204068]
[1462867200, 404.8, 405.82, 405.72, 404.8, 3.62403088]
[1462863600, 405.72, 406.71, 406.7, 405.9, 2.98686972]
[1462860000, 405.92, 406.71, 406.71, 406.7, 2.039]
[1462856400, 405.45, 406.71, 406.46, 406.71, 4.79]
[1462852800, 405.59, 406.66, 405.59, 406.46, 1.39]
[1462849200, 405.59, 406.35, 406.22, 405.59, 1.84]
[1462845600, 405.73, 406.95, 406.78, 405.73, 3.2]
[1462842000, 405.81, 406.95, 405.92, 406.65, 1.87]
[1462838400, 405.92, 406.46, 406.14, 405.96, 1.4692]
[1462834800, 405.88, 406.47, 406.47, 405.88, 1.465]
[1462831200, 405.72, 406.42, 406.13, 405.75, 18.14]
[1462827600, 406.04, 407.04, 406.84, 406.13, 1.59]
[1462824000, 406.05, 407.07, 407.04, 406.85, 11.4562]
[1462820400, 406.05, 407.09, 406.7, 407.03, 18.60644319]
[1462816800, 406.1, 407.1, 406.99, 407.1, 9.6]
[1462813200, 406.06, 406.99, 406.6, 406.99, 16.2664]
[1462809600, 404, 406.62, 404, 406.61, 32.4339657]
[1462806000, 403.47, 404, 403.48, 404, 14]
[1462802400, 403.47, 403.48, 403.48, 403.48, 7.12]
[1462798800, 402.98, 403.48, 402.98, 403.48, 9.63464579]
[1462795200, 402.18, 402.98, 402.35, 402.98, 20.13397]
[1462791600, 402, 402.5, 402.5, 402.5, 17.3815]
[1462788000, 402.49, 402.5, 402.49, 402.49, 1.07]
[1462784400, 402.34, 402.5, 402.49, 402.49, 4.2503]
[1462780800, 401.02, 402.85, 402.22, 402.25, 23.13]
[1462777200, 402.22, 402.54, 402.5, 402.22, 5.19]
[1462773600, 402.5, 402.81, 402.81, 402.5, 3.318]
[1462770000, 402.27, 402.99, 402.53, 402.96, 1.79]
[1462766400, 402.94, 403.79, 403.53, 402.94, 2.21]
[1462762800, 403.36, 404.1, 404.1, 403.53, 0.55]
[1462759200, 403.39, 403.87, 403.39, 403.87, 0.33]
[1462755600, 402.87, 403.82, 403.03, 403.68, 1.49]
[1462752000, 404.16, 404.19, 404.19, 404.16, 0.25]
[1462748400, 403.59, 404.47, 403.6, 404.47, 8.00563095]
[1462744800, 403.19, 403.6, 403.19, 403.6, 3.72]
[1462741200, 402.99, 403.95, 403.95, 403.21, 9.12]
[1462737600, 403.9, 404.47, 403.9, 403.95, 3.73]
[1462734000, 403.48, 404.47, 403.48, 404.18, 6.81]
[1462730400, 403.18, 404, 403.2, 403.71, 9.14]
[1462726800, 403.06, 403.72, 403.52, 403.21, 3.98963381]
[1462723200, 403, 403.6, 403, 403.21, 17.83]
[1462719600, 402.46, 403, 402.49, 402.97, 7.78]
[1462716000, 401.14, 402.99, 401.42, 402.58, 5.05239446]
[1462712400, 400.85, 402.17, 400.94, 401.35, 6.51]
[1462708800, 399.59, 403.14, 403, 400.8, 38.96]
[1462705200, 402.6, 403.18, 403.15, 403.03, 9.75]
[1462701600, 402.64, 403.6, 403.44, 403.15, 7.41]
[1462698000, 402.33, 404.49, 402.85, 403.57, 13.03]
[1462694400, 402.88, 404.44, 403.34, 402.88, 3.9575]
[1462690800, 403.31, 403.59, 403.46, 403.59, 3.31]
[1462687200, 403.27, 403.5, 403.33, 403.32, 3.6]
[1462683600, 403.02, 403.47, 403.02, 403.37, 0.99]
[1462680000, 403.03, 403.47, 403.03, 403.47, 0.19111]
[1462676400, 403.06, 403.23, 403.08, 403.23, 0.44]
[1462672800, 403.17, 403.17, 403.17, 403.17, 0.05]
[1462669200, 402.88, 403.48, 402.94, 402.96, 2.17]
[1462665600, 402.86, 403.4, 403.34, 402.86, 7]
[1462662000, 403.21, 404.3, 403.73, 403.32, 6.46]
[1462658400, 403.56, 404.46, 404.16, 404.01, 6.67]
[1462654800, 403.21, 404.17, 403.46, 403.21, 15.68]
[1462651200, 404.04, 404.49, 404.26, 404.05, 5.44]
[1462647600, 403.41, 404.5, 404.49, 404.44, 5.71]
[1462644000, 403.82, 404.48, 404.28, 404.29, 12.77]
[1462640400, 403.46, 404.48, 403.71, 404.48, 4.61]
[1462636800, 403.22, 404.46, 403.52, 404.31, 4.98]
[1462633200, 403.3, 403.67, 403.66, 403.51, 2.65]
[1462629600, 403.56, 404.47, 404.46, 403.66, 9.79]
[1462626000, 403.7, 404.47, 404.11, 404.34, 8.63]
[1462622400, 403.88, 404.49, 404.21, 404.21, 15.33]
[1462618800, 403.81, 404.41, 404.18, 404.26, 1.3]
[1462615200, 403.8, 404.41, 403.8, 404.41, 0.94169]
[1462611600, 403.79, 403.8, 403.8, 403.8, 1.43083777]
[1462608000, 403.66, 403.8, 403.8, 403.8, 5.83]
[1462604400, 403.75, 403.94, 403.91, 403.8, 3.1181]
[1462600800, 403.83, 404.5, 404.15, 403.97, 6.7598]
[1462597200, 403.94, 404.47, 403.97, 404.47, 5.17465554]
[1462593600, 404, 404.42, 404.23, 404, 1.16876676]
[1462590000, 404.23, 404.47, 404.34, 404.47, 0.89]
[1462586400, 404.24, 404.96, 404.87, 404.24, 12.16374232]
[1462582800, 404.24, 404.94, 404.94, 404.93, 1.86]
[1462579200, 404.54, 405, 404.79, 404.95, 2.73]
[1462575600, 404.5, 405.44, 405.25, 404.77, 9.44853612]
[1462572000, 404.21, 406.18, 404.21, 404.86, 15.81833413]
[1462568400, 402.79, 405.99, 403.97, 404.21, 30.20772496]
[1462564800, 400.49, 403.97, 400.71, 403.95, 14.02779291]
[1462561200, 400.24, 400.99, 400.75, 400.67, 6.80666175]
[1462557600, 399.95, 401, 399.95, 400.38, 7.29892713]
[1462554000, 398.77, 399.97, 399.25, 399.91, 4.16]
[1462550400, 398.34, 399.66, 399.44, 398.73, 9.9157]
[1462546800, 396.86, 399.97, 396.96, 399.77, 65.14216667]
[1462543200, 396.43, 396.98, 396.54, 396.95, 15.06625]
[1462539600, 395.86, 396.55, 395.86, 396.55, 7.06]
[1462536000, 395.76, 396.61, 396.6, 395.76, 0.38922915]
[1462532400, 395.67, 396.48, 396.06, 395.93, 6.1753209]
[1462528800, 395.58, 396.95, 396.08, 396.06, 29.90374]
[1462525200, 395.84, 396.7, 396.63, 396.08, 18.43797066]
[1462521600, 396.21, 398.51, 396.3, 396.63, 24.43]
[1462518000, 395.59, 396.82, 395.59, 396.54, 17.10238232]
[1462514400, 393.71, 395.6, 394.46, 395.6, 23.8115877]
[1462510800, 393.63, 395.42, 394.02, 393.63, 19.8]
[1462507200, 392.93, 394.09, 394.09, 393.49, 7.6]
[1462503600, 394.02, 394.76, 394.49, 394.03, 2.95]
[1462500000, 394.17, 394.68, 394.17, 394.26, 1.6818]
[1462496400, 393.63, 394.21, 393.83, 393.94, 2.67]
[1462492800, 393.91, 394.8, 394.79, 394.21, 9.38]
[1462489200, 394.5, 394.87, 394.84, 394.72, 2.89]
[1462485600, 394.51, 395.01, 395.01, 394.65, 1.83]
[1462482000, 394.5, 395.08, 394.66, 395.01, 2.07]
[1462478400, 394.5, 395.47, 394.71, 394.66, 12.795]
[1462474800, 394.71, 395.28, 395.07, 394.71, 2.391]
[1462471200, 394.17, 395, 394.57, 394.62, 3.08225211]
[1462467600, 393.41, 394.57, 394.46, 394.49, 5.03]
[1462464000, 392.8, 394.19, 393.16, 394.17, 6.8049978]
[1462460400, 392.38, 394.49, 393.97, 392.77, 24.0551]
[1462456800, 392.31, 393.97, 392.97, 393.97, 8.46906125]
[1462453200, 392.06, 393, 392.75, 392.97, 37.51]
[1462449600, 391.14, 393, 391.49, 392.99, 36.64]
[1462446000, 390.41, 392.95, 391.75, 391.47, 25.4230485]
[1462442400, 390.41, 393.23, 392.5, 390.41, 60.42596676]
[1462438800, 391.21, 393.67, 391.88, 392.93, 33.9667097]
[1462435200, 391.1, 393.79, 391.73, 391.91, 24.07270998]
[1462431600, 390.9, 393.71, 391.24, 391.69, 14.2696]
[1462428000, 391.24, 392.68, 392.42, 391.25, 6.09936986]
[1462424400, 392.4, 393.41, 392.77, 392.42, 4.69]
[1462420800, 392.12, 393.67, 392.99, 392.12, 9.19]
[1462417200, 392.67, 393, 392.69, 392.67, 2.2091]
[1462413600, 392.16, 393, 392.75, 393, 1.1]
[1462410000, 392.02, 393, 392.27, 392.75, 9.47480194]
[1462406400, 390.75, 392.69, 391.51, 392.22, 4.09501]
