[1458806400, 371.03, 372.37, 372.26, 371.55, 12.7105842]
[1458802800, 371.84, 372.92, 372.63, 372.44, 8.99445836]
[1458799200, 372.63, 373.57, 373.04, 372.63, 6.08]
[1458795600, 372.43, 373.04, 372.59, 373.04, 4.83]
[1458792000, 372.71, 372.92, 372.71, 372.92, 0.29]
[1458788400, 372.59, 373, 372.7, 372.59, 11.17153701]
[1458784800, 373.05, 373.85, 373.83, 373.05, 1.93836591]
[1458781200, 372.88, 374.06, 374.02, 373.98, 9.46994645]
[1458777600, 373.72, 374.21, 373.72, 374.02, 5.21]
[1458774000, 373.35, 375.19, 374.96, 373.72, 14.82527863]
[1458770400, 374.5, 375.64, 374.98, 374.51, 12.73690627]
[1458766800, 374.52, 375.48, 374.9, 374.98, 20.87232263]
[1458763200, 374.23, 374.88, 374.27, 374.87, 11.4838519]
[1458759600, 373.31, 374.7, 373.65, 374.26, 31.05]
[1458756000, 372.95, 374.07, 373.27, 373.65, 15.90633718]
[1458752400, 372.42, 373.58, 372.97, 373.21, 19.04300144]
[1458748800, 371.46, 373, 372.29, 372.97, 15.28138997]
[1458745200, 371.02, 372.36, 372.19, 372.14, 24.23445048]
[1458741600, 371.74, 373.87, 373.65, 372.2, 25.21216555]
[1458738000, 373.26, 374.15, 374, 373.64, 6.69857007]
[1458734400, 372.48, 374, 372.95, 374, 12.84464065]
[1458730800, 372.61, 373.43, 372.85, 373, 14.13086823]
[1458727200, 372.44, 373.51, 372.83, 373.47, 22.39432079]
[1458723600, 371.88, 372.9, 372.45, 372.83, 18.3400005]
[1458720000, 371.86, 372.46, 371.92, 372.45, 18.67]
[1458716400, 371.76, 372.53, 372.53, 371.92, 10.7]
[1458712800, 372.28, 372.91, 372.87, 372.62, 3.59655089]
[1458709200, 371.45, 372.86, 372.82, 372.81, 3.75]
[1458705600, 372.25, 372.73, 372.35, 372.25, 0.09]
[1458702000, 372.51, 373.15, 372.51, 373.15, 1.08]
[1458698400, 371.9, 373, 371.9, 373, 1.55]
[1458694800, 371.72, 372.47, 371.93, 372.47, 2.04]
[1458691200, 371.75, 372.42, 372.21, 371.99, 10.90044217]
[1458687600, 371.54, 372.25, 371.54, 372.25, 4.68625227]
[1458684000, 371.23, 372.49, 372.11, 371.92, 8.38]
[1458680400, 371.65, 372.5, 371.99, 372.07, 24.35258875]
[1458676800, 371.19, 372, 371.49, 372, 10.89502]
[1458673200, 371.3, 372, 371.96, 371.97, 23.66]
[1458669600, 371, 371.99, 371, 371.96, 15.69804156]
[1458666000, 369.55, 371.99, 371.33, 370.91, 60.84124953]
[1458662400, 370.34, 371.98, 370.9, 370.82, 31.0475404]
[1458658800, 370.42, 371.58, 371.41, 370.42, 18.56123983]
[1458655200, 370.54, 371.54, 370.57, 371.41, 21.25832534]
[1458651600, 370.25, 371.54, 370.89, 370.57, 10.4847887]
[1458648000, 370.43, 371.13, 370.85, 370.57, 16.98763873]
[1458644400, 370.31, 371.73, 371.46, 370.64, 13.98136076]
[1458640800, 369.95, 371.99, 371.14, 371.55, 73.43593898]
[1458637200, 370.57, 371.49, 371.06, 371.14, 21.99595587]
[1458633600, 370.67, 371.6, 371.3, 371.05, 24.2458314]
[1458630000, 370.59, 371.4, 370.88, 371.29, 16.00315876]
[1458626400, 370.59, 371, 370.6, 370.84, 3.59]
[1458622800, 370.59, 371.06, 370.62, 371.05, 2.67]
[1458619200, 369.39, 371.02, 369.39, 370.62, 3.08097227]
[1458615600, 369.36, 370.03, 370, 369.39, 1.69917009]
[1458612000, 366.67, 369.88, 366.88, 369.88, 13.7445024]
[1458608400, 365.64, 366.93, 366.12, 366.88, 7.6]
[1458604800, 366.14, 366.61, 366.37, 366.61, 2.5]
[1458601200, 366.03, 366.96, 366.82, 366.37, 17.31662308]
[1458597600, 366.28, 366.87, 366.78, 366.36, 2.92]
[1458594000, 365.01, 366.87, 365.63, 366.74, 36.645]
[1458590400, 365.11, 366.04, 365.3, 365.87, 43.26397572]
[1458586800, 365, 366.42, 366.21, 365.69, 18.19729973]
[1458583200, 363.82, 366.29, 364.18, 366.21, 83.42848551]
[1458579600, 363.8, 364.44, 364.18, 363.81, 10.48505693]
[1458576000, 363.76, 364.95, 364.91, 364.18, 44.25018645]
[1458572400, 363.59, 365.68, 363.6, 365, 28.50209706]
[1458568800, 362.88, 363.87, 363.77, 363.33, 14.90488418]
[1458565200, 362.99, 364.03, 363.42, 363.77, 13.97772787]
[1458561600, 362.37, 363.45, 362.87, 363.45, 13.511]
[1458558000, 362.37, 363.44, 363.17, 362.74, 28.3682778]
[1458554400, 362.53, 363.31, 363.28, 363, 15.64701842]
[1458550800, 361.12, 363.46, 363.28, 363.29, 48.51227142]
[1458547200, 362.45, 363.28, 362.53, 363.28, 6.7469651]
[1458543600, 362.53, 364, 363.04, 363, 9.79]
[1458540000, 362.91, 363.65, 362.91, 363.65, 7.97]
[1458536400, 363.06, 363.11, 363.09, 363.11, 0.43]
[1458532800, 362.6, 362.8, 362.8, 362.74, 0.661]
[1458529200, 361.57, 362.84, 362.52, 362.84, 2.26]
[1458525600, 362.51, 364, 364, 362.51, 8.29527]
[1458522000, 364.9, 366.24, 365.63, 364.9, 1.02272]
[1458518400, 365.76, 366.4, 366.39, 365.76, 2.87]
[1458514800, 366.17, 367.16, 367.16, 366.37, 11.19696282]
[1458511200, 366.35, 367.53, 367.16, 367.48, 12.8042721]
[1458507600, 367.02, 368, 367.21, 367.02, 10.20978091]
[1458504000, 366.16, 367.35, 367.35, 367.25, 126.77450755]
[1458500400, 367.4, 368, 368, 367.76, 34.06]
[1458496800, 365.75, 368, 365.75, 367.42, 2.78]
[1458493200, 365.46, 366.89, 365.74, 365.85, 6.85]
[1458489600, 365.12, 366.16, 366.09, 365.74, 7.86784875]
[1458486000, 365.67, 366.18, 366, 366.06, 2.79]
[1458482400, 365.54, 366.72, 366.04, 366, 26.53]
[1458478800, 364.88, 366.17, 364.89, 366.17, 9.80364049]
[1458475200, 364.15, 365.54, 364.81, 365.54, 14.08]
[1458471600, 364.45, 365.11, 364.45, 364.72, 8.89589311]
[1458468000, 364.38, 365.07, 364.74, 364.56, 11.66217246]
[1458464400, 364.6, 365.15, 364.72, 364.74, 7.02566597]
[1458460800, 363.8, 365.67, 365.02, 363.8, 21.23740673]
[1458457200, 364.04, 365.09, 364.52, 365.06, 3.91]
[1458453600, 364.25, 364.52, 364.4, 364.52, 0.89]
[1458450000, 364.67, 365.21, 364.67, 365.21, 1.63]
[1458446400, 365.12, 365.31, 365.15, 365.31, 0.61]
[1458442800, 365.09, 365.26, 365.22, 365.09, 0.07]
[1458439200, 365.01, 365.45, 365.45, 365.01, 2.68028051]
[1458435600, 363.16, 365.55, 363.2, 365.2, 2.61073448]
[1458432000, 363.2, 364.64, 363.67, 363.2, 6.22]
[1458428400, 362.14, 364.2, 362.14, 364.14, 15.26401331]
[1458424800, 361.25, 362.2, 361.38, 362.17, 4.74]
[1458421200, 361, 362.17, 361, 362.14, 11.16748667]
[1458417600, 359.94, 361.66, 360.3, 361.13, 6.58983138]
[1458414000, 359.79, 361.13, 360.82, 360.31, 16.96]
[1458410400, 360, 360.88, 360.88, 360.82, 23.67168998]
[1458406800, 360.47, 361.62, 360.56, 360.89, 14.11394085]
[1458403200, 360.19, 362.85, 362.55, 360.56, 16.35059464]
[1458399600, 362, 362.55, 362.04, 362.55, 4.55932]
[1458396000, 361.73, 363.44, 361.76, 362.04, 25.81777332]
[1458392400, 361.56, 363.7, 363.56, 361.56, 43.88022565]
[1458388800, 363.2, 365.02, 364.82, 363.34, 13.81256463]
[1458385200, 364.75, 365.14, 365.1, 364.82, 3.44]
[1458381600, 363.83, 365.12, 365.09, 365.12, 10.91]
[1458378000, 364.16, 365.2, 365.09, 365.2, 10.02]
[1458374400, 363.82, 365.75, 365.53, 365.09, 25.72]
[1458370800, 363.7, 374.74, 363.83, 365.06, 138.66219579]
[1458367200, 362.97, 364.34, 363, 363.03, 2.15]
[1458363600, 362.59, 363.59, 362.73, 363, 2.08]
[1458360000, 362.62, 363.63, 363.56, 362.62, 2.17215]
[1458356400, 363.56, 363.82, 363.75, 363.56, 6.83941973]
[1458352800, 363.2, 363.82, 363.75, 363.77, 2.6833]
[1458349200, 363.01, 364.05, 364.05, 363.75, 14.59959097]
[1458345600, 364.05, 364.34, 364.34, 364.05, 5.01516627]
[1458342000, 363.04, 364.87, 363.86, 364.59, 12.20531126]
[1458338400, 362.51, 367.92, 362.99, 363.86, 11.86889487]
[1458334800, 359.69, 363, 360.86, 361.79, 71.51933971]
[1458331200, 357, 362.97, 358.89, 361.18, 69.696091]
[1458327600, 356.97, 362.14, 360.44, 358.79, 122.04888355]
[1458324000, 360.01, 363.31, 362.24, 360.33, 77.54446068]
[1458320400, 362.06, 365.78, 365.16, 362.2, 72.98120047]
[1458316800, 362.43, 366.13, 362.43, 364.56, 64.46932768]
[1458313200, 362.33, 365.36, 364.5, 362.44, 76.67269666]
[1458309600, 364.5, 367.3, 366.06, 364.51, 88.86850415]
[1458306000, 365.13, 369.52, 367.02, 366.16, 72.60589909]
[1458302400, 366.6, 367.32, 367, 367.03, 43.029598]
[1458298800, 366.77, 367.5, 366.98, 366.77, 34.52190795]
[1458295200, 366.79, 369.52, 367.35, 366.8, 30.22443604]
[1458291600, 367.09, 368.49, 368, 367.35, 71.45640502]
[1458288000, 367.31, 368.42, 367.49, 368.07, 42.17326839]
[1458284400, 365.9, 369.42, 367.48, 367.49, 58.97770193]
[1458280800, 365.81, 368.41, 368.16, 367.72, 35.49314282]
[1458277200, 368, 369.27, 369.25, 368.2, 8.74770553]
[1458273600, 368.18, 369.74, 369.4, 368.18, 5.99]
[1458270000, 369.13, 369.76, 369.16, 369.13, 5.12449411]
[1458266400, 367.56, 370.69, 370.24, 367.56, 45.21942147]
[1458262800, 370.06, 370.83, 370.11, 370.69, 14.19038761]
[1458259200, 369.61, 370.77, 370.77, 370.11, 16.43639249]
[1458255600, 369.37, 370.85, 370.68, 370.8, 10.16890146]
[1458252000, 370.25, 370.96, 370.44, 370.71, 13.71574303]
[1458248400, 369.92, 370.77, 370.34, 370.45, 26.10507379]
[1458244800, 369.14, 370.87, 370.49, 370.35, 21.16316854]
[1458241200, 370.29, 372.61, 370.95, 370.53, 31.75822945]
[1458237600, 369.89, 373, 371.02, 371.07, 31.49610172]
[1458234000, 369.01, 372.59, 371.82, 371.16, 56.89114832]
[1458230400, 370.17, 372.49, 372.3, 370.17, 88.67390385]
[1458226800, 371.5, 373.49, 372.12, 372.3, 31.45008156]
[1458223200, 369.9, 373.16, 371.83, 372.23, 80.58751558]
[1458219600, 371.16, 373.7, 372.03, 372.3, 43.95803227]
[1458216000, 371.46, 373.7, 371.59, 372.02, 45.43389962]
[1458212400, 371.47, 372.69, 371.97, 371.6, 27.52266958]
[1458208800, 371.46, 373.35, 372.75, 372, 32.60743214]
[1458205200, 371.47, 373.83, 373.04, 372.75, 32.13292147]
[1458201600, 372.8, 373.98, 373.29, 373.04, 9.99557549]
[1458198000, 373.06, 373.98, 373.33, 373.9, 23.31]
[1458194400, 372.99, 373.75, 373.64, 373.44, 19.56308315]
[1458190800, 373.16, 373.97, 373.16, 373.81, 3.46]
[1458187200, 372.53, 373.15, 373.01, 373.15, 0.7]
[1458183600, 372.4, 372.94, 372.4, 372.44, 0.72]
[1458180000, 371.68, 372.48, 372.09, 372.42, 3.99643174]
[1458176400, 371.18, 372.4, 371.43, 371.87, 4.1997496]
[1458172800, 371.43, 372.21, 371.92, 371.47, 10.96631445]
[1458169200, 371.39, 372.06, 372.06, 371.91, 16.5430071]
[1458165600, 372, 375, 374.87, 372.06, 214.00458979]
[1458162000, 373, 375.11, 374.32, 374.87, 44.04613452]
[1458158400, 371.98, 375.41, 374, 374.6, 101.28423263]
[1458154800, 373.59, 374.5, 373.6, 374.21, 36.51412374]
[1458151200, 373.15, 375.67, 375.67, 373.6, 39.57605305]
[1458147600, 374.14, 383.93, 375.89, 376.33, 155.87178728]
[1458144000, 375.25, 376.25, 375.71, 375.95, 23.57923877]
[1458140400, 375.25, 376.18, 375.26, 375.59, 24.6182634]
[1458136800, 374.14, 376.44, 374.56, 375.28, 39.3827413]
[1458133200, 374.56, 375.28, 374.93, 374.56, 12.07669331]
[1458129600, 374, 374.94, 374.68, 374.94, 14.58408856]
[1458126000, 373.65, 375.67, 375.46, 374.72, 39.55]
[1458122400, 373.23, 375.5, 375.24, 375.46, 56.3891]
[1458118800, 373.97, 375.23, 374.31, 375.23, 36.56]
[1458115200, 373.96, 375.46, 375.02, 374.49, 13.38094515]
[1458111600, 374.26, 375.47, 375.03, 375.02, 8.99027786]
[1458108000, 374.63, 375.43, 375.15, 375.1, 3.13]
[1458104400, 374.57, 375.38, 374.88, 375.15, 11.20439999]
[1458100800, 374.57, 374.88, 374.77, 374.88, 9.69159]
[1458097200, 374.58, 374.81, 374.58, 374.78, 0.9]
[1458093600, 374.58, 374.78, 374.58, 374.78, 1.2]
[1458090000, 374.58, 375.38, 374.6, 374.58, 6.44]
[1458086400, 373.36, 376.04, 374.55, 375.38, 35.247]
