[1478966400, 651.18, 652.52, 651.28, 652.48, 6.00059723]
[1478962800, 651.16, 652.32, 651.75, 651.35, 12.0897501]
[1478959200, 650.05, 652.91, 652.23, 651.6, 10.56881001]
[1478955600, 652.25, 654.63, 654.56, 652.25, 6.94]
[1478952000, 654.24, 655.53, 655.31, 654.51, 8.67]
[1478948400, 653.1, 655.31, 653.71, 655.31, 10.27]
[1478944800, 652.29, 655.03, 655.03, 653.71, 7.76553295]
[1478941200, 655, 660.6, 660.6, 655, 16.08]
[1478937600, 660.12, 661.62, 660.62, 660.6, 4.94211]
[1478934000, 660.12, 660.64, 660.12, 660.62, 3.2950426]
[1478930400, 660.1, 661.24, 661.24, 660.12, 0.2]
[1478926800, 661.14, 661.94, 661.75, 661.14, 6.4606]
[1478923200, 661.75, 662.06, 662.01, 661.83, 1.22]
[1478919600, 661.36, 662.23, 661.36, 662.02, 2.05]
[1478916000, 661.35, 661.56, 661.35, 661.36, 1.38]
[1478912400, 660.7, 661.5, 661.46, 661.31, 2.26]
[1478908800, 660.89, 661.91, 661.4, 661.48, 8.47]
[1478905200, 661.2, 661.42, 661.36, 661.39, 5.4]
[1478901600, 661.06, 661.44, 661.12, 661.23, 4.78]
[1478898000, 660.03, 661.3, 660.82, 661.09, 11.06072127]
[1478894400, 660.88, 662.23, 662.08, 660.99, 15.52070346]
[1478890800, 661.83, 662.23, 661.95, 662.23, 10.53]
[1478887200, 661.2, 662.23, 661.33, 662.07, 35.73]
[1478883600, 660.84, 661.52, 661.25, 661.52, 10.55]
[1478880000, 660.51, 661.26, 660.52, 661.26, 19.3803]
[1478876400, 660.51, 661.26, 660.92, 660.52, 14.615]
[1478872800, 660.49, 661.12, 660.53, 660.92, 18.90767075]
[1478869200, 660, 660.91, 660.71, 660.52, 13.031938]
[1478865600, 660.27, 660.71, 660.71, 660.71, 10.01]
[1478862000, 660.13, 660.71, 660.51, 660.7, 14.08805732]
[1478858400, 660.15, 660.67, 660.15, 660.51, 17.5407104]
[1478854800, 657.59, 660.15, 659.3, 660.15, 19.64015]
[1478851200, 658.27, 660.14, 660.1, 659.3, 15.426]
[1478847600, 658.14, 660.13, 658.42, 660.12, 11.12]
[1478844000, 658.01, 658.74, 658.01, 658.5, 0.52]
[1478840400, 656.72, 658.9, 657.67, 657.41, 1.76]
[1478836800, 658.06, 658.92, 658.92, 658.09, 2.214]
[1478833200, 658.92, 659.52, 659.52, 658.92, 2.28]
[1478829600, 659.51, 659.84, 659.75, 659.51, 1.115]
[1478826000, 659.7, 659.75, 659.73, 659.74, 0.99]
[1478822400, 656.34, 659.74, 658.32, 659.74, 10.62]
[1478818800, 656.71, 658.48, 656.72, 658.48, 3.28]
[1478815200, 655.75, 657.04, 655.75, 656.71, 9.6283575]
[1478811600, 654.72, 657.39, 657.39, 655.74, 13.68]
[1478808000, 657, 657.61, 657.12, 657.4, 4.76300001]
[1478804400, 657.04, 658.47, 658.47, 657.12, 9.53]
[1478800800, 656.03, 659.19, 658.47, 658.47, 13.46041435]
[1478797200, 658.47, 659.47, 658.5, 658.47, 10.5828]
[1478793600, 657.22, 658.56, 658.05, 658.3, 7.2213]
[1478790000, 655.89, 658.95, 658.95, 658.04, 34.02691365]
[1478786400, 657.74, 659.12, 658.38, 658.95, 17.92]
[1478782800, 657.88, 658.75, 658.26, 658.38, 12.65]
[1478779200, 657.9, 659.74, 659.17, 658.3, 17.20916197]
[1478775600, 659.03, 659.74, 659.07, 659.35, 10.84]
[1478772000, 655.78, 659.3, 659.28, 658.93, 34.09786126]
[1478768400, 658.66, 659.28, 659.26, 659.28, 9.57]
[1478764800, 657.93, 659.3, 658.83, 659.3, 15.97]
[1478761200, 656.37, 658.84, 658.15, 658.84, 12.09812727]
[1478757600, 658, 662.25, 659.65, 658.01, 9.65]
[1478754000, 657.35, 659.93, 657.93, 658.63, 1.97618]
[1478750400, 655, 661.36, 661.18, 657.33, 9.8949]
[1478746800, 661.16, 662.45, 662.4, 661.18, 1.33]
[1478743200, 661.18, 662.61, 662.61, 662.4, 1.78]
[1478739600, 661.29, 664.16, 664.16, 662.8, 5.17]
[1478736000, 662.5, 666, 662.5, 664.08, 18.66]
[1478732400, 661.91, 662.51, 662.27, 662.48, 7.35]
[1478728800, 659.63, 662.29, 660.14, 662.27, 19.35532]
[1478725200, 660.14, 662.52, 662.33, 660.14, 14.36]
[1478721600, 661.55, 663.19, 662.86, 662.52, 21.51262473]
[1478718000, 662.44, 663.8, 663.59, 662.85, 8.06]
[1478714400, 661.36, 664.76, 664.68, 663.79, 13.79769262]
[1478710800, 662.45, 664.98, 664.6, 664.76, 22.82935754]
[1478707200, 657.62, 664.58, 661.07, 664.56, 19.371049]
[1478703600, 653.33, 661.28, 657.04, 661.27, 29.7495669]
[1478700000, 654.54, 659.23, 654.78, 658.45, 21.11542472]
[1478696400, 644.72, 658.52, 655.8, 657.78, 63.1503]
[1478692800, 655.79, 665.64, 660.07, 655.8, 60.5167592]
[1478689200, 657.89, 662.69, 661.45, 660.45, 55.45561335]
[1478685600, 658.77, 663.55, 660.75, 661.48, 157.62266028]
[1478682000, 659.73, 667.99, 662.4, 660.59, 150.15226037]
[1478678400, 660, 668, 663.62, 663.46, 85.84299002]
[1478674800, 657.77, 665, 659.17, 663.64, 167.64193949]
[1478671200, 651.97, 666.95, 666.95, 657.77, 44.47954625]
[1478667600, 657, 666.35, 661.09, 665.23, 39.29914599]
[1478664000, 651.39, 661.45, 656.65, 661.45, 70.95323668]
[1478660400, 649.5, 660, 649.5, 659.84, 43.70398567]
[1478656800, 647.03, 649.5, 647.87, 649.5, 11.10812067]
[1478653200, 646.24, 649.38, 648.25, 647.88, 12.42]
[1478649600, 646.67, 651.03, 648.65, 648.01, 13.36]
[1478646000, 646.53, 652.03, 647.49, 648.7, 18.52]
[1478642400, 646.71, 650.54, 647.5, 648.77, 29.81]
[1478638800, 645.91, 650.55, 648.26, 647.51, 27.214]
[1478635200, 645.09, 649.98, 646.25, 649.81, 27.9364]
[1478631600, 645.1, 648.51, 646.64, 646, 17.99646078]
[1478628000, 645.25, 647.43, 645.51, 646.79, 11.28135212]
[1478624400, 645.54, 647.43, 647.43, 646.17, 9.61401665]
[1478620800, 642.75, 647.43, 647, 647.09, 40.0287]
[1478617200, 647, 649.9, 647.98, 647.01, 11.854173]
[1478613600, 645.55, 649.99, 645.55, 648.2, 18.01305901]
[1478610000, 642.88, 648.19, 645.7, 645.55, 49.90598202]
[1478606400, 640.01, 645.6, 640.3, 645.35, 42.35101326]
[1478602800, 639.35, 641.64, 641.64, 640.22, 19.45845]
[1478599200, 639.65, 641.65, 639.94, 641.64, 14.52]
[1478595600, 637.25, 640.79, 639.89, 639.94, 32.22411477]
[1478592000, 637.47, 639.89, 639.01, 639.88, 24.09602137]
[1478588400, 636.68, 639.86, 639.86, 639.36, 15.570149]
[1478584800, 639.86, 640.55, 640.55, 639.87, 1.6595]
[1478581200, 640.29, 642.29, 642.29, 640.32, 3.7135]
[1478577600, 642.79, 644.07, 644.07, 642.79, 1.19418059]
[1478574000, 643.72, 644.13, 643.72, 644.11, 6.023]
[1478570400, 643.07, 643.8, 643.09, 643.72, 6.36314963]
[1478566800, 642.08, 643.76, 643.51, 642.08, 3.23131474]
[1478563200, 641.32, 643.64, 642.91, 643.64, 4.3]
[1478559600, 636.62, 646.02, 642.17, 643.34, 22.302]
[1478556000, 641.03, 646.02, 645.08, 643.63, 12.11018276]
[1478552400, 640.49, 645.88, 642.89, 645.15, 17.67892988]
[1478548800, 639.78, 646.91, 640.66, 642.69, 42.51737929]
[1478545200, 638.28, 642, 640.48, 640.65, 25.1758]
[1478541600, 639.15, 640.72, 640.6, 640.48, 15.17]
[1478538000, 639.11, 640.72, 639.65, 640.4, 27.77926]
[1478534400, 637, 640.7, 637, 639.8, 24.62622719]
[1478530800, 636.57, 638.8, 637.17, 637, 29.3467]
[1478527200, 635.38, 638.62, 636.81, 637.53, 34.15292711]
[1478523600, 635.4, 642.53, 640.81, 636.46, 49.26999616]
[1478520000, 637.06, 642.63, 639.99, 641.94, 40.942944]
[1478516400, 639.99, 644.75, 643.8, 640, 47.56805693]
[1478512800, 640.02, 644.03, 643.14, 643.8, 27.3952]
[1478509200, 640.8, 645.49, 643.97, 643.3, 14.87487727]
[1478505600, 642.78, 646.82, 643.55, 643.98, 11.44390423]
[1478502000, 640.16, 645.89, 642.06, 645.89, 10.1595]
[1478498400, 638.26, 641.27, 639.94, 640.89, 1.09]
[1478494800, 638.66, 642.12, 640.2, 640.43, 3.36]
[1478491200, 639.28, 640.46, 640.38, 639.68, 0.85]
[1478487600, 639.45, 641.79, 640.44, 640.32, 0.51]
[1478484000, 638.99, 640.52, 639.4, 639.76, 0.84354732]
[1478480400, 637.32, 641.1, 639.21, 638.66, 2.22]
[1478476800, 637.74, 644.34, 644.34, 638.87, 3.84]
[1478473200, 642.89, 645, 642.97, 644.17, 7.9236086]
[1478469600, 641.44, 642.97, 642.4, 642.97, 7.498]
[1478466000, 638.05, 642.97, 639.5, 642.62, 8.32]
[1478462400, 637.37, 639.69, 637.7, 639.67, 8.54401641]
[1478458800, 636.32, 639.21, 638.76, 638.94, 5.642]
[1478455200, 636.89, 639.13, 637.08, 638.69, 6.38]
[1478451600, 636.61, 639.2, 636.61, 638.64, 3.94462]
[1478448000, 632.5, 638.12, 634.75, 638.12, 7.745763]
[1478444400, 632.05, 635, 635, 634.97, 14.75880877]
[1478440800, 635, 640.13, 640.13, 635, 14.87]
[1478437200, 639.91, 643.03, 643.03, 640.63, 5.54]
[1478433600, 641.87, 645.37, 645, 643.03, 12.61]
[1478430000, 637.01, 648.04, 643.29, 643.12, 46.63]
[1478426400, 642.05, 644.41, 644.41, 643.1, 7.129]
[1478422800, 643.27, 645.31, 645.03, 644.61, 7.67]
[1478419200, 644.17, 647.58, 644.32, 644.83, 10.08]
[1478415600, 644.33, 644.71, 644.66, 644.33, 1.86]
[1478412000, 644.58, 644.65, 644.65, 644.58, 0.27]
[1478408400, 643.03, 644.6, 643.03, 644.6, 2.13]
[1478404800, 640.73, 643.03, 640.73, 642.83, 3.53]
[1478401200, 636.43, 640.72, 636.43, 640.72, 7.02656549]
[1478397600, 636.42, 636.43, 636.43, 636.43, 1.61]
[1478394000, 635.81, 636.43, 636.13, 636.43, 4.81287437]
[1478390400, 635.57, 636.43, 635.57, 636.13, 2.432]
[1478386800, 634, 635.66, 634, 635.47, 16.5]
[1478383200, 634, 634.37, 634.37, 634, 4.388]
[1478379600, 632.99, 634.49, 633, 634.37, 3.9500016]
[1478376000, 632.99, 633, 632.99, 633, 9.38]
[1478372400, 632.98, 633, 633, 633, 7.616]
[1478368800, 633.4, 636.52, 635.34, 633.4, 17.86057535]
[1478365200, 635.12, 635.38, 635.21, 635.34, 11.83]
[1478361600, 633.03, 635.21, 633.18, 635.21, 9.74006031]
[1478358000, 633.19, 633.25, 633.25, 633.2, 7.19]
[1478354400, 625.01, 633.45, 631.45, 633.45, 28.70779944]
[1478350800, 631.44, 634.96, 634.96, 631.45, 11.86234497]
[1478347200, 634.4, 635.28, 635.14, 635.14, 12.73444803]
[1478343600, 633.35, 637.14, 637.14, 634.92, 9.07]
[1478340000, 635.56, 639, 635.56, 637.14, 16.01]
[1478336400, 634.22, 635.72, 635.58, 635.72, 11.70430001]
[1478332800, 632.99, 635.47, 633.5, 635.15, 3.184]
[1478329200, 631.45, 633.5, 633.46, 633.5, 4.611]
[1478325600, 626, 633.26, 632.44, 626, 13.76]
[1478322000, 631.92, 634.38, 634.37, 632.96, 0.9]
[1478318400, 630.02, 634.36, 631.17, 634.36, 1.84867752]
[1478314800, 630.03, 636.25, 636.16, 630.03, 2.0077]
[1478311200, 630.03, 636.48, 634.92, 635.08, 4.13686549]
[1478307600, 633.38, 636.65, 636.2, 633.38, 1.79]
[1478304000, 636.37, 637.32, 637.29, 636.38, 7.2132]
[1478300400, 634.99, 638.44, 635, 637.02, 2.53920774]
[1478296800, 629.73, 635, 630.12, 635, 6.6488489]
[1478293200, 629.29, 633.04, 632.25, 630.12, 5.24]
[1478289600, 630.16, 632.58, 630.55, 632.58, 23.14415692]
[1478286000, 626.78, 631.21, 627.49, 630.99, 6.50766]
[1478282400, 627.04, 630.19, 627.39, 627.49, 7.70894234]
[1478278800, 624.71, 627.89, 627.32, 627.43, 12.687]
[1478275200, 626.97, 633.31, 631.34, 628.19, 14.83483]
[1478271600, 621.46, 633, 632.99, 631.15, 44.79262003]
[1478268000, 631.73, 640.99, 639.42, 632.87, 30.4072819]
[1478264400, 635.11, 641.71, 637.37, 635.57, 33.963]
[1478260800, 637.6, 641.43, 641.04, 638.24, 16.77602054]
[1478257200, 640.13, 641.6, 641.6, 641.04, 11.98]
[1478253600, 636.57, 642.25, 639, 641.6, 33.22817617]
[1478250000, 638.67, 640, 638.81, 639, 21.54317463]
[1478246400, 634.44, 640, 634.44, 638.73, 20.42297402]
