[1509926400, 6410, 6521.43, 6486.3, 6438.84, 66.25831326]
[1509922800, 6409.2, 6493.47, 6458.46, 6487.98, 106.81228641]
[1509919200, 6450, 6529.86, 6460.01, 6458.61, 125.6293022]
[1509915600, 6460, 6618.46, 6609.43, 6461.62, 274.80562988]
[1509912000, 6601, 6637, 6635, 6609.43, 108.6208152]
[1509908400, 6617, 6638.3, 6621.86, 6635, 64.6020193]
[1509904800, 6595.07, 6636.99, 6598.64, 6623.93, 78.76066302]
[1509901200, 6571.14, 6602.5, 6587.35, 6599, 62.45803379]
[1509897600, 6580.88, 6627.71, 6591.67, 6587.36, 111.1694335]
[1509894000, 6565.01, 6646.08, 6620.42, 6597.89, 185.7040955]
[1509890400, 6610, 6682.01, 6629.83, 6620.44, 196.64666375]
[1509886800, 6601, 6639, 6615.1, 6629.83, 139.0021543]
[1509883200, 6559.19, 6619.44, 6560, 6615.1, 158.88979702]
[1509879600, 6483.04, 6560, 6483.6, 6559.19, 159.96012957]
[1509876000, 6465.89, 6485, 6468.52, 6483.59, 51.1594688]
[1509872400, 6451.37, 6475, 6474.99, 6467.3, 56.23859105]
[1509868800, 6467, 6475, 6468, 6475, 42.49079407]
[1509865200, 6409.33, 6471.99, 6471.99, 6467.99, 34.5106268]
[1509861600, 6460, 6471.99, 6460, 6471.99, 14.25979488]
[1509858000, 6449.99, 6460, 6449.99, 6460, 13.40771546]
[1509854400, 6446.14, 6450, 6446.54, 6450, 8.14534825]
[1509850800, 6410, 6446.54, 6427, 6446.54, 11.42300925]
[1509847200, 6395.02, 6437.4, 6437.4, 6427.01, 11.61751784]
[1509843600, 6380.01, 6445, 6380.01, 6437.4, 29.51903874]
[1509840000, 6380, 6420, 6418.67, 6380, 47.86408442]
[1509836400, 6410, 6460, 6417, 6419.44, 78.88484962]
[1509832800, 6390, 6466.01, 6466.01, 6417, 91.99184809]
[1509829200, 6434, 6468.9, 6434.01, 6466, 75.87484733]
[1509825600, 6393, 6450, 6409.99, 6434.01, 130.31691293]
[1509822000, 6360.09, 6410, 6376, 6410, 81.99104289]
[1509818400, 6359.09, 6378.99, 6362.51, 6376, 44.78845159]
[1509814800, 6352.04, 6385, 6369, 6362.51, 52.20155997]
[1509811200, 6359.95, 6389.99, 6359.98, 6369, 85.54477674]
[1509807600, 6333.05, 6360, 6355.49, 6359.98, 49.04880861]
[1509804000, 6340, 6369.69, 6340, 6355.53, 83.69394866]
[1509800400, 6285.39, 6353.53, 6287.13, 6339.99, 101.1704611]
[1509796800, 6241.75, 6288.99, 6244.96, 6287.13, 56.3838844]
[1509793200, 6241.58, 6270, 6258.14, 6245, 68.97420236]
[1509789600, 6217.02, 6269, 6260.58, 6251.77, 91.11385241]
[1509786000, 6252.41, 6287.85, 6260.03, 6260.57, 55.15589569]
[1509782400, 6260.01, 6314, 6303.44, 6260.03, 66.05403596]
[1509778800, 6211.86, 6325, 6216.33, 6303.72, 63.78495712]
[1509775200, 6205.04, 6256.2, 6256.2, 6217.33, 49.49393683]
[1509771600, 6215.92, 6304.56, 6304.56, 6256.21, 20.72524687]
[1509768000, 6272.22, 6305.49, 6292, 6301.19, 21.05134908]
[1509764400, 6243.41, 6292, 6269.02, 6292, 26.1742375]
[1509760800, 6209.99, 6275, 6209.99, 6269.03, 39.92470138]
[1509757200, 6135.91, 6229.98, 6229.98, 6200.29, 68.37768989]
[1509753600, 6150, 6290.77, 6290.77, 6229.98, 140.60561966]
[1509750000, 6262.08, 6310, 6291.03, 6291.44, 55.15656451]
[1509746400, 6245.61, 6340.29, 6247.87, 6291.04, 123.62277104]
[1509742800, 6230.01, 6345, 6342.99, 6245.6, 281.37992751]
[1509739200, 6342.01, 6419.99, 6399.51, 6342.99, 154.8739975]
[1509735600, 6376.5, 6444.44, 6438, 6399.28, 139.47239569]
[1509732000, 6408.47, 6447, 6410.46, 6438, 107.3519183]
[1509728400, 6400.74, 6419.96, 6415.32, 6410.46, 158.68304439]
[1509724800, 6380, 6424.39, 6424.11, 6415.32, 220.55603951]
[1509721200, 6370.52, 6431.97, 6377.84, 6421.08, 127.98923974]
[1509717600, 6299, 6385.87, 6336.1, 6377.9, 120.27470531]
[1509714000, 6287.5, 6414.86, 6406.4, 6336.12, 230.23120333]
[1509710400, 6350.24, 6417.64, 6384.96, 6406.4, 136.66931025]
[1509706800, 6340, 6491.12, 6484.98, 6384.96, 411.04109783]
[1509703200, 6419.99, 6495.5, 6420, 6485.19, 271.13919787]
[1509699600, 6363.02, 6478.18, 6465, 6419.99, 347.99043652]
[1509696000, 6362, 6465, 6400, 6465, 319.23070264]
[1509692400, 6288.08, 6400, 6288.08, 6400, 264.00036426]
[1509688800, 6256.12, 6298.99, 6263.01, 6288.08, 65.05969543]
[1509685200, 6180.9, 6263, 6237.31, 6263, 39.5765539]
[1509681600, 6167.17, 6250, 6224.76, 6237.31, 29.75570687]
[1509678000, 6115.38, 6239, 6115.39, 6216.44, 57.34781869]
[1509674400, 6076.67, 6115.39, 6076.68, 6115.39, 21.27905142]
[1509670800, 6070, 6103.54, 6100, 6076.68, 40.08530644]
[1509667200, 6100, 6140, 6112.36, 6100, 57.57468982]
[1509663600, 6111.11, 6158, 6115.22, 6112.36, 46.7548543]
[1509660000, 6115.2, 6172.63, 6141.14, 6115.2, 89.09913322]
[1509656400, 6100, 6147.29, 6100.11, 6141.13, 86.32381256]
[1509652800, 6040.02, 6155.59, 6060.01, 6100.11, 184.6178448]
[1509649200, 5977.99, 6068.01, 5978.01, 6060, 129.30750202]
[1509645600, 5965.03, 6096.03, 6095, 5978.01, 176.22234037]
[1509642000, 5916.03, 6101, 6049.79, 6095, 337.66762476]
[1509638400, 6035.55, 6176, 6176, 6049.8, 233.36734698]
[1509634800, 6123.6, 6191.98, 6123.6, 6176, 150.59289152]
[1509631200, 6095, 6260, 6198.27, 6123.6, 355.62356246]
[1509627600, 6077.03, 6300, 6117.91, 6198.26, 419.07159087]
[1509624000, 5800, 6177.89, 6075.1, 6118.05, 639.90183674]
[1509620400, 5703, 6483.06, 6334.83, 6075.19, 1402.00366959]
[1509616800, 6149.94, 6340, 6150, 6336, 440.04008833]
[1509613200, 6134.99, 6174.99, 6170.12, 6150, 365.52356719]
[1509609600, 6124.99, 6172.89, 6124.99, 6170.12, 333.98505669]
[1509606000, 6040, 6133.7, 6112.11, 6124.99, 309.49602203]
[1509602400, 5963, 6112.12, 5963, 6112.12, 161.00764772]
[1509598800, 5911.16, 5976.4, 5933.07, 5963.01, 86.82023151]
[1509595200, 5901.04, 5972.58, 5967.64, 5930.01, 33.33480224]
[1509591600, 5929, 5967.64, 5929.01, 5967.64, 34.47282659]
[1509588000, 5830, 5947.47, 5921.79, 5929.01, 69.47822557]
[1509584400, 5900, 5997.5, 5949.86, 5921.8, 136.42917641]
[1509580800, 5915.59, 5978, 5935.75, 5949.98, 196.80551894]
[1509577200, 5822.61, 5935, 5848.79, 5935, 140.25878116]
[1509573600, 5771.82, 5850.04, 5781.03, 5850.04, 146.67869949]
[1509570000, 5762, 5790.74, 5764.56, 5783, 129.79411492]
[1509566400, 5734, 5788.03, 5787, 5764.56, 174.69478356]
[1509562800, 5764.57, 5787, 5771.39, 5787, 141.95847345]
[1509559200, 5761, 5781.4, 5779.93, 5771.39, 78.61472593]
[1509555600, 5761.01, 5794.96, 5774.99, 5779.95, 136.81054769]
[1509552000, 5747.86, 5805.04, 5749, 5773.62, 217.34570229]
[1509548400, 5720, 5749, 5735.32, 5749, 127.7451412]
[1509544800, 5691.1, 5735.32, 5693.46, 5735.32, 138.7704706]
[1509541200, 5677.07, 5723.83, 5700.98, 5693.62, 154.0535367]
[1509537600, 5665, 5763.19, 5762.67, 5700.99, 281.03750573]
[1509534000, 5715, 5791.67, 5753.99, 5761.14, 277.42822387]
[1509530400, 5689.3, 5771, 5721.97, 5754, 344.62197761]
[1509526800, 5616.99, 5725.63, 5617, 5722.88, 307.95276547]
[1509523200, 5560, 5641.9, 5560.01, 5617, 179.55342101]
[1509519600, 5560, 5560.01, 5560.01, 5560.01, 60.27253594]
[1509516000, 5560, 5578, 5568.49, 5560.01, 45.22281123]
[1509512400, 5554.93, 5590, 5556.11, 5571.61, 23.38815201]
[1509508800, 5550.56, 5592.02, 5587.53, 5556.1, 29.77297828]
[1509505200, 5579.91, 5609.87, 5579.91, 5587.53, 24.46923738]
[1509501600, 5557.89, 5588.92, 5579.53, 5579.91, 18.82255081]
[1509498000, 5540.01, 5579.6, 5540.01, 5579.53, 15.69486942]
[1509494400, 5540, 5601.53, 5601.5, 5540, 56.09771996]
[1509490800, 5571.08, 5619.69, 5576.52, 5583.23, 96.30560169]
[1509487200, 5555.55, 5584.99, 5578.49, 5578.85, 98.20267634]
[1509483600, 5527.69, 5580, 5540, 5578.49, 118.48700207]
[1509480000, 5498.98, 5540, 5498.99, 5540, 86.72679613]
[1509476400, 5480, 5498.99, 5495.5, 5498.98, 71.19379062]
[1509472800, 5489.92, 5513.14, 5503.02, 5495.5, 105.95718799]
[1509469200, 5490, 5523.99, 5522.27, 5503.01, 152.85896796]
[1509465600, 5511.94, 5530, 5512, 5524, 128.3828294]
[1509462000, 5467.68, 5544.29, 5530.01, 5512, 222.65186667]
[1509458400, 5459.12, 5551.01, 5489.99, 5530.3, 317.61350002]
[1509454800, 5375.01, 5498, 5375.01, 5490, 252.65285683]
[1509451200, 5375.01, 5397.21, 5394.96, 5375.02, 97.7954842]
[1509447600, 5343, 5395, 5343, 5394.98, 158.47569159]
[1509444000, 5333.98, 5344.44, 5333.99, 5343, 76.40258804]
[1509440400, 5317.92, 5334.82, 5318.8, 5333.99, 100.59615167]
[1509436800, 5282, 5321.47, 5282.01, 5318.8, 92.77437201]
[1509433200, 5282, 5302.01, 5302.01, 5282.01, 68.44879931]
[1509429600, 5302, 5319, 5319, 5302.01, 44.78630694]
[1509426000, 5309.86, 5319.9, 5313.33, 5318.99, 19.00640051]
[1509422400, 5294.74, 5315, 5300.01, 5313.63, 12.02301508]
[1509418800, 5300, 5304.45, 5300.01, 5304.45, 3.99322614]
[1509415200, 5299, 5304.86, 5304.86, 5300.01, 4.35139122]
[1509411600, 5290, 5311.98, 5290.01, 5304.86, 10.72306315]
[1509408000, 5290, 5305.08, 5305.06, 5293.99, 27.28907945]
[1509404400, 5295, 5315, 5307.98, 5305.7, 38.59990439]
[1509400800, 5292.16, 5307.99, 5300.01, 5307.99, 26.44964589]
[1509397200, 5297.4, 5307.98, 5297.49, 5300, 41.37552301]
[1509393600, 5283.01, 5300, 5283.01, 5297.5, 68.90336021]
[1509390000, 5275.08, 5307.99, 5307.98, 5283.01, 51.49379497]
[1509386400, 5276.99, 5321.46, 5277, 5307.99, 70.58975389]
[1509382800, 5262.9, 5277, 5267.99, 5277, 51.31107935]
[1509379200, 5256.24, 5274, 5260, 5267.98, 78.87060024]
[1509375600, 5257.81, 5295.01, 5292.01, 5260, 90.47434735]
[1509372000, 5251.7, 5340, 5335, 5286.99, 188.7767402]
[1509368400, 5308.95, 5336, 5309, 5334.99, 69.85853553]
[1509364800, 5302.5, 5336, 5321.09, 5309, 89.95234274]
[1509361200, 5297.08, 5355, 5335.61, 5321.09, 88.68557793]
[1509357600, 5295.17, 5354.99, 5295.17, 5336, 125.84300964]
[1509354000, 5287, 5313.76, 5298, 5295.18, 93.48200419]
[1509350400, 5275, 5298.99, 5279.02, 5298, 79.38319644]
[1509346800, 5241, 5287.95, 5250, 5279.02, 84.89205295]
[1509343200, 5245, 5263.62, 5245.01, 5250, 29.71066085]
[1509339600, 5245, 5279.01, 5266.06, 5245, 27.06740786]
[1509336000, 5263.92, 5281, 5274, 5266.06, 5.7591859]
[1509332400, 5245.02, 5274, 5251.26, 5274, 11.72233146]
[1509328800, 5242.01, 5265, 5265, 5259.98, 11.68837113]
[1509325200, 5242, 5265, 5261.01, 5265, 30.39258627]
[1509321600, 5260.04, 5275, 5275, 5261.01, 29.50387301]
[1509318000, 5275, 5315, 5294.47, 5275.01, 60.63855558]
[1509314400, 5257.27, 5302.77, 5300.1, 5294.47, 94.30727007]
[1509310800, 5263, 5374.18, 5305.01, 5302.98, 217.13476488]
[1509307200, 5159.6, 5398.95, 5231.11, 5305.37, 588.3867357]
[1509303600, 5126.25, 5231.11, 5126.25, 5231.11, 202.50169863]
[1509300000, 5113, 5128.59, 5115.01, 5126.26, 44.63569331]
[1509296400, 5115, 5123, 5118.94, 5115.01, 47.77185183]
[1509292800, 5098.98, 5130, 5098.98, 5118.95, 134.80755793]
[1509289200, 5009.99, 5138.32, 5010, 5098.98, 191.9143789]
[1509285600, 5003.88, 5010, 5004.1, 5010, 37.93435309]
[1509282000, 5004.1, 5010, 5006, 5004.11, 32.86629266]
[1509278400, 5006, 5024.12, 5009.79, 5006.01, 30.90167493]
[1509274800, 5003.87, 5040.01, 5030, 5007.12, 73.99455664]
[1509271200, 5020, 5030, 5026.85, 5030, 16.12278572]
[1509267600, 5020.81, 5045.89, 5045.89, 5026.84, 57.35670714]
[1509264000, 5042, 5046, 5042.98, 5045.88, 23.7917121]
[1509260400, 5023, 5049, 5023, 5042.98, 66.97211875]
[1509256800, 5019.44, 5023, 5023, 5023, 8.78292532]
[1509253200, 5016.82, 5034.85, 5034.85, 5023, 8.67501563]
[1509249600, 5021.01, 5034.87, 5021.01, 5034.85, 6.78181691]
[1509246000, 5007.32, 5031, 5007.32, 5020.65, 5.70348224]
[1509242400, 5007.32, 5007.32, 5007.32, 5007.32, 0.095933]
[1509238800, 4980.32, 5010.29, 5007.32, 5002.82, 21.01678671]
[1509235200, 4990, 5017.32, 5007.34, 5007.31, 17.43749651]
[1509231600, 5007.34, 5030, 5020.66, 5007.34, 11.65924066]
[1509228000, 5004.09, 5030, 5004.1, 5020.09, 10.70751269]
[1509224400, 5000.75, 5019.65, 5012.7, 5004.1, 13.18680979]
[1509220800, 5000, 5031.7, 5030, 5012.69, 18.06669278]
[1509217200, 5016.71, 5030, 5019.14, 5030, 21.85476483]
[1509213600, 4998.13, 5019.15, 5006.03, 5019.15, 20.75082861]
[1509210000, 4985.4, 5006.83, 4995.01, 5006.03, 21.19868335]
[1509206400, 4981.7, 5004.78, 4989.51, 4995.01, 31.12179577]
