[1489046400, 1116.56, 1128, 1116.56, 1128, 33.34642844]
[1489042800, 1104.21, 1116.59, 1114.9, 1116.56, 47.49025117]
[1489039200, 1093.49, 1116.37, 1095.59, 1114.97, 49.81110084]
[1489035600, 1086.86, 1096.03, 1087.51, 1095.32, 21.24078712]
[1489032000, 1084.49, 1096.6, 1093.62, 1089.31, 29.02867753]
[1489028400, 1093.9, 1103.57, 1094.5, 1095.08, 13.52673735]
[1489024800, 1084.34, 1094.5, 1084.52, 1094.5, 25.08149891]
[1489021200, 1072.95, 1086.97, 1080, 1084.85, 16.36704126]
[1489017600, 1071.93, 1094.49, 1089.27, 1080.37, 45.70588714]
[1489014000, 1082.97, 1104.75, 1104.75, 1084.72, 47.20024511]
[1489010400, 1085.71, 1107.69, 1104.58, 1103.6, 78.78181842]
[1489006800, 1084.85, 1113.99, 1103.41, 1104.58, 121.18393597]
[1489003200, 1093, 1119.59, 1119.41, 1103.56, 204.99414429]
[1488999600, 1117.92, 1130.76, 1129.09, 1119.87, 35.23422554]
[1488996000, 1126.83, 1131.71, 1127.11, 1129.09, 20.76]
[1488992400, 1123.34, 1133.69, 1131.93, 1127.11, 38.6183731]
[1488988800, 1116.61, 1131.93, 1119.99, 1131.93, 69.22069743]
[1488985200, 1105.03, 1133.4, 1131.03, 1119.98, 72.06747605]
[1488981600, 1126.73, 1144.77, 1140, 1131.05, 60.25553987]
[1488978000, 1140, 1151.66, 1141.65, 1140, 30.20123839]
[1488974400, 1141.2, 1154.43, 1146.5, 1145.01, 58.50548459]
[1488970800, 1147, 1159.17, 1158.93, 1147, 56.40687435]
[1488967200, 1150.77, 1165, 1151.85, 1158.93, 45.98804792]
[1488963600, 1141.82, 1151.84, 1148.21, 1151.73, 48.94294615]
[1488960000, 1111.24, 1151.77, 1118.18, 1148.33, 74.31822912]
[1488956400, 1096.46, 1124, 1112.05, 1121.38, 78.85381362]
[1488952800, 1108.37, 1127, 1123.05, 1113.39, 35.77762014]
[1488949200, 1093.06, 1139.1, 1123.38, 1123.62, 137.23382082]
[1488945600, 1113.01, 1146.85, 1146.85, 1123.27, 71.34816962]
[1488942000, 1134.42, 1175.63, 1174.62, 1147.13, 39.30195431]
[1488938400, 1174.56, 1179.56, 1179.17, 1177.1, 3.81806643]
[1488934800, 1172.15, 1179.55, 1175.39, 1179.17, 11.09782989]
[1488931200, 1167.52, 1176.6, 1171.73, 1170.8, 16.8054]
[1488927600, 1164.27, 1174.2, 1164.27, 1171.73, 19.6255396]
[1488924000, 1160.9, 1186, 1182.97, 1164.27, 49.32829255]
[1488920400, 1176.91, 1183.02, 1177.98, 1182.97, 11.6239]
[1488916800, 1173.51, 1189.73, 1187.73, 1177.9, 65.62786173]
[1488913200, 1181, 1189.73, 1183.9, 1189.73, 22.14811948]
[1488909600, 1181.57, 1190.14, 1188.33, 1185.33, 28.02597437]
[1488906000, 1183.73, 1191.26, 1189.01, 1188.34, 20.60994584]
[1488902400, 1167.4, 1192.07, 1169.53, 1189.01, 50.1492457]
[1488898800, 1161.05, 1174.19, 1171.63, 1169.59, 55.78685621]
[1488895200, 1171.15, 1179.97, 1179.97, 1171.63, 56.15882132]
[1488891600, 1165.06, 1179.97, 1174.46, 1179.97, 66.96243012]
[1488888000, 1133.33, 1174.46, 1151.55, 1174.46, 123.92124651]
[1488884400, 1123.61, 1193.9, 1185.99, 1147.55, 206.04239428]
[1488880800, 1182.1, 1199.96, 1193.32, 1185.99, 83.84505178]
[1488877200, 1190.7, 1208.85, 1207.03, 1193.31, 63.49377467]
[1488873600, 1206.02, 1210.63, 1210.48, 1207.03, 36.0819383]
[1488870000, 1205.77, 1213.98, 1206.07, 1209.33, 18.09068237]
[1488866400, 1200, 1212.78, 1212.26, 1207.88, 12.13]
[1488862800, 1201.97, 1213.72, 1202.01, 1212.39, 30.10660733]
[1488859200, 1202.02, 1215.71, 1215.03, 1202.02, 6.13658404]
[1488855600, 1212.95, 1215.86, 1215.76, 1214.9, 2.43854518]
[1488852000, 1214.12, 1215.8, 1215.69, 1215.21, 10.38975643]
[1488848400, 1211.95, 1215.91, 1215.18, 1215.37, 6.419]
[1488844800, 1213.39, 1224.37, 1215.55, 1215.29, 134.66299909]
[1488841200, 1213.41, 1215.87, 1213.67, 1215.56, 6.463319]
[1488837600, 1208.02, 1213.86, 1209.35, 1213.67, 14.35363604]
[1488834000, 1208.56, 1214.09, 1212.24, 1209.36, 19.190712]
[1488830400, 1211.72, 1214.36, 1213.65, 1212.24, 15.55001575]
[1488826800, 1212.61, 1216.53, 1213.39, 1213.65, 40.42289139]
[1488823200, 1211, 1213.86, 1212.99, 1213.39, 29.28198333]
[1488819600, 1210.77, 1214.6, 1214.2, 1212.99, 29.8946289]
[1488816000, 1210.02, 1216.95, 1215.35, 1213.11, 34.9039]
[1488812400, 1213.18, 1217.16, 1217.01, 1215.44, 26.31333434]
[1488808800, 1209.62, 1217.02, 1215.15, 1217.02, 38.87680344]
[1488805200, 1205, 1219.75, 1215.89, 1215.16, 69.25216324]
[1488801600, 1214.06, 1216, 1214.37, 1215.7, 36.17476955]
[1488798000, 1211.28, 1217.02, 1215.09, 1214.38, 49.50727209]
[1488794400, 1212, 1216.5, 1214.7, 1214.5, 40.37484098]
[1488790800, 1204.77, 1217.56, 1214.75, 1214.88, 64.30542271]
[1488787200, 1206.59, 1215.76, 1206.6, 1214.75, 38.4723632]
[1488783600, 1202.23, 1207.87, 1202.25, 1206.74, 29.17527043]
[1488780000, 1195.14, 1205.78, 1200.71, 1202.71, 16.63566655]
[1488776400, 1199.57, 1202.62, 1201.07, 1200.91, 2.7615]
[1488772800, 1197.31, 1202.86, 1202.86, 1200.18, 5.15169379]
[1488769200, 1203.33, 1206.18, 1206.14, 1203.33, 1.06975337]
[1488765600, 1205.82, 1206.13, 1205.82, 1206.13, 1.87]
[1488762000, 1203.05, 1205.93, 1205.93, 1205.74, 2.24]
[1488758400, 1201.71, 1205.93, 1205.22, 1205.92, 1.46]
[1488754800, 1202.17, 1205.99, 1205.87, 1202.17, 9.04]
[1488751200, 1195, 1206.91, 1205.68, 1205.84, 27.61921125]
[1488747600, 1203.15, 1206.28, 1206.28, 1205.67, 8.5099977]
[1488744000, 1205.05, 1209.93, 1205.35, 1206.72, 13.41427371]
[1488740400, 1200.68, 1205.48, 1203.53, 1205.35, 9.13]
[1488736800, 1201.54, 1207.09, 1203.99, 1203.52, 30.13468158]
[1488733200, 1200.97, 1205.02, 1203.49, 1203.97, 14.32826]
[1488729600, 1198.18, 1203.5, 1202.36, 1203.5, 16.096]
[1488726000, 1198.48, 1202.84, 1198.48, 1202.46, 25.59707602]
[1488722400, 1190.74, 1198.49, 1191.45, 1198.49, 9.500727]
[1488718800, 1186.23, 1196, 1194.15, 1191.27, 10.96846863]
[1488715200, 1190.64, 1194.15, 1191.07, 1194.15, 10.74420049]
[1488711600, 1185.66, 1192.29, 1187.95, 1191.06, 12.12]
[1488708000, 1183.12, 1193.14, 1184.99, 1187.94, 13.13865331]
[1488704400, 1176.28, 1185, 1182.77, 1184.99, 11.82]
[1488700800, 1172.72, 1188.9, 1183.79, 1182.29, 29.29]
[1488697200, 1179, 1192.46, 1191.5, 1184.23, 16.99367306]
[1488693600, 1189.64, 1197.64, 1196.08, 1194.92, 6.67]
[1488690000, 1191.11, 1197.62, 1193.15, 1193.2, 2.9824369]
[1488686400, 1192.38, 1195.51, 1195.51, 1195.49, 1.3253]
[1488682800, 1197.14, 1201.95, 1201.94, 1198.91, 0.61]
[1488679200, 1197.49, 1202.05, 1200.83, 1200.3, 1.84949806]
[1488675600, 1194.25, 1201.29, 1199.95, 1200.59, 3.71399941]
[1488672000, 1197.58, 1200, 1199.79, 1200, 5.57]
[1488668400, 1193.2, 1200, 1199.99, 1199.99, 12.98]
[1488664800, 1187.36, 1200, 1189.22, 1199.9, 13.76850356]
[1488661200, 1183.85, 1194.08, 1189.54, 1190, 14.48028473]
[1488657600, 1186.28, 1195, 1194.34, 1188.87, 13.97]
[1488654000, 1187.15, 1195, 1194.99, 1194.76, 18.9]
[1488650400, 1181.82, 1195, 1189.61, 1194.99, 25.47442704]
[1488646800, 1181.51, 1194.92, 1190.7, 1189.61, 21.7]
[1488643200, 1158.97, 1197.99, 1186.17, 1191.51, 109.08932223]
[1488639600, 1184.28, 1205.99, 1205.25, 1186.1, 82.47326412]
[1488636000, 1200, 1215.83, 1215.56, 1205.23, 30.44644909]
[1488632400, 1202, 1215.59, 1209.32, 1215.56, 30.64]
[1488628800, 1204.94, 1218.45, 1217.98, 1209.5, 19.27118799]
[1488625200, 1215.9, 1220.85, 1220.84, 1217.5, 18.1]
[1488621600, 1217.78, 1220.83, 1220.75, 1220.83, 11.28105505]
[1488618000, 1216.03, 1222, 1218.09, 1220.65, 27.24129722]
[1488614400, 1215.45, 1219.11, 1217.51, 1218.08, 24.44]
[1488610800, 1215.5, 1219.54, 1219.54, 1216.99, 7.90597273]
[1488607200, 1218.87, 1220, 1219.75, 1219.55, 6.6454]
[1488603600, 1216.12, 1219.74, 1216.12, 1219.74, 5.3405]
[1488600000, 1215.8, 1216.12, 1215.8, 1216.12, 0.913]
[1488592800, 1215.22, 1219.43, 1219.43, 1215.8, 3.43166345]
[1488589200, 1217.16, 1220, 1217.71, 1219.63, 7.0622]
[1488585600, 1215.38, 1217.99, 1216, 1217.91, 7.58387408]
[1488582000, 1213.36, 1216, 1213.36, 1216, 8.674938]
[1488578400, 1207.68, 1213.41, 1211.94, 1213.36, 12.53370986]
[1488574800, 1206.31, 1211.97, 1208, 1211.91, 19.48925724]
[1488571200, 1202.24, 1208.81, 1208.08, 1207.98, 24.361]
[1488567600, 1200, 1214.22, 1211.44, 1208.65, 26.41790547]
[1488564000, 1206, 1216.17, 1214.99, 1212.93, 29.7211943]
[1488560400, 1206.01, 1217.84, 1216.4, 1214.99, 40.51610994]
[1488556800, 1212.07, 1222.6, 1217.6, 1215.67, 66.60802225]
[1488553200, 1215.62, 1223, 1220.65, 1217.5, 40.69110004]
[1488549600, 1201.42, 1222.23, 1217.65, 1220.66, 50.63238012]
[1488546000, 1209.69, 1234.15, 1233.07, 1217.65, 93.50768068]
[1488542400, 1222.02, 1234.15, 1225.08, 1233.71, 54.23305723]
[1488538800, 1220.11, 1227, 1222, 1226, 29.86849327]
[1488535200, 1220.11, 1234.99, 1225.21, 1222, 100.7629025]
[1488531600, 1218.9, 1235, 1219.31, 1224.32, 67.23392543]
[1488528000, 1211.67, 1224.95, 1213.82, 1218.93, 28.82446738]
[1488524400, 1192.39, 1219.06, 1205.63, 1214.56, 56.28030605]
[1488520800, 1195, 1214.1, 1205.12, 1210.09, 21.99355484]
[1488517200, 1196, 1213.67, 1205.18, 1206.26, 12.1438159]
[1488513600, 1200.69, 1214.98, 1211.88, 1209.95, 5.37488272]
[1488510000, 1201.25, 1220, 1219, 1211.92, 14.73043545]
[1488506400, 1212.59, 1220, 1212.59, 1219.35, 5.60770953]
[1488502800, 1201.41, 1217.76, 1205.55, 1216.27, 10.01056753]
[1488499200, 1198.45, 1210, 1205.57, 1209.55, 22.91270523]
[1488495600, 1195.29, 1205.99, 1201, 1200.62, 24.47470914]
[1488492000, 1192.01, 1207.99, 1206.49, 1200.86, 33.73325504]
[1488488400, 1192.02, 1215.43, 1212.05, 1206.91, 35.53278918]
[1488484800, 1199.22, 1216.99, 1214.77, 1212.26, 37.49576787]
[1488481200, 1206.05, 1214.96, 1208.16, 1209.53, 7.53]
[1488477600, 1199.22, 1236, 1225.17, 1212.94, 88.53910492]
[1488474000, 1196.3, 1236.4, 1199.99, 1226.38, 87.88520894]
[1488470400, 1191.42, 1200, 1198.84, 1199.95, 39.73159034]
[1488466800, 1180.02, 1200, 1181.36, 1198.54, 58.6903192]
[1488463200, 1176.39, 1181.37, 1179.1, 1180.35, 49.62743394]
[1488459600, 1173.86, 1180.33, 1176, 1178.69, 24.58197099]
[1488456000, 1172.51, 1176.01, 1174.45, 1176, 26.94328154]
[1488452400, 1167.99, 1175, 1172.69, 1175, 29.9689633]
[1488448800, 1163.88, 1175.19, 1175.18, 1172.62, 79.05251007]
[1488445200, 1169.95, 1175.19, 1172.6, 1175.18, 39.27456857]
[1488441600, 1167.6, 1173.47, 1171.06, 1172.73, 33.88159]
[1488438000, 1166.86, 1172.17, 1168.98, 1171.06, 32.73474343]
[1488434400, 1159.43, 1172.17, 1162.32, 1169.38, 12.182]
[1488430800, 1159.48, 1167.65, 1159.86, 1165.74, 3.96]
[1488427200, 1156.18, 1166.49, 1166.49, 1163.51, 9.35453898]
[1488423600, 1166.79, 1175.02, 1166.8, 1166.79, 14.722]
[1488420000, 1165.12, 1173.02, 1171.12, 1166.81, 4.1646]
[1488416400, 1165.1, 1174.73, 1166.09, 1170.37, 12.27711339]
[1488412800, 1162.15, 1168, 1165.63, 1167.47, 10.04]
[1488409200, 1160.02, 1166.5, 1166.06, 1166.5, 15.21811341]
[1488405600, 1160.49, 1166.73, 1164.52, 1164.96, 18.62899738]
[1488402000, 1151.5, 1165.85, 1164.6, 1163.65, 80.26343705]
[1488398400, 1163.29, 1167.58, 1166.38, 1164.74, 23.84807705]
[1488394800, 1161, 1166.38, 1163.21, 1166.38, 27.4695139]
[1488391200, 1160.99, 1164.57, 1161.82, 1163.47, 21.04742199]
[1488387600, 1159.69, 1165.12, 1159.7, 1165.09, 23.20008217]
[1488384000, 1156.1, 1160.26, 1156.21, 1159.69, 38.89459641]
[1488380400, 1156.09, 1166, 1163.19, 1156.09, 79.15306448]
[1488376800, 1154.1, 1163.22, 1159.99, 1161.03, 47.93085955]
[1488373200, 1146.02, 1161.1, 1146.59, 1160, 104.07940529]
[1488369600, 1138.23, 1150, 1142.38, 1148.42, 89.89500281]
[1488366000, 1136.81, 1142.65, 1136.82, 1142.37, 62.23401579]
[1488362400, 1134.65, 1139, 1135.76, 1136.82, 29.09427221]
[1488358800, 1131.26, 1139, 1135.99, 1135.32, 27.94125747]
[1488355200, 1130.61, 1139, 1131.6, 1135.99, 57.3869274]
[1488351600, 1130.01, 1148.97, 1137.9, 1130.64, 42.96574112]
[1488348000, 1131.98, 1179.21, 1134.33, 1138.02, 36.11676612]
[1488344400, 1128.27, 1145, 1132.5, 1134.56, 23.5026509]
[1488340800, 1124, 1158.16, 1124.36, 1132.35, 5.503969]
[1488337200, 1122.94, 1126.16, 1123.99, 1123.87, 1.66]
[1488333600, 1122.99, 1123.35, 1123.34, 1122.99, 0.310335]
