[1491926400, 1149.99, 1159.17, 1150, 1159.17, 39.1757]
[1491922800, 1146, 1150, 1149.66, 1149.99, 50.67244817]
[1491919200, 1145.79, 1150, 1147.25, 1149.69, 23.19862525]
[1491915600, 1145.05, 1149.79, 1146.71, 1147.94, 35.36588742]
[1491912000, 1143.17, 1149.98, 1146.16, 1147.4, 46.71346869]
[1491908400, 1143.02, 1148, 1143.29, 1145.99, 33.97864435]
[1491904800, 1140.05, 1144.27, 1140.99, 1144.27, 23.47962099]
[1491901200, 1138.01, 1142, 1140.76, 1140.99, 22.91842547]
[1491897600, 1137.9, 1142, 1141.5, 1138.05, 23.68407047]
[1491894000, 1137.03, 1143.5, 1142.72, 1141.49, 45.54449883]
[1491890400, 1136, 1142.72, 1138.01, 1142.72, 22.07976978]
[1491886800, 1136, 1143.78, 1136.7, 1136.63, 18.23748567]
[1491883200, 1137.27, 1137.73, 1137.73, 1137.27, 1.53]
[1491879600, 1137.54, 1142.74, 1142.74, 1137.86, 10.42454469]
[1491876000, 1142.66, 1143.71, 1143.16, 1142.74, 2.32320567]
[1491872400, 1141.73, 1143.16, 1141.73, 1143.15, 3.122054]
[1491868800, 1141.67, 1141.82, 1141.67, 1141.73, 3.17285255]
[1491865200, 1139.45, 1141.84, 1140.08, 1141.84, 5.05746161]
[1491861600, 1135.01, 1140.13, 1135.57, 1140.13, 14.03569999]
[1491858000, 1135.01, 1138.06, 1137.52, 1135.29, 34.04590183]
[1491854400, 1135.01, 1142.92, 1142.14, 1137.8, 37.83606121]
[1491850800, 1140.01, 1144.99, 1141.77, 1141.73, 26.61324334]
[1491847200, 1140, 1145.4, 1144.61, 1141.93, 23.25011827]
[1491843600, 1142.67, 1145.43, 1145.22, 1144.98, 16.34424604]
[1491840000, 1144.01, 1145.51, 1145.01, 1145.29, 27.24897197]
[1491836400, 1144.5, 1148.47, 1147.35, 1145.01, 22.49384498]
[1491832800, 1145, 1148.77, 1147.33, 1148.6, 35.02961407]
[1491829200, 1145.17, 1148.19, 1148.08, 1147.69, 47.99388894]
[1491825600, 1147.03, 1149.46, 1148.72, 1148.13, 18.1702081]
[1491822000, 1147.67, 1150, 1147.99, 1148.89, 27.86639001]
[1491818400, 1147.2, 1149.96, 1147.43, 1147.82, 28.65533159]
[1491814800, 1142.15, 1150, 1142.99, 1149.05, 38.67637387]
[1491811200, 1135.5, 1143, 1138.9, 1143, 33.30065907]
[1491807600, 1135.65, 1142.62, 1141.98, 1137.28, 19.44498597]
[1491804000, 1139.72, 1144.61, 1142.16, 1142, 23.66602285]
[1491800400, 1140.87, 1145.67, 1144.66, 1142.26, 12.46465088]
[1491796800, 1144.77, 1146.26, 1145.9, 1145.12, 1.19]
[1491793200, 1143.73, 1146.18, 1145.97, 1145.75, 2.5303851]
[1491789600, 1141.89, 1146.96, 1141.89, 1146.11, 6.49864319]
[1491786000, 1140, 1144.57, 1142.08, 1144.57, 15.54641601]
[1491782400, 1142.05, 1144.39, 1142.73, 1142.05, 16.08472193]
[1491778800, 1142.06, 1145.94, 1142.08, 1142.83, 6.93449921]
[1491775200, 1141.95, 1144.56, 1142.92, 1143.86, 4.80532651]
[1491771600, 1140.01, 1144.74, 1140.16, 1144.55, 25.25901102]
[1491768000, 1140.54, 1147.98, 1146.73, 1144.68, 25.73064646]
[1491764400, 1137.21, 1147, 1140.11, 1146.98, 30.6078122]
[1491760800, 1137.56, 1145, 1141.99, 1137.56, 39.55377818]
[1491757200, 1135.24, 1144.98, 1138.43, 1142, 27.56753881]
[1491753600, 1125.66, 1147, 1130, 1138.42, 56.76628427]
[1491750000, 1123.24, 1130, 1124.37, 1130, 27.45820154]
[1491746400, 1122.86, 1124.46, 1123.97, 1124.04, 10.10766808]
[1491742800, 1118.92, 1124.02, 1121.13, 1124, 6.67953599]
[1491739200, 1112.99, 1123.89, 1113, 1119.78, 25.15434168]
[1491735600, 1111.01, 1114.67, 1114.67, 1112.83, 11.32665602]
[1491732000, 1111.45, 1115.92, 1115.92, 1114.76, 7.64037986]
[1491728400, 1115.02, 1120.47, 1117.4, 1115.91, 11.92216932]
[1491724800, 1115.87, 1120.54, 1120.54, 1117.4, 15.52796209]
[1491721200, 1118.21, 1123.5, 1123.1, 1120.53, 17.25363399]
[1491717600, 1118.75, 1124.83, 1123.75, 1122.21, 15.23]
[1491714000, 1122.55, 1124.94, 1124.43, 1123.76, 6.12868927]
[1491710400, 1121.75, 1124.99, 1121.75, 1123.5, 1.76]
[1491706800, 1121.46, 1122.15, 1121.7, 1121.78, 0.84833]
[1491703200, 1120.5, 1122.29, 1120.5, 1121.89, 1.59222452]
[1491699600, 1120.33, 1121.69, 1121.66, 1120.51, 1.90253522]
[1491696000, 1118.93, 1122.59, 1118.93, 1121.69, 1.63072667]
[1491692400, 1115.35, 1119.08, 1115.35, 1118.92, 6.30892768]
[1491688800, 1113.5, 1115.63, 1114.79, 1114.67, 6.18327]
[1491685200, 1113.38, 1116.69, 1116.04, 1114.8, 13.21820798]
[1491681600, 1114.98, 1119.36, 1117.75, 1116.06, 13.73891675]
[1491678000, 1110.41, 1118.54, 1112.34, 1115.82, 30.2247228]
[1491674400, 1112.33, 1122.51, 1122.51, 1112.34, 46.16738177]
[1491670800, 1122.5, 1123.38, 1123.29, 1122.51, 8.42440709]
[1491667200, 1122.51, 1123.42, 1122.71, 1122.9, 12.68809]
[1491663600, 1122.5, 1124.17, 1124.17, 1122.58, 8.79416059]
[1491660000, 1122.5, 1124.83, 1124.14, 1124.18, 20.86415944]
[1491656400, 1122.01, 1125.96, 1125.94, 1125.15, 14.66373623]
[1491652800, 1123.37, 1126.1, 1125.52, 1125.93, 9.79395785]
[1491649200, 1120.66, 1125.71, 1120.79, 1125.52, 13.28399395]
[1491645600, 1120.35, 1129.51, 1129.12, 1120.96, 37.31815672]
[1491642000, 1126.6, 1129.76, 1129.25, 1129.13, 27.25346494]
[1491638400, 1125.02, 1130, 1126.31, 1128.79, 45.51504323]
[1491634800, 1124.94, 1127.17, 1125.12, 1126.39, 24.95689409]
[1491631200, 1125.05, 1129.01, 1128.96, 1125.05, 10.35579065]
[1491627600, 1126.99, 1129, 1126.99, 1128.97, 6.29671678]
[1491624000, 1126.83, 1127, 1127, 1127, 1.43037]
[1491620400, 1125.66, 1127, 1125.66, 1127, 1.70810244]
[1491616800, 1124.52, 1126, 1124.52, 1125.99, 1.74933188]
[1491613200, 1119.02, 1125.28, 1121.44, 1124.53, 6.98926941]
[1491609600, 1120, 1126, 1125.99, 1121.42, 6.88568346]
[1491606000, 1122.63, 1126, 1125.68, 1125.99, 8.48089245]
[1491602400, 1122.69, 1128.98, 1128.98, 1125.99, 38.33057807]
[1491598800, 1125.52, 1133, 1131.32, 1129.24, 23.60008905]
[1491595200, 1124.44, 1133.79, 1132.74, 1131.78, 59.07885826]
[1491591600, 1128.01, 1132.87, 1128.72, 1132.01, 27.69169811]
[1491588000, 1124.77, 1131.1, 1128.29, 1130.73, 43.99063679]
[1491584400, 1126, 1131.16, 1127.56, 1127.87, 41.03507157]
[1491580800, 1124, 1129.8, 1129.77, 1127.99, 22.67858588]
[1491577200, 1124.32, 1130, 1124.32, 1129.79, 29.43947548]
[1491573600, 1123.51, 1125.65, 1124.01, 1125.01, 20.60107741]
[1491570000, 1122.19, 1124.7, 1124.61, 1123.65, 23.41426513]
[1491566400, 1120.84, 1125.49, 1124.97, 1123.76, 27.16058429]
[1491562800, 1120.9, 1125.2, 1124.91, 1124.99, 20.7556864]
[1491559200, 1116.12, 1127.95, 1126.04, 1124.92, 41.00115166]
[1491555600, 1125.12, 1126.05, 1126.04, 1125.12, 22.84842331]
[1491552000, 1123.22, 1130.43, 1123.57, 1126.02, 74.88352956]
[1491548400, 1111.1, 1123.79, 1111.62, 1122.11, 28.73481836]
[1491544800, 1106.96, 1114.79, 1113.52, 1111.62, 41.40755851]
[1491541200, 1112.24, 1117.61, 1114.85, 1114.1, 11.99030895]
[1491537600, 1106.4, 1114.86, 1108.09, 1114.86, 4.80173444]
[1491534000, 1105, 1123.9, 1123.9, 1105.03, 19.36802501]
[1491530400, 1123.9, 1126.37, 1125.57, 1123.9, 11.16054707]
[1491526800, 1115, 1125.64, 1117.25, 1125.57, 8.38812]
[1491523200, 1116.87, 1125.17, 1124.34, 1117.57, 6.25836833]
[1491519600, 1122.52, 1126.35, 1124.05, 1125.31, 20.19333158]
[1491516000, 1115.44, 1132.39, 1123.97, 1124.05, 54.68909652]
[1491512400, 1111.82, 1129.97, 1121.25, 1123.66, 71.46715621]
[1491508800, 1111.18, 1122.99, 1114.58, 1122.94, 73.68694743]
[1491505200, 1108.3, 1118.52, 1113.28, 1114.68, 45.12898786]
[1491501600, 1104.22, 1119, 1104.3, 1113.37, 34.84511977]
[1491498000, 1101.17, 1107.28, 1101.88, 1104.75, 36.95160456]
[1491494400, 1096.36, 1105, 1101.19, 1101.88, 34.27066795]
[1491490800, 1098, 1101.85, 1098.06, 1101.18, 21.2361845]
[1491487200, 1090.58, 1098.07, 1092.9, 1098.06, 36.54316842]
[1491483600, 1088.65, 1099.99, 1098.5, 1091.88, 49.38331575]
[1491480000, 1089.48, 1106.84, 1102.98, 1098.5, 74.26501879]
[1491476400, 1093.9, 1105.17, 1093.9, 1102.99, 63.48911022]
[1491472800, 1087.15, 1094, 1089.98, 1093.9, 36.62]
[1491469200, 1086.51, 1090.99, 1089.59, 1089.97, 39.59731009]
[1491465600, 1086.52, 1090.99, 1087.46, 1090.99, 21.77156782]
[1491462000, 1083.72, 1087.98, 1085.38, 1086.79, 33.40547675]
[1491458400, 1079.81, 1085.4, 1079.83, 1085.39, 27.55550324]
[1491454800, 1079.82, 1085.71, 1085.21, 1079.82, 27.64355411]
[1491451200, 1074.98, 1085.44, 1074.98, 1085.34, 22.82797329]
[1491447600, 1070.89, 1075, 1074.37, 1074.5, 18.49761782]
[1491444000, 1069.41, 1075, 1069.41, 1074.37, 16.49648798]
[1491440400, 1067.41, 1069.44, 1069.39, 1069.43, 3.03631053]
[1491436800, 1061.97, 1074.94, 1061.97, 1069.4, 43.85802786]
[1491433200, 1058.24, 1061.98, 1059.92, 1061.98, 8.20792364]
[1491429600, 1050, 1063, 1063, 1059.94, 49.03847934]
[1491426000, 1058.67, 1063.77, 1061.77, 1063, 20.94031931]
[1491422400, 1058.25, 1065.83, 1063.01, 1061.85, 40.54949114]
[1491418800, 1058.5, 1067, 1062.9, 1063.5, 42.88681838]
[1491415200, 1056, 1066.55, 1059.97, 1062.9, 35.4351388]
[1491411600, 1055.49, 1063, 1055.49, 1059.52, 28.93592031]
[1491408000, 1055, 1058, 1055.51, 1056.63, 36.4851138]
[1491404400, 1055.25, 1061.31, 1061.2, 1055.51, 33.3149571]
[1491400800, 1058.63, 1064.54, 1060.09, 1060.39, 49.33586122]
[1491397200, 1057.43, 1065.68, 1065.64, 1060.12, 34.98720872]
[1491393600, 1055.99, 1065.71, 1058.98, 1065.65, 32.39338171]
[1491390000, 1052.37, 1059, 1057, 1058.97, 33.42525506]
[1491386400, 1051.73, 1062.36, 1056.29, 1057, 55.46140609]
[1491382800, 1047.77, 1058.43, 1050.89, 1056.27, 70.00091166]
[1491379200, 1050, 1061.67, 1060.71, 1052.95, 61.28553222]
[1491375600, 1060.64, 1069, 1067.59, 1060.64, 30.12296154]
[1491372000, 1066.6, 1070.61, 1067.83, 1069.44, 15.37]
[1491368400, 1063.59, 1070.31, 1068.37, 1066.67, 11.42]
[1491364800, 1065.86, 1072.1, 1065.86, 1069.23, 5.11648151]
[1491361200, 1065.85, 1070.07, 1067.14, 1065.86, 0.85890567]
[1491357600, 1065.5, 1075.4, 1075.12, 1067.22, 16.03476374]
[1491354000, 1074.41, 1075.96, 1075.67, 1074.41, 3.081]
[1491350400, 1073.7, 1075.95, 1075.92, 1075.67, 3.73371003]
[1491346800, 1071.75, 1076.46, 1071.75, 1075.91, 7.19846543]
[1491343200, 1069.17, 1074.12, 1072.1, 1071.74, 8.38]
[1491339600, 1064.54, 1074.65, 1072.87, 1072.1, 22.94095955]
[1491336000, 1069.04, 1078.29, 1072.7, 1072.11, 53.51568393]
[1491332400, 1063.66, 1073.21, 1072.26, 1072.72, 27.18472531]
[1491328800, 1070.28, 1075, 1070.28, 1072.26, 19.99445912]
[1491325200, 1061.01, 1075.76, 1062.01, 1071.22, 23.39220654]
[1491321600, 1061.81, 1073.33, 1068.13, 1062.01, 37.74781021]
[1491318000, 1060.88, 1072.93, 1067.51, 1066.61, 146.73891081]
[1491314400, 1067.51, 1079.83, 1078.72, 1067.51, 101.99446105]
[1491310800, 1074.46, 1081.98, 1075.48, 1078.84, 49.28931615]
[1491307200, 1074.45, 1085.59, 1078.6, 1074.46, 45.23071952]
[1491303600, 1075.23, 1088.4, 1088.18, 1077, 78.4741459]
[1491300000, 1084.62, 1088.18, 1085, 1088.18, 42.35498349]
[1491296400, 1085, 1087.49, 1085.91, 1085.2, 47.21415374]
[1491292800, 1080.17, 1087.49, 1080.74, 1086, 64.51737317]
[1491289200, 1078.02, 1080.9, 1079.24, 1080.52, 33.0718801]
[1491285600, 1075.49, 1079.99, 1077.59, 1079.24, 36.24883208]
[1491282000, 1074.51, 1078.64, 1077.79, 1078.44, 24.83741141]
[1491278400, 1074.26, 1079.18, 1075.64, 1076.6, 5.72635921]
[1491274800, 1071.67, 1076.73, 1074.05, 1075.46, 5.1532945]
[1491271200, 1066.44, 1073.22, 1072.51, 1073.21, 3.07988113]
[1491267600, 1071.72, 1080.42, 1076.52, 1072.89, 11.73335248]
[1491264000, 1067.14, 1084.92, 1080.43, 1080.17, 76.57053137]
[1491260400, 1068.96, 1087.87, 1083, 1080.81, 38.0647166]
[1491256800, 1083, 1089, 1085.69, 1083, 23.3832005]
[1491253200, 1080.5, 1085.69, 1080.7, 1085.69, 50.55172972]
[1491249600, 1072.5, 1082.2, 1080.6, 1080, 60.4127026]
[1491246000, 1072, 1082.27, 1074.91, 1080.53, 41.48724238]
[1491242400, 1068.95, 1075.46, 1072.63, 1075.05, 54.08562313]
[1491238800, 1068.57, 1076.21, 1075.1, 1071.87, 36.29388616]
[1491235200, 1069.5, 1076.21, 1069.5, 1075.08, 48.34622334]
[1491231600, 1065.43, 1071.32, 1065.79, 1069.5, 27.53715941]
[1491228000, 1062.73, 1067.11, 1064.87, 1065.89, 38.20966824]
[1491224400, 1061.13, 1068.45, 1064.48, 1064.88, 78.67904845]
[1491220800, 1061.97, 1070, 1067.98, 1064.48, 48.23030721]
[1491217200, 1054.56, 1069.99, 1062.89, 1067.99, 48.73548648]
[1491213600, 1057.28, 1067.04, 1064.71, 1063.83, 44.36927843]
[1491210000, 1055.92, 1067.82, 1062.57, 1066.96, 48.17776438]
[1491206400, 1053.33, 1070, 1067.44, 1066.62, 64.68877308]
