[1489766400, 1076.22, 1086.25, 1082.44, 1077.39, 113.89611531]
[1489762800, 1075.13, 1100, 1091.99, 1081.75, 69.10743119]
[1489759200, 1072.06, 1092.43, 1074.07, 1091.99, 55.11325981]
[1489755600, 1074, 1079, 1076.03, 1077.17, 49.61772353]
[1489752000, 1066.38, 1077.99, 1073.52, 1075.99, 77.58517866]
[1489748400, 1048.78, 1077.25, 1053.01, 1076.44, 61.21454622]
[1489744800, 1027.34, 1053.02, 1039.97, 1053.01, 100.42604064]
[1489741200, 1011.23, 1039.99, 1028.52, 1038.11, 141.7595337]
[1489737600, 1016.02, 1051.34, 1029.53, 1028.2, 272.27757472]
[1489734000, 1016.11, 1041.65, 1027.07, 1030.45, 162.33920623]
[1489730400, 1015, 1063, 1062.27, 1027.75, 263.95337388]
[1489726800, 1042.53, 1072.06, 1050.71, 1063, 66.6052768]
[1489723200, 1033.26, 1057.99, 1039.31, 1050.73, 17.44548405]
[1489719600, 1015.01, 1063.51, 1056.31, 1040, 29.37164852]
[1489716000, 1047.83, 1073.77, 1073.76, 1052.92, 74.8608821]
[1489712400, 1064.12, 1086.96, 1082.45, 1080.21, 25.24341653]
[1489708800, 1076.18, 1095.92, 1095.92, 1082.46, 17.20971606]
[1489705200, 1088.42, 1102.25, 1091.88, 1096.08, 55.44085429]
[1489701600, 1069.22, 1095, 1090.09, 1091.83, 89.59241385]
[1489698000, 1042.48, 1095, 1077.11, 1090.1, 252.16597867]
[1489694400, 1065.02, 1110.61, 1102.91, 1077.18, 206.86519752]
[1489690800, 1090.62, 1137.45, 1137.44, 1099.91, 256.31308555]
[1489687200, 1134, 1142, 1138, 1138.32, 44.72849871]
[1489683600, 1130.02, 1139.92, 1137.5, 1138, 36.9363203]
[1489680000, 1129.63, 1141, 1140.99, 1137.5, 59.82395112]
[1489676400, 1140.97, 1143.81, 1142.59, 1141, 62.06094365]
[1489672800, 1142, 1146.4, 1144, 1142.6, 67.62609834]
[1489669200, 1143.84, 1146.22, 1144.34, 1143.85, 45.87833924]
[1489665600, 1144.34, 1153.99, 1148.12, 1144.34, 70.41866733]
[1489662000, 1144.72, 1155, 1151.08, 1147.65, 109.54907673]
[1489658400, 1142, 1154.15, 1144.43, 1151.58, 68.01325331]
[1489654800, 1142, 1151.65, 1151.47, 1144.61, 46.62637245]
[1489651200, 1149.31, 1158.56, 1155.56, 1150.61, 87.62388124]
[1489647600, 1154.91, 1168.88, 1157.8, 1158.96, 122.32930147]
[1489644000, 1142, 1159, 1151.75, 1158.22, 51.97555485]
[1489640400, 1142, 1165.57, 1164.88, 1150.43, 43.02900393]
[1489636800, 1160.51, 1168.58, 1166.96, 1165.24, 31.65783283]
[1489633200, 1165.21, 1176.78, 1176.19, 1166.79, 14.0081102]
[1489629600, 1171.16, 1184.5, 1177.66, 1175.58, 12.51895517]
[1489626000, 1171.92, 1184.49, 1174.58, 1178.04, 45.22365226]
[1489622400, 1170, 1176.08, 1173.98, 1171.7, 34.0166322]
[1489618800, 1170.43, 1174.52, 1174.16, 1174, 18.3]
[1489615200, 1170.18, 1175.2, 1172.65, 1175.03, 15.8728772]
[1489611600, 1169.03, 1174.83, 1172.65, 1173.74, 45.38]
[1489608000, 1167.74, 1174.17, 1172.1, 1171.9, 54.51083538]
[1489604400, 1169.01, 1177.91, 1177.46, 1172.11, 65.27334188]
[1489600800, 1171.51, 1183.5, 1182.82, 1177.99, 71.26558158]
[1489597200, 1180.18, 1184.8, 1181.07, 1181.94, 69.45648466]
[1489593600, 1172.13, 1184.66, 1184.66, 1181.83, 35.33247734]
[1489590000, 1184.2, 1186.38, 1185, 1184.74, 21.63]
[1489586400, 1184.2, 1186.5, 1186.47, 1185, 42.32901483]
[1489582800, 1181.51, 1187.21, 1186.21, 1185.4, 43.45654394]
[1489579200, 1180.6, 1187.02, 1183.07, 1186.99, 56.03857418]
[1489575600, 1180.1, 1187, 1183.19, 1183.07, 60.32917248]
[1489572000, 1179.95, 1185.47, 1181.26, 1183.19, 29.29051115]
[1489568400, 1179.7, 1186.49, 1185.28, 1179.7, 32.8052944]
[1489564800, 1181.01, 1187.1, 1183.91, 1185.24, 45.01654727]
[1489561200, 1180.08, 1185, 1183.39, 1183.92, 28.70909073]
[1489557600, 1180.25, 1184, 1182.98, 1183.4, 8.819]
[1489554000, 1179.93, 1182.99, 1180.22, 1182.99, 6.329]
[1489550400, 1178.44, 1180.96, 1178.44, 1180.94, 4.83396668]
[1489546800, 1178.53, 1180.53, 1180.42, 1180.14, 1.32]
[1489543200, 1177.65, 1180.31, 1180.31, 1180.01, 0.899208]
[1489539600, 1175.14, 1180.1, 1177.86, 1179.24, 2.56]
[1489536000, 1176.35, 1181.03, 1179.34, 1179.48, 3.06]
[1489532400, 1177.34, 1182.23, 1178.78, 1177.34, 7.23234365]
[1489528800, 1173.71, 1181.95, 1181.43, 1178.68, 41.03875553]
[1489525200, 1180.37, 1183.3, 1182.33, 1181.29, 10.47]
[1489521600, 1176.1, 1182.5, 1179.61, 1182.5, 24.85277334]
[1489518000, 1171.28, 1180.93, 1176.08, 1179.17, 42.17241659]
[1489514400, 1175.22, 1185, 1182.13, 1176.08, 71.21379008]
[1489510800, 1180.4, 1184.71, 1184.71, 1182.13, 20.96100528]
[1489507200, 1180.49, 1185, 1183.65, 1184.73, 29.01586379]
[1489503600, 1183.12, 1188.31, 1184.92, 1183.12, 44.94116037]
[1489500000, 1174.28, 1186, 1174.89, 1186, 34.0170257]
[1489496400, 1172, 1177.07, 1173.53, 1174.89, 40.9950228]
[1489492800, 1166, 1175, 1172.02, 1173.99, 63.87526405]
[1489489200, 1166.01, 1174, 1166.8, 1171.29, 29.60420007]
[1489485600, 1162.91, 1172.3, 1166.26, 1167.25, 68.50039145]
[1489482000, 1161.46, 1169.89, 1169.89, 1166.96, 63.03250768]
[1489478400, 1160.58, 1170.5, 1160.6, 1169.88, 32.5773909]
[1489474800, 1160, 1165.4, 1164.01, 1161.64, 77.30242902]
[1489471200, 1164, 1169.05, 1167.3, 1164, 20.48938201]
[1489467600, 1166.52, 1175.94, 1169.25, 1169.7, 15.08219]
[1489464000, 1167.36, 1176.75, 1176.75, 1167.47, 13.78168888]
[1489460400, 1175.43, 1178.04, 1175.86, 1176.43, 4.9921]
[1489456800, 1173.85, 1178.47, 1174.69, 1174.69, 2.96646435]
[1489453200, 1167.18, 1177.19, 1175.48, 1174.7, 10.341]
[1489449600, 1168.39, 1175.92, 1175.03, 1175.48, 5.693197]
[1489446000, 1169.99, 1175.92, 1172.59, 1175.89, 25.36328493]
[1489442400, 1164, 1173.96, 1170.99, 1170.72, 33.32210964]
[1489438800, 1159, 1174.69, 1169.84, 1170.99, 47.28105671]
[1489435200, 1161.34, 1174.69, 1163.15, 1171.66, 64.50227145]
[1489431600, 1158.08, 1171.64, 1166.84, 1164.68, 80.99746492]
[1489428000, 1158.06, 1168.9, 1163.31, 1166.87, 58.81198243]
[1489424400, 1159.01, 1168.39, 1162.74, 1163.2, 43.34278325]
[1489420800, 1159.01, 1168.1, 1164.33, 1163.55, 31.08650548]
[1489417200, 1147.07, 1165.95, 1160.05, 1164.58, 60.71484978]
[1489413600, 1157.03, 1170.13, 1169.23, 1158.02, 42.35159257]
[1489410000, 1165.94, 1176.11, 1172.01, 1169.33, 37.80773143]
[1489406400, 1158.3, 1173.84, 1159.21, 1172.04, 39.69242512]
[1489402800, 1155.46, 1159.8, 1156.48, 1157.11, 34.11257838]
[1489399200, 1145.64, 1157, 1148.89, 1155.46, 27.57326658]
[1489395600, 1148, 1157, 1155.5, 1148, 32.20979454]
[1489392000, 1144.35, 1157, 1146.99, 1155, 27.27669956]
[1489388400, 1140, 1158.79, 1149.93, 1147.36, 43.71898604]
[1489384800, 1138.26, 1155.65, 1151.01, 1149.9, 31.24685238]
[1489381200, 1151, 1173.93, 1170.97, 1151, 35.5493225]
[1489377600, 1161, 1175.73, 1161, 1170.82, 23.66456693]
[1489374000, 1156.1, 1161, 1156.24, 1161, 12.83872907]
[1489370400, 1155, 1159.95, 1156.53, 1157.03, 4.53]
[1489366800, 1155.24, 1159, 1158.4, 1155.24, 1.9]
[1489363200, 1155, 1159.97, 1159.94, 1155.99, 17.590142]
[1489359600, 1157.09, 1160, 1157.77, 1157.09, 41.43]
[1489356000, 1156.02, 1160.87, 1158.72, 1159.99, 15.81032176]
[1489352400, 1156, 1160.98, 1158.03, 1157.02, 27.7389012]
[1489348800, 1156.1, 1161, 1160, 1157.11, 34.7120664]
[1489345200, 1156.4, 1161.89, 1158.49, 1160, 17.75796857]
[1489341600, 1150.48, 1158.99, 1158.97, 1158.5, 21.42798138]
[1489338000, 1150, 1159.73, 1158.49, 1157.99, 37.88102382]
[1489334400, 1149, 1161.01, 1149, 1159.51, 32.4627792]
[1489330800, 1133.54, 1149.79, 1135.98, 1149, 60.26102516]
[1489327200, 1119.22, 1136, 1119.24, 1135.98, 19.27214884]
[1489323600, 1118.95, 1126.83, 1122.23, 1118.95, 20.97758939]
[1489320000, 1116.75, 1125.73, 1119.96, 1121.98, 28.798857]
[1489316400, 1116.75, 1120.67, 1118.37, 1120.67, 9.2]
[1489312800, 1113, 1122.11, 1115.59, 1118.25, 28.38774921]
[1489309200, 1113, 1119.07, 1116.23, 1119.07, 24.03107048]
[1489305600, 1111.82, 1116.71, 1114.75, 1115.58, 19.53]
[1489302000, 1110.85, 1115, 1112.77, 1113.07, 10.53124214]
[1489298400, 1108.02, 1114.61, 1110.11, 1112.77, 5.69]
[1489294800, 1105.67, 1115.09, 1115.09, 1108.04, 19.86636656]
[1489291200, 1112.09, 1122.81, 1112.11, 1115.38, 23.0567613]
[1489287600, 1109.47, 1115, 1109.48, 1112.44, 2.62]
[1489284000, 1109.93, 1115, 1114.32, 1113.72, 6.02599052]
[1489280400, 1109.28, 1114.4, 1109.28, 1113.93, 5.23]
[1489276800, 1105.28, 1114.36, 1110.04, 1110.41, 8.74451346]
[1489273200, 1105.99, 1112.35, 1107.81, 1111.48, 17.19725457]
[1489269600, 1098.25, 1111.45, 1098.74, 1107.81, 15.51499737]
[1489266000, 1090.5, 1108.21, 1105.64, 1100, 28.49885632]
[1489262400, 1100, 1110.02, 1110.02, 1106.99, 19.86893073]
[1489258800, 1104.9, 1115.72, 1108.52, 1110.37, 14.89572765]
[1489255200, 1101, 1123.51, 1119.87, 1110.81, 80.1167966]
[1489251600, 1115.08, 1124.02, 1120.24, 1121.07, 29.65]
[1489248000, 1116.33, 1122.6, 1122.54, 1120.48, 13.27873614]
[1489244400, 1115.73, 1127.25, 1127.02, 1122.79, 32.51654673]
[1489240800, 1125.23, 1133.11, 1133.11, 1127.04, 28.65954083]
[1489237200, 1127.11, 1134.68, 1129.4, 1133.1, 9.777]
[1489233600, 1124.9, 1134.99, 1127.08, 1129.25, 25.24311044]
[1489230000, 1125.01, 1135.92, 1130.33, 1127.73, 69.65436642]
[1489226400, 1120.71, 1135.92, 1128.06, 1130.33, 60.75508148]
[1489222800, 1120, 1145.41, 1144.44, 1128.06, 72.54144967]
[1489219200, 1115.55, 1148, 1125.48, 1144.46, 76.28110377]
[1489215600, 1095.39, 1128.34, 1098.62, 1128.34, 75.64029943]
[1489212000, 1085.99, 1100, 1091.51, 1099.52, 39.70598831]
[1489208400, 1084, 1099.51, 1088.05, 1091.41, 31.1268621]
[1489204800, 1081.26, 1091.56, 1081.28, 1087.86, 14.68768313]
[1489201200, 1069.03, 1092.42, 1069.03, 1081.09, 45.5873387]
[1489197600, 1062.33, 1086.87, 1082.52, 1068.97, 38.34218622]
[1489194000, 1055.91, 1082.7, 1061.45, 1082.7, 38.79773748]
[1489190400, 1038.64, 1066.29, 1044.7, 1061.45, 73.17580471]
[1489186800, 1000.74, 1045, 1024.1, 1044.71, 199.070131]
[1489183200, 1017.09, 1057.82, 1037.77, 1024.1, 454.24259022]
[1489179600, 920, 1350, 1202.25, 1037.96, 615.13366485]
[1489176000, 1189.01, 1218.95, 1189.16, 1202.3, 82.78053256]
[1489172400, 1166.62, 1190.17, 1178.19, 1189.97, 46.28225499]
[1489168800, 1165.02, 1184.79, 1183.94, 1178.19, 74.01336447]
[1489165200, 1177, 1185.81, 1177.77, 1184.87, 58.03955784]
[1489161600, 1165.02, 1187.74, 1169.98, 1177.78, 56.03910719]
[1489158000, 1158.67, 1190.01, 1190.01, 1169.97, 90.2957459]
[1489154400, 1190.01, 1226.24, 1195.57, 1190.17, 120.12223107]
[1489150800, 1140, 1275, 1140, 1195.58, 313.66375573]
[1489147200, 1135.66, 1145, 1135.66, 1140.2, 45.48129517]
[1489143600, 1134.29, 1142.9, 1135.15, 1134.85, 41.14303831]
[1489140000, 1128.02, 1135.15, 1133.98, 1135.15, 24.58855416]
[1489136400, 1122.42, 1135.8, 1125.74, 1134.55, 57.9981565]
[1489132800, 1121.94, 1134.73, 1126.61, 1126.91, 60.10619238]
[1489129200, 1122, 1131.72, 1127.84, 1128.85, 53.51571545]
[1489125600, 1128, 1138.05, 1137.02, 1128, 29.79953619]
[1489122000, 1133.32, 1138.66, 1133.45, 1135.8, 4.80966945]
[1489118400, 1133.21, 1134.13, 1133.23, 1133.47, 9.63958295]
[1489114800, 1134.11, 1138.99, 1137.75, 1134.11, 10.95291497]
[1489111200, 1135.96, 1139.8, 1137.08, 1138.59, 5.12192343]
[1489107600, 1137.08, 1140, 1139.98, 1137.08, 13.55468086]
[1489104000, 1131.87, 1139.73, 1131.87, 1139.59, 11.56283514]
[1489100400, 1128.22, 1135.11, 1131.85, 1129.81, 15.87026061]
[1489096800, 1132.23, 1139.45, 1138.07, 1132.23, 17.87062697]
[1489093200, 1132.78, 1139.99, 1134.65, 1138.09, 59.25254976]
[1489089600, 1134.02, 1139.98, 1137, 1134.65, 31.55002639]
[1489086000, 1135.06, 1141.96, 1135.9, 1136.3, 28.61]
[1489082400, 1134.92, 1142.06, 1140.57, 1135.9, 32.97265687]
[1489078800, 1134.25, 1149.99, 1140.98, 1135.55, 114.62235616]
[1489075200, 1125.07, 1140.98, 1129.48, 1140.96, 87.56792804]
[1489071600, 1115.7, 1131.67, 1122.13, 1129.5, 97.84317937]
[1489068000, 1113.46, 1123.72, 1116.81, 1122.13, 43.03]
[1489064400, 1115.95, 1123.79, 1119.99, 1117.31, 41.20195069]
[1489060800, 1107.93, 1120, 1109.59, 1120, 48.49224203]
[1489057200, 1102.2, 1118.56, 1118.56, 1109.29, 39.94056817]
[1489053600, 1101.07, 1120, 1116.5, 1113.93, 78.0583293]
[1489050000, 1111.56, 1130, 1128, 1116.5, 58.29100884]
[1489046400, 1116.56, 1128, 1116.56, 1128, 33.34642844]
