[1484726400, 836.79, 845.04, 839.85, 840.37, 26.98509418]
[1484722800, 838.06, 849.76, 844.13, 843.42, 22.15720681]
[1484719200, 844.05, 846.51, 844.87, 845.07, 5.73]
[1484715600, 842.25, 850.36, 842.26, 845.34, 1.12622217]
[1484712000, 836.07, 840.96, 837.45, 840.96, 8.21737055]
[1484708400, 833.75, 838.71, 833.81, 836, 3.01512555]
[1484704800, 831.98, 840.85, 835.4, 833.75, 7.56175774]
[1484701200, 835.38, 857.92, 853.62, 835.38, 12.3345722]
[1484697600, 848.09, 853.61, 848.45, 853.61, 19.28757609]
[1484694000, 846.79, 852.82, 849.8, 850.32, 22.86811589]
[1484690400, 841.82, 855.01, 844.02, 849.8, 21.29281811]
[1484686800, 836.33, 847.32, 847.08, 844.01, 36.78581548]
[1484683200, 844.25, 853.83, 852.23, 846.2, 60.84861711]
[1484679600, 845.91, 855.91, 853.29, 852.17, 47.73557811]
[1484676000, 841.68, 855.15, 849.79, 854.66, 69.19345583]
[1484672400, 831, 850.38, 832.68, 849.78, 93.2241564]
[1484668800, 826.72, 833.32, 828.86, 832.68, 28.6610966]
[1484665200, 825.11, 832, 830.03, 828.87, 64.41858808]
[1484661600, 826.89, 834.48, 832.68, 830.03, 110.70484232]
[1484658000, 825.96, 838.54, 837.5, 832.68, 91.47329353]
[1484654400, 825.12, 838.08, 833.33, 837.49, 88.6460593]
[1484650800, 829.89, 842.69, 842, 833.88, 39.78099179]
[1484647200, 834.99, 844.04, 837.14, 842.69, 54.01471964]
[1484643600, 834.7, 843.19, 835.26, 835.47, 57.72679078]
[1484640000, 828.18, 850.83, 842.93, 835.22, 100.71781648]
[1484636400, 819.3, 846.34, 819.32, 838.66, 49.03158634]
[1484632800, 813.26, 821.91, 818.13, 819.07, 21.32807897]
[1484629200, 810.03, 818.66, 810.03, 815.38, 10.6888758]
[1484625600, 799.73, 821.89, 799.73, 810.16, 46.98574207]
[1484622000, 792.46, 799.73, 792.46, 799.73, 5.59231949]
[1484618400, 790.95, 792.21, 791.75, 790.97, 0.68]
[1484614800, 789.13, 791.62, 789.6, 791.62, 3.95131]
[1484611200, 788, 791.29, 791.19, 789.5, 10.07]
[1484607600, 788, 792.06, 790.08, 789.62, 34.98886262]
[1484604000, 788.13, 790.97, 790.8, 790.07, 16.64799448]
[1484600400, 786.67, 791.45, 789.3, 790.91, 26.98670682]
[1484596800, 785.36, 792.79, 792.66, 790.6, 33.5450494]
[1484593200, 789.21, 793.05, 790.58, 793.05, 32.46131219]
[1484589600, 783.83, 792.29, 791.22, 790.76, 58.22842772]
[1484586000, 790, 792.29, 792.29, 791, 27.56061918]
[1484582400, 789.37, 794.15, 792.18, 791.43, 26.10333419]
[1484578800, 788.59, 794, 789.5, 791.74, 39.68439075]
[1484575200, 786.94, 791.43, 789.94, 789.5, 14.8920721]
[1484571600, 785.4, 792.76, 787, 790.68, 12.261]
[1484568000, 783.69, 789.11, 785.49, 785.6, 24.12174058]
[1484564400, 781.71, 791.87, 789.38, 785.65, 44.481381]
[1484560800, 789.09, 793.99, 792.04, 791.77, 21.26397082]
[1484557200, 789.03, 793.99, 789.03, 793.99, 18.06622875]
[1484553600, 787.5, 790.44, 790.44, 788.07, 16.70684034]
[1484550000, 787.5, 791.79, 788.53, 791.79, 26.9]
[1484546400, 786.51, 789.4, 786.61, 789.4, 10.72025756]
[1484542800, 786.5, 788.5, 786.53, 787.64, 1.94673184]
[1484539200, 786.68, 788.42, 788.42, 788.35, 0.26]
[1484535600, 786.61, 790.1, 789.2, 789.1, 4.262252]
[1484532000, 783.9, 789.82, 783.9, 789.81, 4.20247744]
[1484528400, 780.04, 783, 780.04, 783, 7.11433864]
[1484524800, 778.94, 782.64, 781.42, 780.63, 33.05347204]
[1484521200, 776.77, 783.9, 778.5, 781.72, 10.8135499]
[1484517600, 775.29, 778.96, 775.96, 777.41, 23.48070482]
[1484514000, 771.4, 776.67, 771.4, 775.54, 24.69078932]
[1484510400, 767.23, 774.35, 772.01, 770.97, 42.5587431]
[1484506800, 768.94, 774.97, 774.97, 772.01, 22.74]
[1484503200, 768.96, 775.74, 771.66, 774.97, 32.46257755]
[1484499600, 768.38, 778.67, 778.66, 772.19, 53.10440671]
[1484496000, 770.27, 780, 779.99, 778.2, 19.767]
[1484492400, 776.2, 780, 776.89, 780, 22.723]
[1484488800, 775.6, 778.17, 778.17, 776.88, 4.0409]
[1484485200, 776.01, 779.5, 778.99, 779.18, 14.46]
[1484481600, 776.26, 778.99, 776.63, 778.91, 10.312]
[1484478000, 775.97, 777.5, 776.67, 776.66, 6.55321686]
[1484474400, 773.99, 778.39, 774, 776.04, 20.43598965]
[1484470800, 772, 774, 773.96, 774, 6.115]
[1484467200, 772.08, 776.33, 772.19, 772.08, 8.16830654]
[1484463600, 769.97, 775.73, 775.39, 773.99, 5.248172]
[1484460000, 773.59, 775.42, 774.22, 775.03, 1.79333114]
[1484456400, 777.08, 778.78, 777.09, 777.08, 2.25643098]
[1484452800, 777.09, 779.27, 779.02, 777.58, 0.48030596]
[1484449200, 774.56, 777.99, 776.86, 777.99, 0.73]
[1484445600, 774.85, 778.76, 777.31, 776.64, 1.153]
[1484442000, 775.68, 779.52, 778.2, 778.57, 8.063]
[1484438400, 774.99, 780.69, 774.99, 778.01, 7.18531963]
[1484434800, 770.01, 774.99, 770.01, 774.99, 5.50834524]
[1484431200, 770, 780.43, 777.89, 770.01, 25.99680332]
[1484427600, 777.89, 787.32, 783.46, 777.9, 18.04306747]
[1484424000, 781.37, 788.44, 786.98, 783.46, 17.59]
[1484420400, 784.97, 788.7, 788.7, 784.97, 4.586]
[1484416800, 786.99, 791.45, 786.99, 788.7, 16.18009798]
[1484413200, 783.7, 790.78, 788.98, 786.86, 20.54464496]
[1484409600, 781.25, 791.81, 791.33, 790.34, 23.51412403]
[1484406000, 784.68, 792.92, 784.7, 791.54, 51.85168004]
[1484402400, 780.74, 790.9, 780.74, 787.09, 15.54820839]
[1484398800, 780.17, 793.5, 793.49, 782.89, 23.3470187]
[1484395200, 790, 793.5, 791.78, 792.57, 32.82114177]
[1484391600, 788.74, 791.99, 789.67, 791.73, 23.98851195]
[1484388000, 787, 791.5, 789.03, 789.67, 32.4905213]
[1484384400, 786.99, 790.5, 788.36, 789.05, 15.73614525]
[1484380800, 780.2, 789.63, 780.2, 789.63, 5.83119034]
[1484377200, 780.02, 784.5, 781.24, 781.61, 13.04398597]
[1484373600, 780, 783.58, 780.91, 781.75, 3.3275876]
[1484370000, 781.81, 783.6, 782.27, 782.77, 1.83336188]
[1484366400, 776.61, 782.89, 778.49, 781.7, 2.85]
[1484362800, 776.82, 784.11, 781.47, 777.35, 7.86764152]
[1484359200, 781.3, 790.49, 790.25, 781.3, 13.53861205]
[1484355600, 788.66, 793.5, 790.45, 789.75, 3.62543121]
[1484352000, 785.78, 792.57, 785.79, 789.99, 42.7193936]
[1484348400, 780.62, 786.53, 783.61, 785.79, 14.28032557]
[1484344800, 780.39, 785.36, 785.15, 782.33, 19.22118714]
[1484341200, 776, 786.53, 782.05, 785.25, 33.89837529]
[1484337600, 777.37, 785, 777.37, 783.62, 67.64261127]
[1484334000, 776.44, 789, 782.7, 777.15, 33.54479553]
[1484330400, 776.4, 783, 783, 782.67, 18.61101004]
[1484326800, 770.83, 787.83, 787.83, 782.99, 35.18290437]
[1484323200, 779.31, 788.84, 780.2, 780, 65.46603157]
[1484319600, 771.53, 781.39, 771.54, 780.9, 51.57480152]
[1484316000, 757.87, 771.54, 763.74, 770.11, 51.32776111]
[1484312400, 756, 766.15, 756.11, 764.05, 39.55270585]
[1484308800, 753.67, 764.36, 762.87, 757, 35.5073853]
[1484305200, 759.57, 768.01, 760.76, 764.18, 34.47476653]
[1484301600, 756.19, 768.05, 761.63, 760.84, 75.4936731]
[1484298000, 747.45, 762.77, 751.64, 762.27, 59.14536349]
[1484294400, 744.96, 754.91, 744.96, 752.93, 44.0082271]
[1484290800, 733.45, 754.45, 751.32, 746.65, 60.73983887]
[1484287200, 745.5, 758.03, 747.09, 751.75, 16.61754081]
[1484283600, 745.49, 756.62, 755.14, 747.09, 11.21220201]
[1484280000, 745.1, 759, 758.99, 757.23, 9.51410091]
[1484276400, 758.99, 774.68, 772.82, 759, 2.00782202]
[1484272800, 771.75, 775.16, 771.76, 774.47, 4.44]
[1484269200, 772.23, 776.3, 772.68, 772.24, 24.0228148]
[1484265600, 768.19, 773.2, 770.06, 770.07, 9.6651856]
[1484262000, 765.45, 778.84, 777.3, 769.05, 157.10933266]
[1484258400, 760.53, 795.08, 787.07, 776.67, 204.62826497]
[1484254800, 778.01, 791.26, 780.9, 787.84, 60.71392304]
[1484251200, 769.13, 781.35, 769.13, 779, 55.53850429]
[1484247600, 763, 769.13, 765.34, 769.13, 53.28014912]
[1484244000, 760.84, 767.19, 764.18, 764.73, 36.72758676]
[1484240400, 758.65, 765.74, 760.95, 764.06, 66.22612983]
[1484236800, 752.99, 772.65, 755.14, 760.15, 129.45750886]
[1484233200, 740.78, 761.44, 741.09, 753.37, 98.84296385]
[1484229600, 735.73, 741.09, 738.98, 740.27, 52.72246269]
[1484226000, 729.22, 739.04, 729.63, 738.8, 146.49352101]
[1484222400, 725.08, 732.99, 728.89, 729.56, 36.01993947]
[1484218800, 721.82, 741.62, 731.98, 725.85, 76.03714286]
[1484215200, 720.65, 731.98, 724.74, 731.98, 76.18475324]
[1484211600, 715.06, 729.36, 726.84, 724.74, 75.0942159]
[1484208000, 710.13, 732.24, 710.77, 727.55, 49.56109379]
[1484204400, 694.78, 735.58, 735.57, 710.77, 151.06760611]
[1484200800, 726.68, 736.6, 736.27, 735.96, 57.63485872]
[1484197200, 736.37, 743.79, 739.88, 738.63, 7.0036]
[1484193600, 736.38, 747.71, 742.3, 742.79, 10.44795982]
[1484190000, 738.97, 749.61, 738.97, 749.61, 32.64569223]
[1484186400, 738.22, 749.62, 742.21, 739.41, 18.23085956]
[1484182800, 728.25, 742.24, 736.78, 742.21, 24.78951622]
[1484179200, 730, 751.27, 751.27, 733.22, 25.19801643]
[1484175600, 751.15, 755.37, 755.37, 751.79, 13.23038882]
[1484172000, 743.26, 757.31, 751.56, 755.68, 66.4821622]
[1484168400, 744.96, 756.08, 750.56, 750.08, 63.28145646]
[1484164800, 744.73, 769.99, 764.9, 752, 63.93846737]
[1484161200, 744, 772.28, 744, 765, 93.87310123]
[1484157600, 732.28, 747.43, 735.22, 744, 120.94275373]
[1484154000, 732, 776.02, 775.14, 735.21, 123.64700415]
[1484150400, 767.13, 775.14, 771.99, 775.14, 108.74059822]
[1484146800, 762.44, 778.32, 778.32, 772, 94.79079602]
[1484143200, 765.48, 784.37, 784.36, 778.32, 91.72094494]
[1484139600, 751.26, 790.33, 775.69, 784.36, 199.45556789]
[1484136000, 766.01, 810, 806.61, 775.81, 254.38070299]
[1484132400, 786.41, 835.52, 829.14, 807.8, 161.49231587]
[1484128800, 820.44, 840.5, 829.12, 830.89, 138.82979286]
[1484125200, 809.45, 874.48, 874.37, 828.62, 224.27619337]
[1484121600, 870.9, 874.38, 874, 874.37, 31.76521651]
[1484118000, 871.81, 876.75, 872.12, 871.84, 37.16751936]
[1484114400, 871.77, 875, 871.78, 872.12, 12.66474612]
[1484110800, 868.78, 871.78, 868.78, 871.77, 5.58141143]
[1484107200, 867.57, 868.78, 867.57, 868.78, 0.73]
[1484103600, 867.1, 868.47, 867.39, 868.47, 3.58]
[1484100000, 865.47, 867.39, 865.48, 867.15, 0.79645721]
[1484096400, 864.01, 866.26, 864.31, 865.26, 5.58614027]
[1484092800, 861, 866.37, 861, 864.21, 7.06510392]
[1484089200, 860.44, 866.62, 865.4, 864.43, 28.45024653]
[1484085600, 865, 868.74, 866.66, 865, 19.38617852]
[1484082000, 862.4, 868.24, 863.85, 866.49, 32.21225866]
[1484078400, 859.94, 863.85, 861.03, 863.85, 43.90626614]
[1484074800, 859.02, 862.98, 861.1, 861.78, 49.12032345]
[1484071200, 856.98, 862.84, 861.83, 861.33, 58.15570626]
[1484067600, 857.1, 863.3, 861.25, 862.43, 37.1280539]
[1484064000, 858.8, 864.84, 859.81, 861.25, 32.84698798]
[1484060400, 857.79, 870.18, 860.57, 861.06, 36.39151825]
[1484056800, 858.26, 869.72, 867.37, 860.58, 53.84725097]
[1484053200, 864.38, 870.65, 867.56, 867.85, 33.9]
[1484049600, 860.02, 870.11, 866.25, 868.46, 26.12]
[1484046000, 860.01, 871.67, 871.64, 866.23, 36.43828081]
[1484042400, 864.85, 872.99, 866.07, 871.65, 49.63409089]
[1484038800, 859.55, 871.55, 859.55, 866.22, 50.42561858]
[1484035200, 856.47, 859.55, 859.24, 859.55, 47.1960442]
[1484031600, 855.6, 859.24, 858.28, 859.24, 38.59863316]
[1484028000, 856.3, 859.13, 856.3, 859.13, 18.65819091]
[1484024400, 856.19, 860.04, 858.91, 856.56, 3.36701145]
[1484020800, 853.69, 863.62, 859.99, 857.16, 1.19]
[1484017200, 855.63, 867.31, 867.01, 855.72, 3.23023147]
[1484013600, 864.28, 868.69, 865.2, 868.69, 1.407251]
[1484010000, 863.04, 865.2, 863.04, 863.97, 3.0777]
[1484006400, 859.31, 864.26, 861.74, 863.03, 5.9937]
