[1494806400, 1648.13, 1654.99, 1654.96, 1654, 5.27886914]
[1494802800, 1644.93, 1655, 1645.12, 1654.99, 14.51363011]
[1494799200, 1643.09, 1649.17, 1643.98, 1645.15, 9.37295313]
[1494795600, 1643.37, 1650, 1644.81, 1644.01, 25.03036391]
[1494792000, 1625, 1645.68, 1634.94, 1645.02, 56.60452312]
[1494788400, 1627.65, 1648.67, 1642.21, 1635.49, 33.48002955]
[1494784800, 1631.92, 1645.5, 1636.52, 1641.69, 20.99391557]
[1494781200, 1625.52, 1642.81, 1630.01, 1636.52, 43.84220232]
[1494777600, 1630, 1649, 1644.68, 1634.79, 52.3496591]
[1494774000, 1643, 1662.63, 1655.53, 1644.66, 48.02853814]
[1494770400, 1653.86, 1660.01, 1654.9, 1655.52, 16.87199387]
[1494766800, 1646.57, 1660.01, 1646.57, 1653.67, 22.79018797]
[1494763200, 1640.02, 1659.97, 1659.97, 1646.57, 43.22622416]
[1494759600, 1650, 1665.74, 1665.23, 1658.53, 36.25396963]
[1494756000, 1663.34, 1675.01, 1675.01, 1663.34, 24.39640937]
[1494752400, 1665, 1680, 1669.97, 1675.02, 42.30462596]
[1494748800, 1663.11, 1683.62, 1679.66, 1669.99, 57.39259735]
[1494745200, 1657.09, 1683.67, 1659.62, 1681.06, 36.62557211]
[1494741600, 1651.54, 1662.82, 1656.51, 1659.62, 26.77230845]
[1494738000, 1643.06, 1656.48, 1643.19, 1654.14, 15.09676418]
[1494734400, 1638.91, 1660.28, 1655.88, 1639.1, 7.67879819]
[1494730800, 1636.03, 1655.87, 1636.08, 1655.86, 8.77114846]
[1494727200, 1634.99, 1665.95, 1664.72, 1636.17, 10.98301193]
[1494723600, 1649.62, 1665.84, 1649.62, 1659.62, 16.65893678]
[1494720000, 1646, 1658.7, 1646, 1649.63, 27.36674452]
[1494716400, 1632.74, 1646, 1639.42, 1646, 15.67121497]
[1494712800, 1629.09, 1647.74, 1637.2, 1639.44, 26.25242662]
[1494709200, 1609.98, 1641.76, 1610, 1640.36, 57.16309323]
[1494705600, 1587.92, 1610, 1598.14, 1610, 50.0888753]
[1494702000, 1591.2, 1604.19, 1600.74, 1598.03, 38.89657038]
[1494698400, 1590.04, 1605, 1596.67, 1599.7, 27.55708897]
[1494694800, 1576.14, 1603.59, 1589.91, 1596.15, 48.97946633]
[1494691200, 1565.49, 1588.26, 1576.3, 1586.26, 33.43864641]
[1494687600, 1562.04, 1586.1, 1566.77, 1577.7, 36.91914411]
[1494684000, 1555.64, 1602.85, 1597.58, 1568.98, 52.42125838]
[1494680400, 1588.89, 1605, 1596.13, 1595.73, 48.25999795]
[1494676800, 1595.43, 1610, 1600.46, 1595.61, 49.77608584]
[1494673200, 1596.61, 1610, 1596.61, 1600.52, 59.41124659]
[1494669600, 1586.2, 1599.81, 1587.52, 1599.81, 48.41208553]
[1494666000, 1573.49, 1590, 1576.27, 1587.52, 55.85886569]
[1494662400, 1554, 1580, 1561.95, 1580, 51.11817009]
[1494658800, 1544.63, 1569.96, 1564.5, 1563.72, 66.50604265]
[1494655200, 1553.52, 1590, 1575.4, 1564.42, 38.67720272]
[1494651600, 1529.83, 1579, 1532.42, 1575.01, 55.86411254]
[1494648000, 1507.82, 1534.04, 1515.36, 1531.46, 41.41373592]
[1494644400, 1494.93, 1527.95, 1509.11, 1514.18, 27.55686304]
[1494640800, 1476, 1515.5, 1511.49, 1509.11, 90.75146165]
[1494637200, 1511.03, 1551.35, 1547.2, 1511.5, 64.95719471]
[1494633600, 1538.44, 1569.8, 1556, 1551.43, 26.5175516]
[1494630000, 1556.01, 1600, 1593.2, 1559.75, 36.23495699]
[1494626400, 1558.71, 1593.2, 1575, 1593.17, 72.58742572]
[1494622800, 1535.3, 1575, 1559.6, 1574.99, 73.62925252]
[1494619200, 1523.89, 1605.94, 1536, 1562.91, 243.46169233]
[1494615600, 1506.87, 1590.05, 1589.78, 1536, 183.32407405]
[1494612000, 1588.23, 1622.98, 1621.99, 1589.8, 66.09549603]
[1494608400, 1618.64, 1629.92, 1624.01, 1621.99, 44.28660848]
[1494604800, 1600.08, 1629.98, 1604.5, 1624.08, 60.44571054]
[1494601200, 1600, 1645.84, 1639.23, 1604.54, 91.21523272]
[1494597600, 1630.16, 1648.18, 1634.95, 1639.87, 58.95669416]
[1494594000, 1630.06, 1667, 1664.69, 1634.95, 78.24766525]
[1494590400, 1650, 1684.77, 1673.22, 1668.81, 108.16632809]
[1494586800, 1670.29, 1683.49, 1670.5, 1675.6, 54.52557212]
[1494583200, 1670, 1699.93, 1686.05, 1676.49, 59.32744879]
[1494579600, 1659.88, 1688.85, 1659.89, 1686.05, 70.28879378]
[1494576000, 1650.71, 1666.08, 1656.94, 1659.89, 51.89517314]
[1494572400, 1642.02, 1669.99, 1659.37, 1657.16, 106.38737095]
[1494568800, 1621.05, 1683.95, 1621.06, 1655.96, 107.5296348]
[1494565200, 1591.73, 1636.03, 1625.01, 1632.33, 103.65106746]
[1494561600, 1625.01, 1667.65, 1664.21, 1625.05, 39.56532592]
[1494558000, 1643.63, 1688.93, 1686.14, 1664.15, 43.00932771]
[1494554400, 1686.14, 1701.21, 1692.34, 1686.19, 5.90704134]
[1494550800, 1688.58, 1698.62, 1695.47, 1692.34, 14.25228658]
[1494547200, 1693.98, 1704.75, 1699.59, 1695.42, 12.29172933]
[1494543600, 1695.63, 1708.44, 1698.37, 1699.59, 16.74221265]
[1494540000, 1689.1, 1701.82, 1689.1, 1698.37, 22.83087297]
[1494536400, 1664.09, 1689.46, 1675.65, 1689.1, 72.29506802]
[1494532800, 1664.09, 1698.7, 1698.31, 1675, 132.03723464]
[1494529200, 1688, 1707.94, 1707.94, 1698.64, 84.79799472]
[1494525600, 1703.05, 1715.1, 1712.91, 1707.94, 57.96424943]
[1494522000, 1709.81, 1727.98, 1726.25, 1712.92, 42.911333]
[1494518400, 1708.3, 1727, 1709, 1725.21, 88.9447085]
[1494514800, 1703.72, 1710, 1703.91, 1708.99, 53.47038339]
[1494511200, 1689.76, 1705.58, 1702.68, 1703.91, 55.30109598]
[1494507600, 1695.95, 1714.24, 1710.85, 1702.68, 101.25263045]
[1494504000, 1681.61, 1731.48, 1724.39, 1710.84, 101.34550959]
[1494500400, 1700, 1729.39, 1715.99, 1724.39, 114.5739209]
[1494496800, 1711.12, 1740.97, 1734.14, 1716.53, 91.01345891]
[1494493200, 1721.47, 1740.87, 1726.34, 1734.15, 112.64966067]
[1494489600, 1709.51, 1742.58, 1731, 1727.19, 126.54343625]
[1494486000, 1683.66, 1737.73, 1683.66, 1733.98, 106.28298478]
[1494482400, 1679.03, 1684.62, 1683.98, 1684.62, 78.5603693]
[1494478800, 1660.12, 1684.61, 1664.99, 1683.98, 72.65023526]
[1494475200, 1645.48, 1665, 1645.48, 1659.87, 21.9952635]
[1494471600, 1638.53, 1645.48, 1641.8, 1645.21, 9.46]
[1494468000, 1630.14, 1641.31, 1631.67, 1641.29, 15.5035501]
[1494464400, 1625.88, 1637.26, 1630.24, 1631.08, 5.16096463]
[1494460800, 1630, 1645.8, 1644.98, 1633.7, 9.00816622]
[1494457200, 1633.24, 1646, 1640.2, 1644.98, 19.08059185]
[1494453600, 1628.46, 1642.07, 1639.48, 1640.19, 31.92544855]
[1494450000, 1623.49, 1645.86, 1645.86, 1639.5, 47.24009586]
[1494446400, 1634.03, 1645.99, 1638.81, 1645.86, 37.84326309]
[1494442800, 1638.33, 1641.79, 1639.81, 1641.55, 52.81746175]
[1494439200, 1632.7, 1641.36, 1639.58, 1639.81, 46.81811902]
[1494435600, 1636.45, 1643.84, 1643.84, 1640.92, 61.88916736]
[1494432000, 1639.32, 1647.49, 1646.48, 1643.8, 53.37182798]
[1494428400, 1641.66, 1646.64, 1644.98, 1646.43, 69.05754953]
[1494424800, 1635, 1649.97, 1639.79, 1644.97, 77.44785361]
[1494421200, 1611.85, 1639.97, 1612.51, 1639.9, 97.700617]
[1494417600, 1610, 1617.95, 1613.49, 1612.5, 91.89334412]
[1494414000, 1608.61, 1614.73, 1608.68, 1613.47, 50.10778655]
[1494410400, 1600, 1609.87, 1605, 1609.87, 58.73872526]
[1494406800, 1600, 1609.04, 1606.3, 1605, 64.76392781]
[1494403200, 1595.96, 1608.95, 1601.27, 1606.3, 99.49708921]
[1494399600, 1596.12, 1601.83, 1597.52, 1601.28, 90.1604322]
[1494396000, 1589.72, 1601.28, 1595.14, 1597.53, 55.17140507]
[1494392400, 1583.19, 1602.92, 1588.8, 1597.92, 23.161771]
[1494388800, 1561.67, 1585.5, 1572.92, 1585.5, 25.46673438]
[1494385200, 1572.92, 1599.81, 1599.8, 1579.43, 15.0242828]
[1494381600, 1599.43, 1599.81, 1599.8, 1599.81, 6.86]
[1494378000, 1599.78, 1599.8, 1599.8, 1599.8, 2.52061728]
[1494374400, 1575.03, 1599.8, 1579.97, 1599.8, 19.36190976]
[1494370800, 1570.1, 1592.3, 1592.3, 1581.91, 38.24072967]
[1494367200, 1570, 1592.9, 1571.91, 1592.3, 73.23626069]
[1494363600, 1556, 1599.8, 1593.97, 1571.91, 120.92511659]
[1494360000, 1560.01, 1634.14, 1633.34, 1593.95, 108.31067624]
[1494356400, 1625, 1648, 1643.5, 1633.37, 127.59830562]
[1494352800, 1619.64, 1645.9, 1624.93, 1645.9, 140.14099697]
[1494349200, 1600.19, 1625.02, 1602.31, 1619.75, 89.18331441]
[1494345600, 1601.07, 1606.87, 1606.86, 1602.34, 52.13170014]
[1494342000, 1598.29, 1619.19, 1598.9, 1606.86, 90.83071463]
[1494338400, 1594.54, 1615, 1598, 1598.77, 87.61818]
[1494334800, 1586.84, 1613.1, 1613.06, 1598, 122.03460243]
[1494331200, 1606.28, 1635.72, 1613, 1613.11, 123.72121749]
[1494327600, 1594.66, 1614.96, 1597.69, 1613, 128.77284961]
[1494324000, 1591.02, 1607.65, 1595.97, 1597.67, 111.29437797]
[1494320400, 1572.5, 1612.85, 1605, 1593.5, 147.50934738]
[1494316800, 1567.92, 1605, 1578.44, 1605, 112.4763554]
[1494313200, 1560, 1582, 1573.51, 1578.43, 126.38765586]
[1494309600, 1560.01, 1579.5, 1560.01, 1575.77, 133.5861021]
[1494306000, 1547.46, 1575.29, 1547.46, 1560.04, 128.13604246]
[1494302400, 1544.68, 1547.46, 1545.58, 1547.45, 14.34]
[1494298800, 1545.19, 1560, 1560, 1545.58, 9.6069647]
[1494295200, 1541.7, 1560, 1541.7, 1559.99, 23.80419291]
[1494291600, 1531.23, 1545.99, 1535.07, 1540.15, 22.62786625]
[1494288000, 1532.86, 1559.98, 1559.5, 1534.63, 14.47049277]
[1494284400, 1532.83, 1559.5, 1537.98, 1559.5, 86.81931493]
[1494280800, 1512.18, 1537.99, 1527.04, 1537.98, 54.6430685]
[1494277200, 1527.04, 1537.29, 1537.29, 1527.05, 40.93932768]
[1494273600, 1518.01, 1543.79, 1520.68, 1537.29, 78.99278027]
[1494270000, 1504.75, 1520.69, 1504.97, 1520.68, 54.86757255]
[1494266400, 1504.06, 1510.1, 1508.45, 1504.96, 64.94738235]
[1494262800, 1497.26, 1510, 1497.27, 1508.2, 75.18713281]
[1494259200, 1495, 1502.65, 1500.78, 1497.26, 73.99214699]
[1494255600, 1492, 1502.65, 1500.27, 1501.09, 58.6581782]
[1494252000, 1491.46, 1502.94, 1496.96, 1500.28, 87.50063167]
[1494248400, 1485.13, 1506.46, 1497.72, 1491.16, 139.56922716]
[1494244800, 1489.82, 1503.82, 1490, 1497.88, 64.53091051]
[1494241200, 1480.38, 1492.16, 1489.24, 1489, 88.60153898]
[1494237600, 1488, 1504.22, 1504.19, 1489.24, 62.89849329]
[1494234000, 1480, 1508.61, 1499.17, 1499.98, 83.59851229]
[1494230400, 1499.17, 1517.07, 1511.27, 1503.48, 82.80585304]
[1494226800, 1500, 1518.66, 1509.03, 1511.26, 94.77484317]
[1494223200, 1492.63, 1524.92, 1499.09, 1510.62, 102.02213351]
[1494219600, 1474.96, 1499.1, 1474.96, 1498, 139.28682793]
[1494216000, 1469.18, 1478, 1471.01, 1475.94, 9.52455573]
[1494212400, 1465.02, 1471.87, 1467, 1468.32, 10.00703619]
[1494208800, 1466.1, 1474.98, 1470.38, 1467.24, 3.32434893]
[1494205200, 1459.65, 1474.99, 1464.43, 1474.71, 21.03773143]
[1494201600, 1454.06, 1465, 1457.91, 1464.44, 14.88826884]
[1494198000, 1450.05, 1458.09, 1453, 1457.94, 36.07391171]
[1494194400, 1450, 1453, 1450.19, 1453, 25.08280553]
[1494190800, 1447.96, 1453.89, 1452.95, 1452.94, 15.73801079]
[1494187200, 1450.12, 1454, 1452.56, 1452.96, 31.81223288]
[1494183600, 1441, 1452.83, 1447.08, 1452.78, 51.35748342]
[1494180000, 1436.61, 1452.7, 1443.91, 1447.08, 38.53885019]
[1494176400, 1432.96, 1446.51, 1435.47, 1443.91, 43.44794021]
[1494172800, 1434.62, 1442.98, 1434.93, 1435.49, 17.92424711]
[1494169200, 1430, 1438.08, 1433.64, 1434.93, 20.33378035]
[1494165600, 1430, 1439, 1433.8, 1433.64, 37.7083596]
[1494162000, 1421.47, 1445.59, 1440.96, 1434.2, 78.19063633]
[1494158400, 1439.05, 1452.3, 1450.03, 1440.97, 111.3965092]
[1494154800, 1450, 1454.99, 1453.51, 1452.37, 38.15460158]
[1494151200, 1447.8, 1454.53, 1451.23, 1453.89, 30.43362561]
[1494147600, 1446.32, 1451.23, 1446.99, 1451.23, 56.17479863]
[1494144000, 1445.65, 1447, 1445.79, 1446.99, 30.98510956]
[1494140400, 1445.7, 1448, 1447.79, 1445.71, 46.04982702]
[1494136800, 1445.9, 1448, 1446.01, 1446, 19.6735894]
[1494133200, 1445.11, 1448, 1446.06, 1446.01, 6.26990548]
[1494129600, 1443.8, 1449.1, 1443.85, 1446.06, 230.08314346]
[1494126000, 1442.97, 1443.85, 1442.97, 1443.85, 60.12647562]
[1494122400, 1436.74, 1442.97, 1438, 1442.97, 38.57135422]
[1494118800, 1436.3, 1438.45, 1438, 1438, 7.70916544]
[1494115200, 1437.19, 1438, 1438, 1437.19, 10.68179845]
[1494111600, 1437.19, 1438.92, 1438.8, 1437.99, 12.34217613]
[1494108000, 1431.47, 1441.15, 1438.3, 1438.01, 24.99970278]
[1494104400, 1433.01, 1443, 1439.14, 1441.06, 59.7088793]
[1494100800, 1429.81, 1440, 1436.75, 1437.58, 25.08113912]
[1494097200, 1433.65, 1437.8, 1435.62, 1436.77, 19.35592607]
[1494093600, 1429.14, 1438, 1429.95, 1436.22, 24.73411039]
[1494090000, 1414.05, 1434.19, 1430.68, 1429.95, 63.26287418]
[1494086400, 1425, 1430.85, 1428.33, 1430.85, 49.50744499]
