[1498406400, 2301.36, 2325.05, 2303.96, 2311.03, 40.07484245]
[1498402800, 2300, 2327.52, 2324.91, 2304.09, 50.55681275]
[1498399200, 2319.51, 2342.33, 2342.33, 2323.98, 25.82680168]
[1498395600, 2333.77, 2342.33, 2339.18, 2342.33, 16.43248821]
[1498392000, 2339.09, 2349.98, 2349.65, 2339.19, 26.98008182]
[1498388400, 2306.14, 2349.99, 2332.17, 2349.5, 45.0768783]
[1498384800, 2323.18, 2335.73, 2335.67, 2329.74, 16.87219528]
[1498381200, 2321.92, 2339.96, 2323.87, 2338.12, 62.28799651]
[1498377600, 2313.14, 2323.87, 2318.52, 2323.87, 20.71858563]
[1498374000, 2314.61, 2329.5, 2329.5, 2318.52, 21.22872679]
[1498370400, 2323.52, 2329.5, 2323.53, 2329.49, 4.28488786]
[1498366800, 2312.67, 2325, 2313.04, 2323.54, 8.16584712]
[1498363200, 2288.93, 2311.85, 2288.93, 2311.85, 15.95963963]
[1498359600, 2275.82, 2295.67, 2291.58, 2288.92, 17.92220377]
[1498356000, 2258.34, 2304.53, 2276.88, 2293.23, 14.38995894]
[1498352400, 2258.07, 2298.27, 2288.65, 2280.32, 38.95838667]
[1498348800, 2288.15, 2317.49, 2308.38, 2288.84, 18.8629016]
[1498345200, 2282, 2315.07, 2295.01, 2308.38, 18.31168527]
[1498341600, 2295, 2320, 2319.32, 2295.01, 37.58923015]
[1498338000, 2295.99, 2322.49, 2296, 2319.46, 40.64133093]
[1498334400, 2250, 2300, 2254.87, 2296, 64.30401059]
[1498330800, 2253.08, 2308.88, 2306.24, 2253.09, 74.03136113]
[1498327200, 2288, 2350.77, 2350.77, 2303.37, 90.70515637]
[1498323600, 2344.69, 2362.65, 2351.99, 2352.98, 40.83568593]
[1498320000, 2351.99, 2374.25, 2373.77, 2351.99, 42.4824088]
[1498316400, 2340.01, 2374.22, 2348.7, 2373.78, 60.83486492]
[1498312800, 2349, 2382.97, 2360.01, 2350, 70.90530769]
[1498309200, 2360, 2440.23, 2440.23, 2360.01, 85.0319228]
[1498305600, 2439.88, 2444.99, 2442.99, 2440.23, 40.37686231]
[1498302000, 2436.83, 2443.18, 2436.84, 2443, 28.77838373]
[1498298400, 2432.58, 2436.84, 2434.55, 2436.84, 28.31391783]
[1498294800, 2430, 2435, 2433.06, 2433.89, 25.81363314]
[1498291200, 2430.21, 2436.84, 2435.08, 2433.06, 26.99758321]
[1498287600, 2430.15, 2439.48, 2435.61, 2435.27, 21.96283714]
[1498284000, 2432.62, 2439.95, 2437.61, 2435.6, 16.42247692]
[1498280400, 2430.46, 2437.62, 2431.35, 2437.62, 6.5426146]
[1498276800, 2427.37, 2431.39, 2429.17, 2430.07, 2.61394132]
[1498273200, 2429.96, 2435.81, 2431.42, 2429.96, 7.98330273]
[1498269600, 2426.96, 2435.93, 2429.38, 2428.99, 7.80179502]
[1498266000, 2427.37, 2437.57, 2434, 2429.35, 3.99713881]
[1498262400, 2425.01, 2433.94, 2425.01, 2433.94, 5.3617733]
[1498258800, 2414.83, 2439.98, 2427.99, 2425.01, 21.74388029]
[1498255200, 2423.23, 2439.99, 2429.03, 2428.97, 29.95451421]
[1498251600, 2417.24, 2434.47, 2431.86, 2428.72, 27.52762414]
[1498248000, 2426.05, 2432.33, 2426.84, 2431.86, 21.46885957]
[1498244400, 2422.64, 2426.85, 2426.85, 2426.84, 18.10016717]
[1498240800, 2426.85, 2439.99, 2439.98, 2426.85, 45.22064642]
[1498237200, 2436.36, 2442, 2440.49, 2440.29, 34.88574456]
[1498233600, 2430.08, 2443, 2434.99, 2441.1, 45.74636049]
[1498230000, 2432.75, 2441, 2434, 2434.99, 60.64221819]
[1498226400, 2430.52, 2434, 2431, 2434, 39.75259143]
[1498222800, 2425, 2431.78, 2425.71, 2430.98, 62.62825137]
[1498219200, 2424.82, 2430, 2427.64, 2426.01, 26.9211471]
[1498215600, 2424.16, 2434, 2431.77, 2427.64, 36.5473625]
[1498212000, 2411.09, 2439, 2412.31, 2431.85, 39.03779081]
[1498208400, 2400.31, 2418.4, 2400.31, 2418.4, 38.28578824]
[1498204800, 2399.59, 2427.39, 2426.65, 2400.31, 48.35337914]
[1498201200, 2425.01, 2433.24, 2433.24, 2428.15, 32.21996442]
[1498197600, 2419.19, 2443.69, 2442.91, 2433.32, 21.76282871]
[1498194000, 2432, 2443.49, 2432, 2443.49, 27.87224294]
[1498190400, 2429.57, 2438.89, 2431.05, 2430.41, 8.47252572]
[1498186800, 2425.03, 2435.1, 2435.02, 2430.68, 11.26231482]
[1498183200, 2434.99, 2435.1, 2435.1, 2435.02, 6.23510345]
[1498179600, 2429.9, 2435.1, 2429.9, 2435.1, 8.4056]
[1498176000, 2405.3, 2430, 2419.36, 2430, 11.08984331]
[1498172400, 2400, 2425.35, 2420.57, 2419.75, 16.9206611]
[1498168800, 2404.04, 2433.06, 2416.42, 2424.86, 21.73735323]
[1498165200, 2400, 2420, 2409.82, 2416.37, 29.58798811]
[1498161600, 2411, 2435, 2433.81, 2411, 48.14214615]
[1498158000, 2412.78, 2435, 2427.16, 2434.08, 53.87578014]
[1498154400, 2420, 2434.77, 2430.02, 2428.5, 39.69563556]
[1498150800, 2430, 2447.48, 2447.42, 2430, 49.03008953]
[1498147200, 2434.95, 2449.43, 2449.06, 2448.67, 51.28115648]
[1498143600, 2426.16, 2450, 2427.49, 2449.06, 64.21894745]
[1498140000, 2422.41, 2434.84, 2425.62, 2427.49, 81.46208059]
[1498136400, 2405.37, 2429.9, 2411.06, 2428.35, 69.499308]
[1498132800, 2395.01, 2417.44, 2405.89, 2409.11, 60.26993952]
[1498129200, 2390.58, 2411, 2408.69, 2405.9, 62.22010534]
[1498125600, 2396.59, 2410.71, 2396.59, 2405.3, 96.84849341]
[1498122000, 2370.99, 2404.39, 2377.21, 2398.97, 120.16575815]
[1498118400, 2369.3, 2396.77, 2384.27, 2377.21, 59.28701103]
[1498114800, 2356.95, 2396, 2379.65, 2384.28, 90.14949717]
[1498111200, 2348.06, 2397, 2367.86, 2379.65, 67.53336069]
[1498107600, 2328.83, 2381.76, 2347.11, 2367.87, 39.29828042]
[1498104000, 2340.04, 2379.31, 2364.02, 2340.05, 19.53972821]
[1498100400, 2364.01, 2385.05, 2364.37, 2364.04, 9.6272076]
[1498096800, 2341.45, 2366.86, 2355.5, 2364.37, 14.58445029]
[1498093200, 2325, 2410.59, 2395.37, 2357.62, 32.40656424]
[1498089600, 2366.01, 2407.33, 2367.62, 2397.54, 21.25004716]
[1498086000, 2329.05, 2367.62, 2345.51, 2367.62, 91.14271466]
[1498082400, 2329, 2388, 2352.39, 2347.27, 46.11183962]
[1498078800, 2348.27, 2409.36, 2403.44, 2352.4, 82.97888281]
[1498075200, 2364.5, 2409.37, 2365.36, 2405.23, 110.09137685]
[1498071600, 2356, 2433.15, 2410.77, 2363.28, 92.86729926]
[1498068000, 2402.4, 2431.46, 2405.51, 2420.37, 40.57571375]
[1498064400, 2390.3, 2442.13, 2437.42, 2403.09, 58.11142282]
[1498060800, 2400.5, 2443.76, 2415.9, 2437.42, 103.57958538]
[1498057200, 2364.93, 2427.48, 2413.48, 2415.89, 116.4896115]
[1498053600, 2410.66, 2452, 2448, 2415.15, 75.36322348]
[1498050000, 2444, 2469.98, 2464.29, 2448.04, 77.84230155]
[1498046400, 2448.01, 2467.26, 2456.48, 2464.25, 91.74500489]
[1498042800, 2429.42, 2462.73, 2432.89, 2456.57, 88.25720358]
[1498039200, 2410.02, 2439.89, 2422.28, 2433.58, 51.27339811]
[1498035600, 2416.3, 2465.01, 2457.07, 2420.72, 60.42865549]
[1498032000, 2446.67, 2466.87, 2447, 2460, 61.15326648]
[1498028400, 2405.68, 2447.55, 2417.09, 2447, 51.2030892]
[1498024800, 2381.48, 2443.77, 2440.07, 2417, 95.7871938]
[1498021200, 2434.25, 2487.38, 2481.29, 2442.93, 40.43569373]
[1498017600, 2458.94, 2482, 2460, 2482, 17.32915817]
[1498014000, 2432.82, 2460, 2436.8, 2460, 12.16571052]
[1498010400, 2430.83, 2451.78, 2451.78, 2436.75, 11.400313]
[1498006800, 2430.9, 2456.29, 2456.29, 2451.79, 6.56864019]
[1498003200, 2432.93, 2456.87, 2444.18, 2456.29, 15.65524919]
[1497999600, 2430.95, 2460, 2460, 2444.18, 147.09105911]
[1497996000, 2445.89, 2481, 2480.25, 2460, 55.10405916]
[1497992400, 2466.61, 2521.57, 2489.49, 2480.01, 198.50209225]
[1497988800, 2456.88, 2499, 2478.07, 2491.36, 99.30406275]
[1497985200, 2448.16, 2483.89, 2474.03, 2477.93, 153.36511124]
[1497981600, 2426.09, 2476.17, 2426.37, 2474.01, 184.53600849]
[1497978000, 2399.95, 2426.38, 2401.45, 2426.37, 73.04999346]
[1497974400, 2376.98, 2401.71, 2390, 2401.31, 68.03843699]
[1497970800, 2388.52, 2402.3, 2392.95, 2390.77, 101.83300471]
[1497967200, 2378.19, 2393.61, 2378.98, 2393, 92.54123981]
[1497963600, 2363.92, 2382.04, 2378.08, 2378.98, 68.27513554]
[1497960000, 2355.27, 2378.08, 2356.45, 2378.08, 105.05680169]
[1497956400, 2333.22, 2357.77, 2333.22, 2357.77, 75.42758732]
[1497952800, 2330.01, 2344.51, 2339.33, 2333.45, 70.45245956]
[1497949200, 2324.05, 2346.2, 2346.2, 2339.33, 74.29665384]
[1497945600, 2340, 2349.99, 2347.21, 2346.2, 85.68844445]
[1497942000, 2343.81, 2358.32, 2351.33, 2344.06, 79.02842308]
[1497938400, 2330, 2352.64, 2331.97, 2351.75, 56.88616396]
[1497934800, 2322.25, 2332, 2328.62, 2331.99, 32.68761922]
[1497931200, 2325.15, 2331, 2327.53, 2328.62, 11.26104266]
[1497927600, 2327.52, 2335.77, 2333.03, 2327.54, 17.66723269]
[1497924000, 2330.05, 2347.94, 2347.93, 2332.28, 15.09037525]
[1497920400, 2331.78, 2350, 2338.7, 2347.14, 18.65997207]
[1497916800, 2321.33, 2350, 2329.59, 2338.7, 36.49043226]
[1497913200, 2313.54, 2329.13, 2313.54, 2329.13, 34.12294254]
[1497909600, 2304.96, 2320.5, 2304.96, 2313.14, 42.45962248]
[1497906000, 2300.67, 2317.67, 2310.32, 2304.88, 47.28300509]
[1497902400, 2291.66, 2314.23, 2294.11, 2311.92, 55.25006892]
[1497898800, 2290.01, 2315.23, 2314.78, 2294.45, 59.61104167]
[1497895200, 2301.61, 2314.87, 2312.99, 2314.79, 64.3974543]
[1497891600, 2298.41, 2314.84, 2302, 2313, 60.3073861]
[1497888000, 2279.71, 2306.55, 2279.76, 2302, 80.75949528]
[1497884400, 2272.13, 2298.13, 2296.29, 2282.08, 82.04832601]
[1497880800, 2290.7, 2307, 2306.38, 2294.98, 82.02898257]
[1497877200, 2266.47, 2305.94, 2273.58, 2303.37, 79.85835522]
[1497873600, 2247.87, 2290, 2252.02, 2275.6, 89.8871315]
[1497870000, 2225.01, 2268.58, 2260.01, 2250.29, 89.0481981]
[1497866400, 2246.84, 2289.06, 2246.84, 2260.97, 130.4746534]
[1497862800, 2239.86, 2289.06, 2289.04, 2252.86, 66.41981731]
[1497859200, 2275.87, 2289.06, 2282.6, 2289.06, 41.02760383]
[1497855600, 2275.86, 2296, 2291.46, 2282.59, 34.43859176]
[1497852000, 2280.15, 2295.1, 2289.72, 2291.96, 26.73607354]
[1497848400, 2282.34, 2296, 2285.99, 2289.92, 27.4062582]
[1497844800, 2274.98, 2286.86, 2274.99, 2286.53, 12.58238902]
[1497841200, 2270.94, 2275, 2270.94, 2275, 8.63034259]
[1497837600, 2239.87, 2265, 2239.98, 2265, 6.08262609]
[1497834000, 2239.99, 2269.69, 2262.83, 2239.99, 11.07224586]
[1497830400, 2250.64, 2270.43, 2251.21, 2260.7, 14.24314673]
[1497826800, 2236.4, 2252.78, 2243.42, 2252.41, 11.90054202]
[1497823200, 2208.34, 2244.66, 2227.7, 2243.02, 32.74948226]
[1497819600, 2208.28, 2243.64, 2211, 2227.64, 55.26092603]
[1497816000, 2208.41, 2242.38, 2242.38, 2211, 55.8960453]
[1497812400, 2209, 2276.39, 2269.35, 2239.55, 66.07251738]
[1497808800, 2256.03, 2291.14, 2288.74, 2269.36, 56.51304797]
[1497805200, 2286.13, 2304.51, 2300.97, 2289.04, 20.97732345]
[1497801600, 2290.36, 2309, 2293, 2300.97, 31.2861053]
[1497798000, 2269.27, 2299.79, 2278.36, 2299.78, 43.36631511]
[1497794400, 2255.58, 2289.97, 2275.01, 2278.36, 30.55196364]
[1497790800, 2275, 2311.83, 2309.01, 2275.01, 48.15085498]
[1497787200, 2303.01, 2324.99, 2307.21, 2309.01, 59.04499769]
[1497783600, 2289.79, 2321.67, 2307.76, 2304.57, 44.14749853]
[1497780000, 2292.32, 2322, 2296.25, 2304.11, 50.2579261]
[1497776400, 2281.37, 2309, 2300, 2296.63, 54.76789366]
[1497772800, 2225.03, 2300, 2260.86, 2300, 66.16547213]
[1497769200, 2255.73, 2336.04, 2336.04, 2262.04, 61.23810984]
[1497765600, 2325, 2369.97, 2365.77, 2336.05, 35.14463748]
[1497762000, 2362.46, 2383.45, 2372.44, 2365.82, 16.12670831]
[1497758400, 2365, 2386.52, 2381.84, 2372.48, 11.13709432]
[1497754800, 2378.15, 2385.88, 2378.15, 2385.88, 10.04656781]
[1497751200, 2373.24, 2378.17, 2373.71, 2378.17, 2.54724354]
[1497747600, 2350, 2373.79, 2350, 2373.79, 8.20610052]
[1497744000, 2350, 2364.84, 2364.84, 2350.01, 17.66702952]
[1497740400, 2369.67, 2393.57, 2388.24, 2370, 22.35544944]
[1497736800, 2370.68, 2389.57, 2370.89, 2387.74, 39.27590172]
[1497733200, 2343.16, 2372.19, 2354.09, 2370.89, 53.25216078]
[1497729600, 2349.7, 2371.73, 2361, 2349.73, 44.10278258]
[1497726000, 2353.96, 2372.08, 2366.99, 2361, 45.02029129]
[1497722400, 2341.49, 2375, 2341.5, 2367.73, 48.18081313]
[1497718800, 2317.09, 2350, 2318.52, 2341.5, 57.79266296]
[1497715200, 2303.15, 2340.76, 2310.51, 2318.52, 61.76243714]
[1497711600, 2286.4, 2310.52, 2286.46, 2310.51, 40.22391021]
[1497708000, 2267.6, 2291.56, 2279.84, 2286.61, 38.18599751]
[1497704400, 2272.8, 2295, 2292.46, 2279.83, 61.40978966]
[1497700800, 2287.14, 2311.7, 2299, 2294.4, 60.46062645]
[1497697200, 2289.42, 2305.22, 2289.42, 2299, 44.01524049]
[1497693600, 2277.15, 2300, 2278.07, 2291.9, 95.50715918]
[1497690000, 2252.31, 2286.4, 2256.52, 2278.08, 59.24155596]
[1497686400, 2243.6, 2265, 2251.99, 2256.46, 45.6106888]
