[1496966400, 2502.41, 2505, 2505, 2505, 11.36314763]
[1496962800, 2490.25, 2505, 2499.71, 2504.97, 24.85512916]
[1496959200, 2469.38, 2505.89, 2483.6, 2503.03, 71.6522668]
[1496955600, 2460.25, 2495, 2461.1, 2485.84, 66.75137048]
[1496952000, 2455.22, 2475, 2465.25, 2461.73, 77.58783011]
[1496948400, 2440.33, 2470, 2449.58, 2465.14, 82.6055246]
[1496944800, 2432.62, 2453.91, 2446.03, 2450.95, 94.68162685]
[1496941200, 2424.73, 2456.19, 2452, 2446.03, 89.72995645]
[1496937600, 2439.29, 2467.05, 2443.23, 2459.01, 120.10907]
[1496934000, 2418.98, 2454.17, 2425, 2443.23, 109.01293725]
[1496930400, 2419.02, 2466.27, 2448.27, 2425, 122.21910154]
[1496926800, 2439.01, 2477.57, 2474.98, 2449.23, 120.52741868]
[1496923200, 2448.52, 2477.57, 2472.47, 2474.98, 107.99979232]
[1496919600, 2472.46, 2502.9, 2497.51, 2472.47, 101.55391397]
[1496916000, 2489.41, 2520, 2495.91, 2497.51, 123.89081509]
[1496912400, 2480.02, 2510, 2493.71, 2495.7, 123.23166814]
[1496908800, 2477.99, 2509.97, 2480.14, 2493.73, 83.88219586]
[1496905200, 2463.07, 2520, 2506.75, 2480.14, 135.72551799]
[1496901600, 2486.32, 2522.85, 2494.99, 2502.54, 81.01450763]
[1496898000, 2459.52, 2495, 2476.52, 2491.12, 46.94296751]
[1496894400, 2434.92, 2484.24, 2438.44, 2481.94, 30.62220848]
[1496890800, 2424.2, 2443.1, 2438.73, 2437.85, 18.8928396]
[1496887200, 2410.07, 2446.02, 2426.21, 2438.71, 20.31946253]
[1496883600, 2382.47, 2429.99, 2394.99, 2425.59, 21.97982222]
[1496880000, 2340.01, 2412.25, 2398.71, 2394.7, 55.22766522]
[1496876400, 2393.12, 2457.69, 2428.7, 2401.39, 79.6344021]
[1496872800, 2321.2, 2429.27, 2385.01, 2428.7, 247.50698747]
[1496869200, 2384.18, 2461.25, 2436.39, 2385.01, 172.58778672]
[1496865600, 2428.5, 2488.11, 2488.08, 2436.39, 136.81828039]
[1496862000, 2475.29, 2507, 2498.41, 2489.27, 93.39769848]
[1496858400, 2486.84, 2524.8, 2514.02, 2498.41, 100.51124783]
[1496854800, 2504.25, 2541.32, 2520.71, 2511.95, 112.14944888]
[1496851200, 2479.28, 2530, 2497.08, 2520.84, 159.31166012]
[1496847600, 2456.35, 2530, 2521.83, 2497.5, 200.37527106]
[1496844000, 2505.31, 2541.98, 2531.04, 2524, 178.29034795]
[1496840400, 2531.13, 2561.13, 2561.13, 2531.13, 118.18134458]
[1496836800, 2552, 2573, 2565, 2565, 95.1641748]
[1496833200, 2537.12, 2574.25, 2570, 2565, 147.95462321]
[1496829600, 2537.41, 2570, 2541, 2570, 113.0492548]
[1496826000, 2510.39, 2559.99, 2521, 2541.02, 133.81170538]
[1496822400, 2510, 2542.93, 2542.28, 2521, 151.99207548]
[1496818800, 2493.95, 2544.99, 2510.54, 2540.95, 142.77947607]
[1496815200, 2480, 2552, 2552, 2510.56, 92.28008418]
[1496811600, 2544.01, 2560, 2548.99, 2552, 38.70625466]
[1496808000, 2542.73, 2557.52, 2543.29, 2548.94, 33.12524117]
[1496804400, 2542.14, 2545, 2544.99, 2543.29, 7.15431477]
[1496800800, 2542.9, 2545, 2544.18, 2545, 9.43461459]
[1496797200, 2512.92, 2554.2, 2531.34, 2544.65, 25.19906384]
[1496793600, 2530.81, 2581.77, 2573.21, 2530.81, 22.8915034]
[1496790000, 2552.97, 2575.76, 2553.49, 2573.25, 31.25121533]
[1496786400, 2550.27, 2579.33, 2570.97, 2556.24, 58.10491989]
[1496782800, 2564, 2587.89, 2577, 2574.98, 80.99622065]
[1496779200, 2510.65, 2577, 2550.79, 2577, 104.90236479]
[1496775600, 2500, 2565, 2514.24, 2550.81, 88.41632669]
[1496772000, 2473.45, 2543.54, 2473.71, 2517.6, 168.95848396]
[1496768400, 2380.02, 2500, 2432.02, 2492.54, 220.19096038]
[1496764800, 2378.56, 2547, 2538.12, 2443.54, 269.07353134]
[1496761200, 2491.21, 2549.13, 2503.82, 2538.19, 218.55816782]
[1496757600, 2503.81, 2617.42, 2608.47, 2503.81, 218.77321554]
[1496754000, 2579.25, 2621.93, 2604.25, 2608.47, 165.15803881]
[1496750400, 2567.8, 2615, 2570.4, 2604.26, 143.40487356]
[1496746800, 2551, 2578, 2551.01, 2567.86, 101.47338619]
[1496743200, 2530, 2578, 2571.53, 2554.81, 111.38477407]
[1496739600, 2537.52, 2580, 2544.36, 2571.53, 131.79910052]
[1496736000, 2519.05, 2546.85, 2523.19, 2545, 107.73413111]
[1496732400, 2515, 2540, 2530.15, 2520.53, 134.42154357]
[1496728800, 2507.36, 2539.2, 2513.21, 2531.15, 94.96335084]
[1496725200, 2483.42, 2525.63, 2523, 2513.25, 99.15175913]
[1496721600, 2484.17, 2533.58, 2489.89, 2524.56, 54.88760213]
[1496718000, 2444.96, 2540.7, 2507.96, 2490, 44.1856392]
[1496714400, 2440, 2507.33, 2440, 2507.33, 48.29704729]
[1496710800, 2404.78, 2447.98, 2447.97, 2440, 20.90371367]
[1496707200, 2398.95, 2447.91, 2399.99, 2447.7, 34.29306696]
[1496703600, 2386.29, 2400, 2389.09, 2399.99, 36.99313306]
[1496700000, 2368.97, 2396.44, 2378.62, 2389.2, 59.93559012]
[1496696400, 2362.32, 2399, 2377.93, 2378.63, 72.60888601]
[1496692800, 2359.5, 2380.08, 2361.15, 2378.47, 81.06683932]
[1496689200, 2339.38, 2362.76, 2343.86, 2362.68, 95.58197435]
[1496685600, 2326.05, 2350, 2347.42, 2346.29, 113.47436391]
[1496682000, 2328.04, 2347.42, 2329.93, 2343.35, 48.79009545]
[1496678400, 2321, 2336, 2336, 2330, 58.55245285]
[1496674800, 2317.99, 2344.26, 2318, 2336, 77.18536587]
[1496671200, 2308.36, 2318, 2313, 2318, 67.90810346]
[1496667600, 2305.46, 2319.1, 2305.46, 2313, 105.26349696]
[1496664000, 2294.51, 2314.15, 2308.21, 2305.14, 68.11614274]
[1496660400, 2300.86, 2320, 2313.57, 2308.07, 70.60479736]
[1496656800, 2301.39, 2319, 2304.03, 2313.19, 77.67006]
[1496653200, 2286.99, 2303.77, 2287, 2303.74, 65.5072346]
[1496649600, 2285.5, 2300, 2297.09, 2287, 75.03231532]
[1496646000, 2295.24, 2299, 2298, 2298, 46.32295018]
[1496642400, 2273.43, 2298, 2273.43, 2298, 41.31424964]
[1496638800, 2252.17, 2298.98, 2291.7, 2273.37, 41.21797712]
[1496635200, 2279.18, 2291.71, 2279.18, 2291.71, 8.1694169]
[1496631600, 2273.99, 2279.18, 2273.99, 2279.18, 3.67498763]
[1496628000, 2273.63, 2274, 2273.92, 2274, 4.1548]
[1496624400, 2260, 2273.92, 2260, 2273.92, 6.16]
[1496620800, 2250.56, 2261.98, 2251.16, 2260, 8.32925861]
[1496617200, 2242.19, 2261.45, 2242.19, 2250.07, 20.02905233]
[1496613600, 2230.73, 2242.93, 2241.91, 2242.27, 21.93521231]
[1496610000, 2223.54, 2249.24, 2223.54, 2241.88, 53.68554603]
[1496606400, 2203.3, 2228.95, 2223.04, 2223.54, 56.97952825]
[1496602800, 2214.53, 2250.48, 2250.48, 2214.53, 86.12710391]
[1496599200, 2242.41, 2257.33, 2249.94, 2250.62, 26.65515694]
[1496595600, 2245.02, 2257.21, 2247.64, 2249.87, 42.10386214]
[1496592000, 2237.32, 2254.6, 2247.88, 2250.13, 36.01521317]
[1496588400, 2237.18, 2255.69, 2243.54, 2247.73, 37.61722528]
[1496584800, 2230.38, 2261.52, 2240.01, 2244.07, 44.57566056]
[1496581200, 2240, 2269, 2263.1, 2240.01, 102.1808893]
[1496577600, 2260.49, 2275.6, 2267, 2263.12, 25.11994736]
[1496574000, 2250.66, 2274.05, 2254.93, 2267, 39.30629227]
[1496570400, 2245.45, 2269.43, 2268.03, 2254.75, 57.40970692]
[1496566800, 2261.13, 2283.82, 2277.28, 2268, 41.35811005]
[1496563200, 2242.79, 2281.81, 2244.87, 2277.28, 39.96988167]
[1496559600, 2239.32, 2251.51, 2249.73, 2248.75, 28.92200863]
[1496556000, 2228.7, 2249.75, 2246.94, 2249.75, 32.24150081]
[1496552400, 2246.19, 2263.02, 2257.58, 2246.94, 24.072871]
[1496548800, 2223.86, 2257.59, 2235.21, 2257.59, 10.36833594]
[1496545200, 2230.44, 2244.16, 2236.62, 2235.22, 17.36706228]
[1496541600, 2212.66, 2240.76, 2240.76, 2239.32, 12.66649764]
[1496538000, 2232.93, 2254.59, 2245.89, 2240.93, 12.69751434]
[1496534400, 2212, 2272.87, 2272.83, 2245.36, 64.23586861]
[1496530800, 2265.86, 2291.57, 2291.18, 2272.78, 28.92400787]
[1496527200, 2275.66, 2294.27, 2276.26, 2287.61, 33.41358853]
[1496523600, 2270.09, 2296.06, 2290.02, 2277.71, 39.5262198]
[1496520000, 2267.96, 2301.66, 2287.17, 2291.5, 47.12365412]
[1496516400, 2278.18, 2305, 2283.22, 2289.86, 62.75957528]
[1496512800, 2282.63, 2310, 2308.72, 2283.48, 53.87561222]
[1496509200, 2296.56, 2318.35, 2298.4, 2308.73, 57.7968022]
[1496505600, 2278.76, 2299, 2284.17, 2298.99, 61.43159242]
[1496502000, 2268.69, 2284.17, 2277, 2284.17, 53.30475604]
[1496498400, 2258.15, 2277.71, 2259.85, 2277, 162.62670392]
[1496494800, 2250, 2265.57, 2258.73, 2256.35, 99.35947412]
[1496491200, 2250.01, 2277.27, 2260.29, 2259.17, 78.22101191]
[1496487600, 2238.99, 2264.1, 2239, 2260.33, 96.83351961]
[1496484000, 2229.88, 2239, 2232.62, 2239, 48.20142816]
[1496480400, 2220.72, 2243.89, 2230, 2235.3, 59.7925017]
[1496476800, 2210.7, 2235.82, 2220.2, 2230, 62.46196101]
[1496473200, 2206.38, 2220.2, 2208.54, 2220.19, 49.42601424]
[1496469600, 2194.62, 2209.67, 2202.61, 2208.54, 28.1442554]
[1496466000, 2190.68, 2223.97, 2194.68, 2202.61, 47.87787013]
[1496462400, 2191.08, 2205.99, 2205.98, 2194.68, 18.20662645]
[1496458800, 2195.28, 2230, 2221.92, 2206.93, 12.25212726]
[1496455200, 2219.91, 2230, 2220.52, 2226.34, 11.11738867]
[1496451600, 2213.37, 2229.73, 2225.57, 2219.12, 12.8928686]
[1496448000, 2223.83, 2230, 2224.73, 2225.68, 11.852]
[1496444400, 2196.13, 2224.73, 2196.15, 2224.73, 52.27316318]
[1496440800, 2180.22, 2196.86, 2185.83, 2196.86, 25.09708603]
[1496437200, 2172.85, 2187.8, 2174.17, 2184.73, 32.1520782]
[1496433600, 2161.57, 2183.96, 2167.06, 2180.19, 36.10292509]
[1496430000, 2159.8, 2173, 2173, 2167.12, 71.28254957]
[1496426400, 2151.93, 2173, 2166, 2173, 48.62937569]
[1496422800, 2150, 2181.09, 2181.09, 2166, 97.87284639]
[1496419200, 2170.37, 2188.91, 2178.22, 2181.09, 64.47331475]
[1496415600, 2146.82, 2178.24, 2158.41, 2178.24, 58.30210745]
[1496412000, 2133.53, 2160, 2144.7, 2158.4, 61.18158965]
[1496408400, 2143.42, 2176.55, 2172.83, 2144.7, 68.12157371]
[1496404800, 2167.26, 2195.07, 2184.92, 2172.83, 59.94238672]
[1496401200, 2170.99, 2187.71, 2180.62, 2185.43, 71.23462922]
[1496397600, 2177.01, 2192.38, 2190.37, 2181.51, 70.80055519]
[1496394000, 2167.3, 2192.3, 2171.59, 2190.68, 90.72478724]
[1496390400, 2165, 2190.86, 2190.49, 2171.64, 119.35824177]
[1496386800, 2177.16, 2196.86, 2184.4, 2190.49, 72.40644406]
[1496383200, 2150, 2184.39, 2172.99, 2183.31, 43.001108]
[1496379600, 2159.07, 2176.49, 2169.3, 2173.19, 32.69871076]
[1496376000, 2168.77, 2169.92, 2169.92, 2169.31, 16.51730622]
[1496372400, 2169.08, 2169.92, 2169.91, 2169.92, 7.90328624]
[1496368800, 2134.93, 2169.92, 2134.93, 2169.29, 15.74413989]
[1496365200, 2134.92, 2145.01, 2145.01, 2134.93, 4.90602386]
[1496361600, 2145.01, 2170, 2164.28, 2145.01, 18.09309103]
[1496358000, 2135.82, 2164.28, 2145.89, 2164.2, 21.73844204]
[1496354400, 2130, 2161.94, 2150.06, 2146.27, 44.61251193]
[1496350800, 2148.76, 2166.95, 2150.52, 2150.06, 52.8941135]
[1496347200, 2140.44, 2155, 2141.68, 2150.51, 78.65116292]
[1496343600, 2118.39, 2151.54, 2128.58, 2142.21, 59.43457435]
[1496340000, 2124.63, 2148.37, 2125.82, 2129.45, 69.10179374]
[1496336400, 2075, 2135.9, 2110.14, 2124.23, 136.93044789]
[1496332800, 2108.1, 2149.97, 2145.01, 2109.87, 157.63329078]
[1496329200, 2124.05, 2170.01, 2170, 2141.92, 189.55528912]
[1496325600, 2170, 2192.2, 2184.73, 2170.01, 88.78753237]
[1496322000, 2162, 2205.59, 2205.59, 2191, 121.84350556]
[1496318400, 2191.9, 2220, 2197.23, 2206.23, 153.82738789]
[1496314800, 2176.31, 2206.2, 2189.08, 2197.22, 67.97654351]
[1496311200, 2170, 2200, 2191.55, 2183.51, 113.70068064]
[1496307600, 2180.01, 2219, 2181.71, 2191.59, 192.1623403]
[1496304000, 2147.59, 2188.49, 2149.99, 2184.81, 147.7907687]
[1496300400, 2129.54, 2150, 2140.52, 2149.99, 74.0246512]
[1496296800, 2129.88, 2149, 2142.11, 2141.04, 113.75053286]
[1496293200, 2131.1, 2149, 2137, 2142.11, 47.70398205]
[1496289600, 2116.27, 2136.26, 2118.7, 2136.26, 56.38685829]
[1496286000, 2096.11, 2123, 2098, 2118.49, 33.96893187]
[1496282400, 2092.19, 2117, 2104.98, 2096.76, 20.83259924]
[1496278800, 2067.98, 2104.99, 2067.99, 2104.99, 51.26208233]
[1496275200, 2056.86, 2067.99, 2058.96, 2067.98, 13.34921979]
[1496271600, 2057.95, 2068, 2066, 2057.95, 25.6243032]
[1496268000, 2042.7, 2067.51, 2042.79, 2065.72, 39.61830568]
[1496264400, 2040.1, 2056.96, 2054.49, 2045.01, 37.20925866]
[1496260800, 2057.15, 2069.52, 2065.93, 2057.15, 61.04311313]
[1496257200, 2040.65, 2089, 2087.04, 2061.07, 91.92352119]
[1496253600, 2078.8, 2090, 2079.99, 2087.04, 56.28555804]
[1496250000, 2050.49, 2079.99, 2059.95, 2079.99, 79.09346395]
[1496246400, 2041.02, 2075, 2043.91, 2059.94, 97.74687143]
