[1502726400, 3615, 3670.62, 3632.98, 3660, 131.84249828]
[1502722800, 3562.08, 3685.47, 3642.58, 3632.98, 233.66331975]
[1502719200, 3623.68, 3672.78, 3636.06, 3642.58, 287.97229379]
[1502715600, 3590, 3660, 3594.01, 3636.06, 232.32436769]
[1502712000, 3536.52, 3600, 3553.96, 3594, 134.42161231]
[1502708400, 3538.55, 3589.45, 3572.51, 3553.96, 131.6958829]
[1502704800, 3550, 3610.95, 3576.8, 3574.01, 226.37834407]
[1502701200, 3496.55, 3581.69, 3524, 3576.8, 244.52432848]
[1502697600, 3467.27, 3534.23, 3470.21, 3524, 147.24403924]
[1502694000, 3463, 3500, 3466.06, 3470.21, 105.01835724]
[1502690400, 3428.86, 3473.87, 3429, 3473.87, 36.15536815]
[1502686800, 3430.86, 3448.53, 3435.32, 3431.38, 18.96458337]
[1502683200, 3387, 3440.61, 3399.09, 3432.99, 13.19945036]
[1502679600, 3395, 3465.12, 3465.12, 3395.01, 15.14129371]
[1502676000, 3450, 3481.24, 3475.14, 3465.12, 24.01598135]
[1502672400, 3472.81, 3492.66, 3479.97, 3477.45, 14.06811517]
[1502668800, 3452.71, 3499, 3453.77, 3479.97, 20.96895585]
[1502665200, 3440, 3495.44, 3495.41, 3453.95, 22.63510087]
[1502661600, 3475.49, 3500, 3490.93, 3492.29, 40.57988905]
[1502658000, 3409, 3491, 3414, 3491, 65.0353297]
[1502654400, 3383.16, 3433.27, 3393.78, 3415.44, 40.06739541]
[1502650800, 3380.23, 3463.58, 3462.01, 3393.84, 87.36631392]
[1502647200, 3407.2, 3475, 3412.3, 3464.04, 58.42886301]
[1502643600, 3364.32, 3484.6, 3466.15, 3412.3, 113.38807454]
[1502640000, 3415, 3491, 3429.99, 3466.3, 83.32010403]
[1502636400, 3387, 3480.14, 3391.88, 3430, 91.79074467]
[1502632800, 3356.31, 3417.14, 3409.03, 3391.88, 66.06983075]
[1502629200, 3231.36, 3434.69, 3286.35, 3414.13, 205.13495162]
[1502625600, 3226.79, 3410.73, 3399.29, 3285.79, 222.23004114]
[1502622000, 3365.34, 3506.75, 3503.99, 3396.09, 129.78526545]
[1502618400, 3406.1, 3518.85, 3516.73, 3502.18, 151.21771705]
[1502614800, 3485, 3582.22, 3571, 3518.84, 134.19995179]
[1502611200, 3500, 3582.13, 3547.26, 3571, 183.45144277]
[1502607600, 3497.69, 3551.39, 3497.69, 3547.26, 106.43513087]
[1502604000, 3425.24, 3496.93, 3431.77, 3496.93, 55.25341659]
[1502600400, 3370.4, 3464.02, 3463.65, 3430.03, 62.9442611]
[1502596800, 3397.54, 3475, 3448.53, 3460.15, 28.41252171]
[1502593200, 3431.21, 3494.57, 3465.58, 3448.56, 32.16870556]
[1502589600, 3385.63, 3467.61, 3424.1, 3467.61, 33.48971349]
[1502586000, 3344.87, 3477.74, 3344.87, 3424.09, 95.34388167]
[1502582400, 3304.14, 3344.88, 3304.14, 3344.87, 26.74577778]
[1502578800, 3270, 3315, 3272, 3304.14, 40.53420717]
[1502575200, 3238.56, 3278.25, 3249.5, 3271.99, 51.84172595]
[1502571600, 3194.07, 3250, 3210, 3249.49, 81.09685037]
[1502568000, 3150, 3326.35, 3322.97, 3210, 183.21702543]
[1502564400, 3285.61, 3338.53, 3319.21, 3325.99, 103.14160272]
[1502560800, 3290.62, 3340, 3313, 3316.5, 82.88259797]
[1502557200, 3233.53, 3333.31, 3272.79, 3313, 170.27768729]
[1502553600, 3258.46, 3386.93, 3290.98, 3258.46, 141.93532481]
[1502550000, 3245.69, 3297.79, 3245.9, 3290.95, 101.01898691]
[1502546400, 3227.93, 3252.69, 3227.93, 3245.7, 66.10560807]
[1502542800, 3220.41, 3245.32, 3243.27, 3227.93, 47.00075762]
[1502539200, 3215, 3259.65, 3257.11, 3243.05, 83.80393907]
[1502535600, 3202.02, 3261.62, 3259.79, 3257.11, 102.4346989]
[1502532000, 3238.57, 3279.86, 3238.57, 3261.65, 121.49428196]
[1502528400, 3200.94, 3238.57, 3214.75, 3238.57, 90.96301563]
[1502524800, 3143.72, 3247.85, 3246.74, 3214.65, 146.42174583]
[1502521200, 3214.15, 3266.59, 3214.54, 3246.73, 122.45092626]
[1502517600, 3164.4, 3238.5, 3172.16, 3214.14, 86.08100847]
[1502514000, 3150.94, 3175, 3168.95, 3170.55, 53.25635904]
[1502510400, 3124.01, 3168.93, 3125.85, 3167.35, 23.64567986]
[1502506800, 3095.04, 3125.7, 3095.04, 3125.7, 7.78958205]
[1502503200, 3080, 3106.31, 3080.03, 3103.54, 14.66984836]
[1502499600, 3080.23, 3104.13, 3103.9, 3081.2, 11.62895582]
[1502496000, 3100.26, 3126.66, 3112.53, 3105.27, 43.46275652]
[1502492400, 3093.71, 3177.08, 3133.19, 3112.53, 94.50704614]
[1502488800, 3068.01, 3140.41, 3085, 3131.19, 102.61874278]
[1502485200, 3053.32, 3085.9, 3053.52, 3085, 68.00038745]
[1502481600, 3023.06, 3056.55, 3025.93, 3053.28, 73.89135505]
[1502478000, 3012.11, 3025.95, 3025.9, 3025.93, 43.72322105]
[1502474400, 3017.46, 3030.04, 3024.94, 3025.89, 79.92579868]
[1502470800, 3002.24, 3025.2, 3011.27, 3024.94, 83.04082681]
[1502467200, 3002.85, 3041.84, 3038.68, 3011.27, 118.07734104]
[1502463600, 3023.36, 3044.47, 3030.57, 3038.95, 109.49709483]
[1502460000, 3027.58, 3049.56, 3036.5, 3031.66, 123.78734308]
[1502456400, 3012.4, 3040, 3030, 3039.89, 150.50735035]
[1502452800, 2999.39, 3032.3, 2999.4, 3032, 153.42812357]
[1502449200, 2989.12, 2999.66, 2990.46, 2999.4, 104.99014986]
[1502445600, 2981.91, 2999.66, 2998.78, 2990.46, 107.07260925]
[1502442000, 2992.97, 2999.99, 2994.11, 2998.75, 91.86650991]
[1502438400, 2981.11, 2999.66, 2995.54, 2995.08, 118.52921265]
[1502434800, 2975, 2999.66, 2978.11, 2995.69, 116.18600954]
[1502431200, 2971.84, 2989.69, 2984.58, 2978.11, 53.64502348]
[1502427600, 2957.21, 2989, 2961.92, 2984.8, 39.72347866]
[1502424000, 2952.56, 2961.92, 2956.37, 2961.92, 15.18095017]
[1502420400, 2945.66, 2958.66, 2945.67, 2956.38, 9.48089317]
[1502416800, 2942.06, 2951.41, 2944.61, 2945.67, 5.17088]
[1502413200, 2933.45, 2949, 2945.19, 2947.19, 10.98971745]
[1502409600, 2943.94, 2953.53, 2949.78, 2945.19, 19.87775469]
[1502406000, 2942.59, 2955.76, 2947.91, 2948.31, 22.98896926]
[1502402400, 2918.02, 5000, 2936.84, 2946.8, 196.20511075]
[1502398800, 2930.82, 2950, 2930.89, 2936.84, 68.43082393]
[1502395200, 2912, 2935.33, 2933.28, 2930.89, 62.7150152]
[1502391600, 2912.35, 2943.81, 2921.03, 2933.27, 93.81750928]
[1502388000, 2918.4, 2938.21, 2936.69, 2921.32, 75.69536861]
[1502384400, 2931.95, 2943.8, 2942.44, 2936.73, 61.7609669]
[1502380800, 2943.82, 2958.52, 2954.99, 2943.82, 83.9946295]
[1502377200, 2943.9, 2959.26, 2957, 2954.98, 95.41355721]
[1502373600, 2925.01, 2957, 2925.87, 2957, 91.08967317]
[1502370000, 2916.62, 2929.22, 2919.28, 2929.22, 56.51319261]
[1502366400, 2910.25, 2923.79, 2922.11, 2919.24, 60.19409928]
[1502362800, 2915.84, 2940.05, 2916.53, 2923.48, 87.98291197]
[1502359200, 2910.7, 2940.18, 2938.39, 2916.53, 115.76733361]
[1502355600, 2918.35, 2944, 2918.36, 2937.12, 119.88379472]
[1502352000, 2892.83, 2920, 2913.91, 2918.7, 106.45411533]
[1502348400, 2883.7, 2917.62, 2886.6, 2914.03, 108.13333003]
[1502344800, 2861.99, 2890.5, 2862, 2884.17, 54.31664693]
[1502341200, 2858.65, 2866.18, 2863.64, 2862, 15.39475073]
[1502337600, 2843.7, 2866.44, 2843.7, 2863.64, 6.1897001]
[1502334000, 2840.42, 2860.68, 2860.66, 2843.7, 8.94111378]
[1502330400, 2858.58, 2873.66, 2872.49, 2860.65, 11.28849457]
[1502326800, 2855.69, 2872.5, 2856.77, 2872.5, 3.36577012]
[1502323200, 2852.01, 2875, 2865.63, 2858.8, 11.52313639]
[1502319600, 2833.16, 2875, 2833.16, 2867.58, 20.1704742]
[1502316000, 2830.2, 2878.59, 2876.91, 2833.79, 48.21099346]
[1502312400, 2876.89, 2889.52, 2888.12, 2876.91, 40.52803624]
[1502308800, 2861.12, 2898.48, 2865.66, 2887.96, 63.45993645]
[1502305200, 2848.01, 2869.99, 2854.13, 2865, 43.53001445]
[1502301600, 2846.38, 2855.95, 2847.01, 2853.7, 45.70103305]
[1502298000, 2831.62, 2848.1, 2834, 2845.96, 82.88279278]
[1502294400, 2813.69, 2844.62, 2820.24, 2833.99, 68.52472064]
[1502290800, 2778.31, 2826.96, 2780.59, 2823.22, 91.57183801]
[1502287200, 2775.56, 2827.77, 2827.59, 2784.13, 126.47576846]
[1502283600, 2825, 2852.39, 2842.01, 2830.73, 78.16332988]
[1502280000, 2819.35, 2864.88, 2847.73, 2842, 109.46832808]
[1502276400, 2800, 2850.91, 2835.64, 2847.36, 108.65921747]
[1502272800, 2775.56, 2884.25, 2883.99, 2835.65, 212.23171839]
[1502269200, 2880.12, 2919.21, 2906.05, 2884.58, 115.3830874]
[1502265600, 2900.03, 2937.78, 2918.89, 2905.19, 90.48819147]
[1502262000, 2893.95, 2936.27, 2925.16, 2930.42, 94.38151003]
[1502258400, 2888.89, 2947.75, 2889.28, 2920.02, 86.68645315]
[1502254800, 2871.4, 2894.35, 2875.57, 2889.27, 34.91168567]
[1502251200, 2875, 2891.51, 2891.51, 2875.57, 21.59184645]
[1502247600, 2885.25, 2899.86, 2891.06, 2891.45, 9.9638423]
[1502244000, 2871.4, 2891.14, 2885.34, 2891.07, 25.91525591]
[1502240400, 2885, 2904.74, 2900.02, 2885.35, 56.41354748]
[1502236800, 2901.97, 2943.18, 2932.68, 2901.97, 29.62921894]
[1502233200, 2927.55, 2953, 2950, 2934, 15.47053635]
[1502229600, 2934.04, 2950, 2939.96, 2950, 24.08787601]
[1502226000, 2914.99, 2955, 2953.03, 2939.99, 82.76876259]
[1502222400, 2924.8, 2954.96, 2926.67, 2953.03, 118.62165567]
[1502218800, 2889, 2942.96, 2889, 2926.65, 123.30240067]
[1502215200, 2875.66, 2901.94, 2896.05, 2888.89, 82.79153513]
[1502211600, 2875.9, 2903.14, 2875.99, 2896, 81.45692197]
[1502208000, 2856.38, 2898.72, 2885.13, 2876, 106.05916193]
[1502204400, 2881.01, 2922.4, 2881.01, 2889.58, 109.86922265]
[1502200800, 2860.02, 2906.29, 2879.23, 2881.76, 119.27535419]
[1502197200, 2865.61, 2938.19, 2926.62, 2880, 206.77268839]
[1502193600, 2910.03, 2955, 2938.49, 2926.62, 115.02344608]
[1502190000, 2901.29, 2941.58, 2912.67, 2939.29, 89.32488239]
[1502186400, 2910.79, 2945.29, 2937.22, 2912.67, 112.57264271]
[1502182800, 2919.17, 2980.01, 2976.8, 2937.27, 168.46263222]
[1502179200, 2944.7, 2982.69, 2946.36, 2977.68, 131.51767822]
[1502175600, 2935, 2962, 2940.22, 2944.35, 139.51121643]
[1502172000, 2907.99, 2963.97, 2936.35, 2940.47, 131.89373574]
[1502168400, 2914.99, 2953.96, 2938.5, 2930.06, 74.19495281]
[1502164800, 2919.95, 2945, 2928.97, 2938.5, 29.10455818]
[1502161200, 2903.57, 2930.52, 2903.57, 2928.97, 24.87292443]
[1502157600, 2884.99, 2908.55, 2885, 2903.58, 9.20660807]
[1502154000, 2875.87, 2895.03, 2877.51, 2885, 19.00659855]
[1502150400, 2871.2, 2903.16, 2903.05, 2875.91, 22.4479502]
[1502146800, 2892.21, 2912.92, 2899.21, 2902.8, 40.17209377]
[1502143200, 2874.11, 2900, 2874.12, 2899.21, 54.43377636]
[1502139600, 2857, 2874.12, 2859, 2874.11, 37.77958513]
[1502136000, 2856.54, 2877.28, 2868.1, 2859.01, 71.55633007]
[1502132400, 2834.3, 2874.75, 2834.34, 2869.86, 45.2632687]
[1502128800, 2835.49, 2870, 2866.5, 2835.59, 82.81740134]
[1502125200, 2863.26, 2890, 2889.48, 2870, 63.3470126]
[1502121600, 2860, 2897.98, 2892.01, 2889.48, 81.95014926]
[1502118000, 2871.18, 2900, 2889.98, 2892.9, 116.77438656]
[1502114400, 2856.02, 2903, 2901.66, 2889.98, 132.52290507]
[1502110800, 2864.58, 2914.22, 2902.59, 2902.99, 155.60426229]
[1502107200, 2847.27, 2925.65, 2847.28, 2903.91, 152.27130901]
[1502103600, 2788.88, 2850, 2788.89, 2850, 159.48524789]
[1502100000, 2785.1, 2788.89, 2788.75, 2788.89, 62.87839541]
[1502096400, 2783.21, 2800, 2783.24, 2788.74, 91.01774408]
[1502092800, 2762.64, 2788.64, 2763.61, 2783.25, 93.39170809]
[1502089200, 2754.16, 2774.36, 2767.17, 2763.61, 70.85146165]
[1502085600, 2762.39, 2769.02, 2765.8, 2767.16, 11.21714651]
[1502082000, 2750.04, 2769.01, 2756.13, 2766.49, 23.58721785]
[1502078400, 2754.82, 2760, 2759.11, 2756.13, 7.75068884]
[1502074800, 2749.86, 2759.73, 2752.15, 2758.98, 3.55]
[1502071200, 2734.83, 2752.15, 2738.55, 2752.15, 3.197546]
[1502067600, 2725, 2746.32, 2741.63, 2737.71, 16.50161439]
[1502064000, 2748.49, 2762.79, 2750.01, 2748.49, 13.49998882]
[1502060400, 2750, 2771.92, 2771.92, 2750.03, 22.61658114]
[1502056800, 2771.91, 2786, 2774.42, 2771.92, 19.72498591]
[1502053200, 2764.35, 2784.99, 2784.99, 2774.41, 37.11191167]
[1502049600, 2777.03, 2796.1, 2777.25, 2784.24, 45.65505709]
[1502046000, 2762.61, 2780, 2766.1, 2777.03, 37.94451231]
[1502042400, 2760.06, 2778.99, 2776, 2766.08, 35.42855152]
[1502038800, 2763.32, 2783.22, 2769.8, 2776, 48.76895221]
[1502035200, 2750.92, 2789.99, 2751.14, 2768.68, 71.79856747]
[1502031600, 2742.81, 2764.74, 2748.69, 2751.32, 59.66162408]
[1502028000, 2715.5, 2750, 2715.97, 2749.95, 31.83270448]
[1502024400, 2703.11, 2724.33, 2718.78, 2716.2, 34.65651932]
[1502020800, 2700.17, 2721, 2700.17, 2719.92, 25.28743423]
[1502017200, 2700.16, 2721.13, 2711.65, 2700.17, 30.21174189]
[1502013600, 2700, 2712.26, 2705.08, 2710.21, 44.22692612]
[1502010000, 2687, 2718.16, 2687.01, 2705.08, 27.53715454]
[1502006400, 2675.22, 2700.1, 2700.09, 2687.01, 57.22835436]
