[1499846400, 2017.44, 2037.17, 2025.25, 2033.92, 90.9938231]
[1499842800, 2013.1, 2025.48, 2016.6, 2025.25, 72.67994966]
[1499839200, 2012.16, 2017.13, 2013.51, 2016.6, 43.3774062]
[1499835600, 2003.38, 2016.75, 2016.36, 2013.62, 62.88664953]
[1499832000, 1985.71, 2016.36, 1987.76, 2016.35, 23.46350818]
[1499828400, 1977.86, 1997.64, 1977.86, 1987.76, 42.65532285]
[1499824800, 1972, 1990.03, 1986.88, 1977.85, 28.23278343]
[1499821200, 1985.27, 2028.29, 2020.28, 1986.88, 39.41473603]
[1499817600, 2003.86, 2028.79, 2028.79, 2013.8, 57.01488626]
[1499814000, 2025.74, 2043.69, 2040.25, 2028.79, 28.63858797]
[1499810400, 2021.3, 2056.72, 2036.26, 2038.74, 30.22183872]
[1499806800, 2033.15, 2057.37, 2035, 2036.32, 71.871864]
[1499803200, 2027.21, 2046.93, 2028.98, 2035, 53.46132274]
[1499799600, 2028.23, 2056.09, 2054.52, 2030.78, 63.13385109]
[1499796000, 2038.16, 2067.92, 2067.86, 2054.52, 76.14434318]
[1499792400, 2062, 2074.3, 2071.3, 2067.92, 76.76113958]
[1499788800, 2067.64, 2085.08, 2073.69, 2069.52, 75.70834665]
[1499785200, 2071, 2095.5, 2080.82, 2073.69, 50.72090763]
[1499781600, 2059.31, 2096.49, 2077.97, 2080.29, 92.4921602]
[1499778000, 2074.01, 2134.64, 2119.83, 2077.97, 152.92180751]
[1499774400, 2066.44, 2124.23, 2069.1, 2119.89, 68.54115293]
[1499770800, 2052.21, 2078.85, 2067.45, 2069.46, 93.08885233]
[1499767200, 2063.08, 2097.24, 2075.56, 2066.81, 125.198477]
[1499763600, 2032.26, 2075.57, 2038.55, 2075.57, 166.67301431]
[1499760000, 2033.62, 2053.65, 2050.01, 2039.37, 95.39079188]
[1499756400, 1978.45, 2055.55, 1988.74, 2055.55, 186.74233515]
[1499752800, 1975, 2042.16, 2042.16, 1988.8, 110.49416071]
[1499749200, 2033.03, 2061.22, 2042.79, 2033.03, 45.94766972]
[1499745600, 2010.34, 2047.16, 2044.59, 2043.27, 40.37953803]
[1499742000, 2044.36, 2072.11, 2072.11, 2044.6, 20.17427128]
[1499738400, 2059.81, 2074, 2072.64, 2069.17, 11.18165631]
[1499734800, 2072.29, 2081.19, 2076.67, 2072.61, 5.6072848]
[1499731200, 2050.24, 2088.58, 2063.41, 2076.92, 39.45737431]
[1499727600, 1990.28, 2073.23, 2065.82, 2066.97, 192.56686863]
[1499724000, 2043.92, 2071.48, 2043.92, 2066.38, 98.11481076]
[1499720400, 2036.81, 2105.33, 2099.16, 2043.86, 120.19495952]
[1499716800, 2070.55, 2111.41, 2111.39, 2099.33, 94.49151392]
[1499713200, 2091.9, 2128.15, 2115.03, 2111.42, 101.85626551]
[1499709600, 2108.74, 2140.83, 2133.97, 2115.03, 56.2245472]
[1499706000, 2117.85, 2147.52, 2134.2, 2134.06, 52.63373447]
[1499702400, 2088.65, 2148.83, 2102.28, 2124.07, 97.28965476]
[1499698800, 2080, 2126.08, 2101.9, 2102.3, 121.64314801]
[1499695200, 2058.79, 2155, 2141, 2101.9, 305.33766643]
[1499691600, 2141, 2184.01, 2166, 2141, 92.30523434]
[1499688000, 2164.53, 2200.61, 2197.3, 2166.11, 102.44255628]
[1499684400, 2180.51, 2217.91, 2212.13, 2184.51, 78.22106046]
[1499680800, 2206.74, 2219.81, 2214.03, 2216.33, 74.11881945]
[1499677200, 2211.5, 2219.81, 2218.36, 2217.75, 48.5052454]
[1499673600, 2209.72, 2219.81, 2211.04, 2218.3, 52.52209093]
[1499670000, 2208.49, 2211.15, 2211.03, 2211.08, 15.56210804]
[1499666400, 2202.13, 2211.64, 2202.13, 2210.27, 11.93446837]
[1499662800, 2201.42, 2213.74, 2213.72, 2202.47, 19.28]
[1499659200, 2206.23, 2213.74, 2210.54, 2213.74, 7.20045714]
[1499655600, 2206.3, 2219.94, 2219.93, 2213.77, 8.43959953]
[1499652000, 2219.22, 2219.95, 2219.81, 2219.95, 13.3237201]
[1499648400, 2219.45, 2220.31, 2220.16, 2219.45, 27.62507272]
[1499644800, 2220.16, 2221.46, 2221.2, 2220.17, 30.57123158]
[1499641200, 2221.19, 2222.78, 2222.54, 2221.2, 18.52506997]
[1499637600, 2222.52, 2228.6, 2228.6, 2222.54, 32.05053407]
[1499634000, 2226.64, 2235.04, 2234.75, 2228.6, 13.50886892]
[1499630400, 2234.08, 2243, 2240.44, 2235.06, 21.97206185]
[1499626800, 2235.27, 2243, 2241.22, 2243, 19.18023395]
[1499623200, 2237.28, 2247.24, 2244.72, 2241.22, 16.64728431]
[1499619600, 2243.54, 2247.28, 2247.26, 2244.72, 15.84101867]
[1499616000, 2240, 2247.26, 2247.26, 2247.26, 27.34656449]
[1499612400, 2244.48, 2247.29, 2247.27, 2247.26, 24.080442]
[1499608800, 2240.05, 2249.94, 2247.33, 2247.29, 18.03143657]
[1499605200, 2235.2, 2248.8, 2237.27, 2247.33, 16.97303403]
[1499601600, 2234.47, 2240, 2240, 2237.28, 15.50372683]
[1499598000, 2237.45, 2240, 2237.45, 2240, 16.81995045]
[1499594400, 2237.65, 2238.27, 2238.25, 2238.14, 13.88812873]
[1499590800, 2232.92, 2238.27, 2232.92, 2238.22, 21.38147751]
[1499587200, 2231.88, 2238.27, 2238.27, 2233.89, 20.98764534]
[1499583600, 2234.1, 2243.32, 2237.83, 2238.27, 13.81]
[1499580000, 2232.44, 2242.71, 2242.27, 2238.46, 11.83408984]
[1499576400, 2238.1, 2250.25, 2250.25, 2242.5, 9.45781376]
[1499572800, 2232.11, 2250.25, 2236.74, 2250.25, 10.23195494]
[1499569200, 2235.78, 2250, 2249.18, 2244.75, 13.91755932]
[1499565600, 2242.77, 2249.53, 2249.31, 2247.24, 1.77413043]
[1499562000, 2241.26, 2250, 2249.99, 2249.05, 10.83406143]
[1499558400, 2247.83, 2250, 2250, 2249.74, 14.52127946]
[1499554800, 2241.98, 2250, 2244.76, 2250, 22.11541588]
[1499551200, 2240.69, 2247.17, 2247.17, 2244.75, 24.3007756]
[1499547600, 2237.93, 2247.16, 2240.01, 2247.16, 13.63180312]
[1499544000, 2237.93, 2250, 2237.98, 2240.36, 18.70059746]
[1499540400, 2227.43, 2245, 2227.53, 2238.14, 25.78261505]
[1499536800, 2216, 2232.22, 2217.34, 2227.53, 34.19239856]
[1499533200, 2216, 2233.71, 2233.71, 2217.35, 30.33475704]
[1499529600, 2227.5, 2242.28, 2230.14, 2233.69, 23.43601313]
[1499526000, 2228.82, 2238.47, 2233.19, 2232.77, 20.80039718]
[1499522400, 2218.95, 2233.2, 2221, 2233.19, 23.26319734]
[1499518800, 2218.63, 2229.98, 2225.22, 2221, 18.90524605]
[1499515200, 2214.65, 2230, 2220.64, 2226.79, 39.63753879]
[1499511600, 2208.55, 2232.13, 2224.75, 2218.42, 31.58512192]
[1499508000, 2211.78, 2231.25, 2218.33, 2224.91, 31.66368607]
[1499504400, 2205.61, 2219.85, 2215.51, 2218.11, 34.96674644]
[1499500800, 2194.35, 2215.51, 2205.18, 2215.51, 25.46315913]
[1499497200, 2191.51, 2214.98, 2201.73, 2205.37, 30.63170448]
[1499493600, 2187.49, 2216.54, 2214.9, 2201.79, 11.49482829]
[1499490000, 2213.21, 2220.46, 2220, 2215.79, 7.36258122]
[1499486400, 2196.77, 2220.02, 2198.24, 2220.02, 15.01397422]
[1499482800, 2183.78, 2200.21, 2183.78, 2198.59, 10.01040066]
[1499479200, 2178.16, 2192.75, 2179.83, 2184.02, 10.32182562]
[1499475600, 2170, 2200.75, 2200.74, 2170, 64.59929428]
[1499472000, 2194.12, 2206.28, 2203.23, 2200.74, 9.75904101]
[1499468400, 2176.07, 2211.48, 2176.07, 2203.23, 38.30472847]
[1499464800, 2170.49, 2202.77, 2202.77, 2176.12, 61.28993065]
[1499461200, 2202.79, 2214, 2211.86, 2203.73, 44.1900057]
[1499457600, 2207.32, 2230.65, 2230.65, 2211.37, 74.77964129]
[1499454000, 2217.91, 2232.2, 2222.21, 2231.29, 21.58592921]
[1499450400, 2210.96, 2238.32, 2232.17, 2220.99, 39.39226128]
[1499446800, 2215.14, 2234.96, 2221.39, 2233.68, 45.34127156]
[1499443200, 2207.78, 2228.77, 2217.83, 2221.4, 69.00256015]
[1499439600, 2200.01, 2220, 2214.55, 2217.74, 74.36697227]
[1499436000, 2203.09, 2221.57, 2217.96, 2210.87, 61.11518982]
[1499432400, 2202.94, 2275, 2222.91, 2202.95, 107.44059508]
[1499428800, 2221.85, 2245, 2244.12, 2222.92, 66.60834758]
[1499425200, 2240.4, 2260.69, 2260.68, 2244.14, 59.04910644]
[1499421600, 2236.01, 2264.95, 2252.91, 2260.64, 46.03267959]
[1499418000, 2236.33, 2270.63, 2253, 2252.99, 72.27374048]
[1499414400, 2248.62, 2263.36, 2262.76, 2253, 68.3552438]
[1499410800, 2255.77, 2285.58, 2279.95, 2262.8, 55.79549555]
[1499407200, 2275, 2293.27, 2287, 2279.36, 55.59437876]
[1499403600, 2280, 2290.88, 2286.22, 2286.03, 13.11327647]
[1499400000, 2285.47, 2290.46, 2285.47, 2287.79, 5.11163395]
[1499396400, 2275.02, 2291.57, 2275.79, 2285.46, 9.9427216]
[1499392800, 2275.03, 2285.55, 2284.93, 2275.06, 10.34350842]
[1499389200, 2275.01, 2312.31, 2299.2, 2285.37, 40.64236452]
[1499385600, 2297.02, 2305.68, 2300.25, 2304.2, 6.80794176]
[1499382000, 2296.59, 2309.12, 2299.85, 2297.31, 15.19529704]
[1499378400, 2290.79, 2309.13, 2297, 2299.6, 33.27862875]
[1499374800, 2288.61, 2298.53, 2291.06, 2298.2, 21.85840711]
[1499371200, 2290, 2300, 2290.16, 2291.06, 40.07476958]
[1499367600, 2285.78, 2296.33, 2289.53, 2290.16, 33.25225963]
[1499364000, 2286.6, 2299.92, 2299.92, 2289.53, 44.52474]
[1499360400, 2282.73, 2299.94, 2288.66, 2299.92, 28.68291971]
[1499356800, 2280.04, 2294.2, 2289.67, 2289.86, 31.00668376]
[1499353200, 2284.01, 2295, 2285.99, 2289.46, 31.06177092]
[1499349600, 2285.01, 2293.27, 2290.04, 2286, 33.82943083]
[1499346000, 2286.42, 2292.57, 2289.49, 2292, 29.26217087]
[1499342400, 2288, 2298.66, 2291.41, 2289.85, 37.55923754]
[1499338800, 2285.86, 2297.28, 2296.77, 2291.41, 57.5957178]
[1499335200, 2282.18, 2299.95, 2286.51, 2290.5, 31.98502498]
[1499331600, 2281, 2310.01, 2310, 2286.54, 61.45697262]
[1499328000, 2299, 2319.04, 2299, 2310, 72.57275547]
[1499324400, 2294.47, 2317.46, 2301.96, 2299, 55.62066525]
[1499320800, 2292.68, 2302.98, 2292.89, 2301.99, 21.30461678]
[1499317200, 2290.01, 2302.98, 2302.29, 2292.89, 22.18014397]
[1499313600, 2301.93, 2313.04, 2310, 2303.02, 4.8979861]
[1499310000, 2305.65, 2310.06, 2305.65, 2309.99, 3.86182338]
[1499306400, 2300.06, 2306.83, 2300.06, 2306.56, 3.65]
[1499302800, 2298.2, 2309.31, 2309.31, 2302.6, 9.40548184]
[1499299200, 2307.37, 2312.9, 2307.37, 2309.54, 4.19916018]
[1499295600, 2284.91, 2310.97, 2307.53, 2307.37, 34.64063301]
[1499292000, 2308.32, 2320, 2314.34, 2308.61, 31.57888651]
[1499288400, 2300, 2314.5, 2304.05, 2314.35, 28.67692417]
[1499284800, 2303.31, 2317, 2312.47, 2304.05, 40.04716787]
[1499281200, 2295.96, 2312.53, 2302.08, 2312.53, 32.35678006]
[1499277600, 2291.78, 2307.16, 2292.34, 2302.01, 61.18832982]
[1499274000, 2279.82, 2291.44, 2282.11, 2290.04, 52.8864754]
[1499270400, 2264.99, 2288.33, 2265, 2283.5, 45.49219301]
[1499266800, 2264.76, 2281.17, 2280.94, 2265, 51.45165836]
[1499263200, 2266.68, 2291.06, 2278.99, 2277.81, 57.4897892]
[1499259600, 2264.68, 2284.73, 2266.25, 2278.99, 39.10243471]
[1499256000, 2265.78, 2284.72, 2283.19, 2268.03, 42.81298243]
[1499252400, 2273.54, 2290, 2274.98, 2283.72, 50.96003549]
[1499248800, 2264.87, 2275, 2269.79, 2273.11, 35.67532936]
[1499245200, 2260.96, 2269.8, 2263, 2269.79, 49.63469627]
[1499241600, 2244.59, 2271, 2256.61, 2262.39, 51.7995064]
[1499238000, 2245.75, 2267.36, 2258.03, 2255.68, 119.22441338]
[1499234400, 2250.48, 2267.03, 2263.46, 2258.05, 35.28979462]
[1499230800, 2250, 2266.05, 2266.05, 2263.57, 48.61399859]
[1499227200, 2259.65, 2277.05, 2275.01, 2266.1, 21.46754879]
[1499223600, 2275.01, 2284.16, 2276.99, 2275.23, 3.62147712]
[1499220000, 2275, 2279.07, 2277, 2277.36, 8.7941963]
[1499216400, 2275.01, 2285.21, 2276.39, 2279.89, 7.7035766]
[1499212800, 2275, 2294.97, 2294.97, 2276.4, 14.16232314]
[1499209200, 2287.39, 2297.36, 2293.03, 2295.06, 16.7628586]
[1499205600, 2279.17, 2293.89, 2281.79, 2293.88, 16.96349288]
[1499202000, 2275.51, 2295.34, 2284.9, 2282.43, 35.956684]
[1499198400, 2264.06, 2288.37, 2282.68, 2285.98, 60.47755055]
[1499194800, 2275, 2291.99, 2287.95, 2282.69, 45.7733335]
[1499191200, 2279.22, 2293.99, 2293, 2284.11, 45.80830364]
[1499187600, 2279, 2293.7, 2281.43, 2293, 58.53876999]
[1499184000, 2275, 2293.7, 2290.01, 2281.43, 301.70522202]
[1499180400, 2290.36, 2317.59, 2316.01, 2290.36, 84.92663957]
[1499176800, 2305.53, 2317.25, 2313.36, 2315.21, 66.03241809]
[1499173200, 2310, 2315.35, 2311.7, 2313.62, 39.19641825]
[1499169600, 2309.42, 2314.97, 2309.42, 2312, 50.90095745]
[1499166000, 2299.4, 2312.44, 2301.29, 2309.99, 63.41021821]
[1499162400, 2294.53, 2313, 2311.21, 2299.32, 70.33128355]
[1499158800, 2296.62, 2313, 2297.24, 2311.38, 44.58784776]
[1499155200, 2294.94, 2322.36, 2322.36, 2296.44, 96.40844691]
[1499151600, 2308.61, 2324.99, 2313.48, 2322.8, 75.21071253]
[1499148000, 2296.76, 2315.99, 2299.44, 2313.61, 55.50062933]
[1499144400, 2295.59, 2300, 2298.73, 2300, 27.33677712]
[1499140800, 2289.38, 2299, 2298.42, 2297.16, 19.53035322]
[1499137200, 2279.99, 2299, 2280, 2299, 15.17748101]
[1499133600, 2264.38, 2280, 2270.55, 2280, 13.44722077]
[1499130000, 2253.96, 2270.55, 2253.96, 2270.54, 25.50160667]
[1499126400, 2250.01, 2259.31, 2252.41, 2254.22, 10.43315948]
