[1504886400, 3700.03, 3743.21, 3712.78, 3700.2, 179.16375122]
[1504882800, 3610.87, 3725, 3680.02, 3714.97, 263.49302395]
[1504879200, 3570, 3737.61, 3718.65, 3681.28, 506.95295334]
[1504875600, 3686, 3887.61, 3886.68, 3718.68, 287.991487]
[1504872000, 3875.77, 3889.38, 3877.41, 3887, 31.35311422]
[1504868400, 3872.72, 3883.42, 3872.72, 3877.41, 46.5287794]
[1504864800, 3870.52, 3896.66, 3896.66, 3872.18, 39.8359264]
[1504861200, 3851.04, 3914.17, 3914.17, 3896.66, 71.35242436]
[1504857600, 3888.2, 3914.74, 3888.83, 3914.16, 66.22749855]
[1504854000, 3868.99, 3890.26, 3868.99, 3888.83, 39.89011844]
[1504850400, 3850.08, 3867.72, 3850.81, 3867.72, 27.91462924]
[1504846800, 3833.35, 3850.81, 3833.4, 3850.81, 17.2507549]
[1504843200, 3832.87, 3866.01, 3857.68, 3833.4, 20.58860658]
[1504839600, 3847.55, 3859.69, 3847.7, 3857.68, 2.25929175]
[1504836000, 3847.7, 3866.93, 3852.71, 3847.7, 7.55468179]
[1504832400, 3845.48, 3863.98, 3862.8, 3852.71, 7.4066375]
[1504828800, 3857.25, 3876.55, 3876.54, 3862.8, 12.30630138]
[1504825200, 3873.5, 3885.48, 3873.51, 3876.84, 17.05156123]
[1504821600, 3866, 3880, 3866.4, 3873.51, 20.06022919]
[1504818000, 3837.07, 3869.37, 3840.06, 3866.4, 63.3760341]
[1504814400, 3840, 3875.07, 3874.67, 3840.06, 81.60200218]
[1504810800, 3872.63, 3885.33, 3872.63, 3874.67, 61.42238746]
[1504807200, 3862.82, 3890, 3886.22, 3872.64, 65.7979115]
[1504803600, 3875, 3896.17, 3896.15, 3886.44, 49.0041568]
[1504800000, 3896.16, 3919.97, 3901.67, 3896.17, 56.86708052]
[1504796400, 3888.02, 3904.92, 3897.97, 3901.67, 98.14825817]
[1504792800, 3896.29, 3920.82, 3917.18, 3898.06, 106.67690093]
[1504789200, 3883.21, 3922, 3892.99, 3917.55, 158.79455896]
[1504785600, 3875.11, 3900, 3895.31, 3893.3, 115.83497515]
[1504782000, 3870.64, 3898.03, 3870.64, 3895.92, 166.13306702]
[1504778400, 3855.28, 3873.7, 3868.05, 3871.4, 99.60785987]
[1504774800, 3818.49, 3871.56, 3823.95, 3869, 58.16368866]
[1504771200, 3787.04, 3823.96, 3788.35, 3823.96, 64.65768905]
[1504767600, 3787, 3830.49, 3830.49, 3788.39, 143.25504486]
[1504764000, 3830.61, 3862.25, 3862.25, 3830.61, 35.92403635]
[1504760400, 3848.9, 3868.72, 3850.19, 3864.13, 23.53434911]
[1504756800, 3816.55, 3851.59, 3824.44, 3850.19, 20.65247911]
[1504753200, 3813.95, 3856.08, 3825.03, 3829.37, 12.84821142]
[1504749600, 3811.11, 3840.43, 3811.11, 3825.05, 22.32291461]
[1504746000, 3811, 3868.37, 3860, 3811.19, 50.72363451]
[1504742400, 3857.53, 3903.21, 3903.21, 3857.68, 19.26850665]
[1504738800, 3876.09, 3911.84, 3902.46, 3903.21, 35.62143678]
[1504735200, 3857.9, 3904.3, 3886.77, 3902.45, 58.81392792]
[1504731600, 3845.21, 3889.98, 3859.19, 3886.77, 70.17514584]
[1504728000, 3859.1, 3917.27, 3912.76, 3859.13, 114.89639275]
[1504724400, 3890.95, 3930, 3912.11, 3912.76, 110.01407679]
[1504720800, 3909.47, 3940.47, 3939.18, 3912.25, 93.46076837]
[1504717200, 3895, 3940.23, 3905.54, 3939.27, 72.10920004]
[1504713600, 3900, 3947.96, 3947.47, 3905.55, 137.07206312]
[1504710000, 3890, 3947.47, 3891.02, 3947.47, 106.28844408]
[1504706400, 3884, 3895.58, 3894.99, 3891.08, 119.36226043]
[1504702800, 3862.99, 3939.74, 3932, 3895.03, 176.21321441]
[1504699200, 3920.03, 3950, 3929.29, 3932, 149.35480998]
[1504695600, 3917.99, 3934.95, 3928.19, 3929.29, 151.10864485]
[1504692000, 3901, 3939.04, 3915.93, 3930.51, 160.73781228]
[1504688400, 3907.03, 3953.9, 3934, 3915.88, 278.20206634]
[1504684800, 3872.2, 3943.5, 3880.49, 3934, 355.95179905]
[1504681200, 3818.88, 3890.43, 3827, 3880.5, 198.44633212]
[1504677600, 3785.13, 3828.57, 3800.05, 3827.01, 157.3574235]
[1504674000, 3764.46, 3804.83, 3764.46, 3800.96, 105.20007613]
[1504670400, 3751.53, 3825.82, 3819.7, 3764.46, 219.32366108]
[1504666800, 3806.23, 3829.01, 3814.55, 3818.49, 126.86013558]
[1504663200, 3807.65, 3821.36, 3812.68, 3814.55, 58.64880034]
[1504659600, 3785.65, 3818.99, 3787.75, 3814.14, 54.06001532]
[1504656000, 3745.54, 3792.38, 3745.54, 3787.53, 28.16507628]
[1504652400, 3745.07, 3800, 3796.15, 3745.54, 34.85654083]
[1504648800, 3755.05, 3798.59, 3755.05, 3798.59, 39.80505459]
[1504645200, 3740.02, 3780.28, 3775.93, 3754.85, 58.66717233]
[1504641600, 3761.24, 3793.91, 3780.93, 3773.6, 88.10419133]
[1504638000, 3750.01, 3814.22, 3750.01, 3780.93, 158.03144267]
[1504634400, 3716.16, 3756.55, 3731.83, 3750.01, 80.89549655]
[1504630800, 3705.85, 3755, 3724.58, 3736, 80.84561163]
[1504627200, 3650, 3724.58, 3694.57, 3724.58, 116.5079368]
[1504623600, 3675, 3731.07, 3731.05, 3694.57, 123.29683381]
[1504620000, 3705, 3766.63, 3765.3, 3731.01, 117.22904348]
[1504616400, 3725, 3780, 3749.86, 3765.31, 84.30135049]
[1504612800, 3735, 3794.7, 3774.97, 3750.69, 114.07217523]
[1504609200, 3711.19, 3774.98, 3718.91, 3774.97, 66.68708333]
[1504605600, 3680.06, 3724.99, 3684.97, 3710.17, 80.13146029]
[1504602000, 3655.97, 3740.7, 3666.31, 3684.99, 87.06260659]
[1504598400, 3651.81, 3769.85, 3759.41, 3677.27, 102.10268389]
[1504594800, 3660.26, 3759.91, 3665.03, 3759.39, 136.18742203]
[1504591200, 3601.82, 3665.09, 3607.18, 3664.88, 87.87113481]
[1504587600, 3596.11, 3646.98, 3646.75, 3609.94, 65.74743948]
[1504584000, 3600, 3649.02, 3612.84, 3647.01, 46.7396551]
[1504580400, 3605.02, 3662.66, 3662.66, 3618.55, 22.1411862]
[1504576800, 3600, 3669.02, 3600.38, 3663.05, 51.55722425]
[1504573200, 3600.37, 3723.66, 3723.01, 3620, 75.28957621]
[1504569600, 3723, 3761.02, 3761.01, 3723.01, 31.13893193]
[1504566000, 3761, 3820.87, 3820.87, 3761.02, 55.89990175]
[1504562400, 3805.79, 3845, 3830.78, 3822.98, 85.03949494]
[1504558800, 3777.34, 3869, 3814.76, 3833.19, 157.06373626]
[1504555200, 3758, 3829.73, 3791.16, 3814.9, 134.06707964]
[1504551600, 3671.55, 3835, 3675.54, 3791.23, 272.14691177]
[1504548000, 3549.74, 3679.94, 3581.03, 3675.41, 229.01831289]
[1504544400, 3575, 3665.23, 3665.09, 3580, 164.23162634]
[1504540800, 3621.98, 3688.99, 3630.72, 3665.24, 187.49969493]
[1504537200, 3577.5, 3682.38, 3636.43, 3633.56, 265.39241091]
[1504533600, 3636.1, 3801.41, 3800.38, 3636.37, 206.71070397]
[1504530000, 3757.11, 3824.65, 3801.94, 3800.4, 173.17484986]
[1504526400, 3700, 3804.96, 3707.76, 3801.96, 187.672139]
[1504522800, 3700, 3815.05, 3813.59, 3707.76, 197.77296678]
[1504519200, 3770.01, 3859.52, 3770.01, 3813.59, 225.9364991]
[1504515600, 3710, 3775, 3726.43, 3770, 278.62607394]
[1504512000, 3666.02, 3792.99, 3790.61, 3726.42, 345.18527583]
[1504508400, 3791.25, 3890.15, 3874.1, 3791.25, 193.25625839]
[1504504800, 3863.76, 3885.34, 3885.33, 3874.22, 52.67156124]
[1504501200, 3872.82, 3890.33, 3890.33, 3885.19, 19.02140392]
[1504497600, 3875.89, 3894.24, 3890.33, 3891.95, 13.91392732]
[1504494000, 3872, 3893.77, 3891.4, 3893.24, 9.78141198]
[1504490400, 3880.82, 3892.57, 3882.78, 3891.58, 15.98018434]
[1504486800, 3872.02, 3900.09, 3895.3, 3889.05, 9.9415282]
[1504483200, 3890.2, 3928.27, 3925.51, 3896.71, 7.25542549]
[1504479600, 3909.61, 3936.4, 3909.85, 3925.54, 21.49682244]
[1504476000, 3907.34, 3920.78, 3918.08, 3908.14, 39.06237437]
[1504472400, 3863.69, 3924.96, 3889.62, 3917.75, 61.51066239]
[1504468800, 3886.6, 3904.81, 3897.6, 3887.01, 42.3850573]
[1504465200, 3867.4, 3897.6, 3882, 3897.6, 40.40562433]
[1504461600, 3880.47, 3887.72, 3886.56, 3882.74, 36.69688576]
[1504458000, 3880.83, 3897.98, 3880.95, 3886.56, 39.73392283]
[1504454400, 3863.41, 3885, 3879.97, 3880.96, 49.26439778]
[1504450800, 3850.28, 3887.99, 3860, 3879.92, 68.36274319]
[1504447200, 3850.04, 3873.09, 3866.91, 3860, 65.16062954]
[1504443600, 3866.95, 3952.98, 3949.98, 3866.95, 74.12402227]
[1504440000, 3920, 3950, 3925.1, 3949.99, 43.04496029]
[1504436400, 3920, 3958.63, 3945.96, 3925.51, 69.54007797]
[1504432800, 3929.94, 3949.99, 3929.94, 3945, 38.04776826]
[1504429200, 3921, 4002.66, 3990.33, 3930, 67.75835307]
[1504425600, 3960.56, 4020, 3973.38, 3990.13, 54.29369975]
[1504422000, 3950.02, 3988.41, 3967.78, 3976.17, 40.60614211]
[1504418400, 3950.02, 4024.47, 3999, 3967.96, 37.9366108]
[1504414800, 3973.46, 3999, 3973.79, 3999, 14.16650983]
[1504411200, 3934.52, 3971.31, 3934.52, 3971.31, 26.78013216]
[1504407600, 3933.41, 3953.94, 3953.94, 3933.43, 5.81954958]
[1504404000, 3953.94, 3979, 3979, 3953.94, 5.45156993]
[1504400400, 3955, 3979.97, 3955, 3979, 15.94208119]
[1504396800, 3905.52, 3955, 3907.88, 3955, 32.564712]
[1504393200, 3850.52, 3909.96, 3850.53, 3907.91, 48.67753675]
[1504389600, 3835.35, 3876.99, 3839.11, 3850.53, 43.99230749]
[1504386000, 3825.01, 3871.99, 3865.68, 3842.3, 70.39060918]
[1504382400, 3830, 3953.88, 3940, 3866.5, 140.21614796]
[1504378800, 3905.3, 3940, 3923.72, 3940, 40.70843747]
[1504375200, 3919.59, 3939.99, 3935.96, 3923.72, 30.9580966]
[1504371600, 3902.04, 3972.82, 3906.4, 3937.4, 68.35472839]
[1504368000, 3901.11, 3936, 3926.99, 3906.48, 77.11269138]
[1504364400, 3825, 3927, 3869.99, 3926.98, 119.74482719]
[1504360800, 3812.01, 3964, 3964, 3870, 232.95991455]
[1504357200, 3960, 3984.96, 3984.5, 3963.99, 49.21251567]
[1504353600, 3940.02, 4026.24, 4009.48, 3985.37, 74.84978216]
[1504350000, 3993.41, 4027.99, 4009.77, 4009.48, 63.85924959]
[1504346400, 3944.01, 4010, 3959.96, 4009.8, 68.59270939]
[1504342800, 3928, 4020.59, 4019.09, 3959.96, 100.52686576]
[1504339200, 3956.15, 4030, 4025.01, 4019.2, 129.721791]
[1504335600, 4010.02, 4103.36, 4048.99, 4025.01, 100.00776175]
[1504332000, 3911.35, 4049, 3911.35, 4048.99, 141.11149346]
[1504328400, 3850.18, 4094.02, 4094.01, 3913.98, 185.64284955]
[1504324800, 4072.02, 4106.23, 4079.73, 4094.01, 14.75516506]
[1504321200, 4076.02, 4163.37, 4154.73, 4076.02, 31.74474859]
[1504317600, 4145, 4185, 4185, 4153.04, 15.09120313]
[1504314000, 4172.5, 4185, 4172.75, 4185, 9.8279981]
[1504310400, 4169.99, 4185, 4169.99, 4172.8, 29.45508117]
[1504306800, 4129.99, 4170, 4129.99, 4169.98, 38.69957976]
[1504303200, 4119.99, 4130, 4120, 4129.98, 50.51319738]
[1504299600, 4119.52, 4158.95, 4145.55, 4119.99, 65.76469476]
[1504296000, 4120.02, 4173.97, 4130.01, 4145.01, 112.5600322]
[1504292400, 4087.53, 4135.02, 4091.96, 4130, 121.30913208]
[1504288800, 4088.58, 4103.99, 4103.25, 4090.58, 93.18452054]
[1504285200, 4097.13, 4108.99, 4102.32, 4103.27, 103.62324082]
[1504281600, 4093.86, 4107.16, 4095, 4107.16, 79.78881451]
[1504278000, 4081.29, 4100, 4088.75, 4094.97, 85.71243939]
[1504274400, 4044.99, 4109.98, 4106.21, 4088.75, 166.48957811]
[1504270800, 4097.57, 4127.07, 4100.97, 4106.26, 157.91220613]
[1504267200, 4077.3, 4104.99, 4079, 4100.8, 157.92427576]
[1504263600, 4047.24, 4080, 4063.4, 4079.28, 136.34829823]
[1504260000, 4053.75, 4070, 4065.3, 4063.4, 156.15641567]
[1504256400, 4057.22, 4069.75, 4060.33, 4066.39, 158.99349844]
[1504252800, 4013.46, 4069.48, 4016.4, 4060.72, 154.77172661]
[1504249200, 4000.14, 4016.43, 4013.47, 4016.4, 61.2190302]
[1504245600, 3928.12, 4013.46, 3970.02, 4013.46, 95.28910024]
[1504242000, 3930, 3992.58, 3987.13, 3973.95, 70.49954283]
[1504238400, 3990, 4022.47, 4022.09, 3990, 33.49269455]
[1504234800, 4022, 4024.08, 4023.83, 4022.09, 5.93400449]
[1504231200, 4016.57, 4024.13, 4020.45, 4024.12, 4.52024331]
[1504227600, 4019.84, 4025, 4024.76, 4020.45, 25.04618525]
[1504224000, 4016.08, 4024.77, 4017.4, 4024.77, 14.09645549]
[1504220400, 4006.92, 4019.86, 4009.42, 4017.4, 30.63559783]
[1504216800, 4009.38, 4016.26, 4010.56, 4010.65, 33.40344306]
[1504213200, 4009.29, 4013.55, 4010.18, 4010.55, 60.06338615]
[1504209600, 3999, 4010.2, 4002.89, 4010.2, 59.3945956]
[1504206000, 3999, 4018.93, 4009.98, 4003.05, 108.73713858]
[1504202400, 4002.15, 4013.34, 4013.32, 4009.98, 77.68216151]
[1504198800, 4005.41, 4021.45, 4021.01, 4013.3, 91.42618792]
[1504195200, 3984.99, 4024.84, 3985, 4021.45, 97.95667521]
[1504191600, 3950, 4010.49, 3990.99, 3985, 152.24230189]
[1504188000, 3987.92, 4027.71, 4020.05, 3990.99, 199.76211663]
[1504184400, 3988.09, 4022.33, 3988.94, 4020.31, 101.76495391]
[1504180800, 3980, 3988.98, 3983.97, 3988.95, 108.58096967]
[1504177200, 3945, 3991.88, 3956.7, 3984, 120.20141316]
[1504173600, 3924.99, 3961, 3925, 3956.89, 141.71996761]
[1504170000, 3910, 3927, 3911.01, 3925, 143.26889573]
[1504166400, 3909.24, 3915.89, 3910, 3911.03, 99.20182523]
