[1512806400, 13232.02, 13420, 13375.73, 13368.62, 217.11907013]
[1512802800, 13338.68, 13556.49, 13338.69, 13366.87, 129.2974138]
[1512799200, 13233.79, 13580, 13300.98, 13338.69, 117.16983295]
[1512795600, 13194.49, 13740, 13653.96, 13300.97, 259.46998964]
[1512792000, 13460, 13777.98, 13717.45, 13660.9, 223.71493021]
[1512788400, 13580.98, 13723, 13580.98, 13717.45, 105.67101881]
[1512784800, 13302, 13725, 13345.36, 13580.99, 150.26438294]
[1512781200, 13340.04, 13650.02, 13650.02, 13340.04, 110.35955152]
[1512777600, 13650, 13776.31, 13701.14, 13650, 106.85763714]
[1512774000, 13642, 13740, 13705.52, 13701.15, 141.57244496]
[1512770400, 13600, 13799, 13648, 13705.52, 257.66848181]
[1512766800, 13200, 13675.61, 13200, 13648, 311.12433205]
[1512763200, 13070, 13380, 13300.91, 13200, 356.33495373]
[1512759600, 13271.18, 13650, 13398.99, 13300.92, 313.15314951]
[1512756000, 13100, 13399, 13198.85, 13399, 284.17117207]
[1512752400, 13150, 13478.99, 13478.99, 13198.85, 286.31356984]
[1512748800, 13123.71, 13700, 13582, 13456.1, 408.3464194]
[1512745200, 13501, 13922.94, 13877, 13582, 402.85867864]
[1512741600, 13207.83, 13960, 13460.01, 13877, 591.92628319]
[1512738000, 13020, 13602.9, 13600, 13460.01, 575.17767309]
[1512734400, 13285, 13867.6, 13549.94, 13600, 561.51691907]
[1512730800, 12500, 13913.8, 13870.88, 13549.94, 1941.90902054]
[1512727200, 13870.88, 14330.85, 14012, 13870.89, 572.65345226]
[1512723600, 13702.4, 14450, 14132.96, 14012, 992.18383678]
[1512720000, 14100, 14659.16, 14569.99, 14132.96, 512.68373109]
[1512716400, 14356.31, 14694.65, 14430, 14569.99, 367.84611659]
[1512712800, 13810.22, 14430, 14302.99, 14430, 338.46884201]
[1512709200, 13456, 14303, 14230.68, 14302.99, 459.46343102]
[1512705600, 14205.2, 14790, 14500, 14231.04, 144.58652154]
[1512702000, 14010, 14720, 14701.21, 14499.99, 194.88716776]
[1512698400, 14430, 14965.31, 14960.79, 14701.21, 202.51244247]
[1512694800, 14710, 14995, 14795.01, 14960.73, 178.26382423]
[1512691200, 14499, 14800, 14500, 14795.01, 312.8045698]
[1512687600, 14150, 14500, 14495, 14500, 296.19910015]
[1512684000, 14101.05, 14495, 14234.99, 14495, 516.24667857]
[1512680400, 13901, 14295, 13950, 14234.99, 574.77270449]
[1512676800, 13402.23, 13998, 13513.16, 13950, 477.56901477]
[1512673200, 13112, 14169, 14100.68, 13529.09, 719.97572884]
[1512669600, 13810, 14515, 14080, 14100.67, 504.26915399]
[1512666000, 13100, 14248, 13804, 14080, 485.59846389]
[1512662400, 13718.32, 14700, 14225, 13900, 591.48334695]
[1512658800, 13878.01, 14300, 13887, 14225, 665.53268131]
[1512655200, 13750, 14200, 13860.49, 13886.96, 621.04177853]
[1512651600, 13600, 13900, 13898.96, 13860.49, 554.74325544]
[1512648000, 13000, 14180, 13217.5, 13899, 850.90712424]
[1512644400, 12275, 14810.01, 14795, 13217.5, 1508.04806048]
[1512640800, 13650, 14890, 14216, 14794.99, 1165.68766391]
[1512637200, 13500, 14390, 13738.99, 14216.05, 766.81724102]
[1512633600, 12998.04, 13874.98, 12998.23, 13738.99, 866.20309922]
[1512630000, 12635.88, 12999.55, 12748.85, 12998.23, 345.45075228]
[1512626400, 12375, 12749, 12510.62, 12748.85, 288.42589918]
[1512622800, 12353.78, 12600, 12353.79, 12510.62, 189.05215582]
[1512619200, 12082.91, 12376.91, 12083.26, 12356.55, 111.74853526]
[1512615600, 12052.12, 12280.22, 12052.13, 12083.27, 77.21089341]
[1512612000, 11750, 12469.93, 12469, 12052.13, 354.12739461]
[1512608400, 12407.22, 12675.87, 12675.87, 12468.99, 266.67533037]
[1512604800, 12461.06, 12750.04, 12461.06, 12675.86, 232.94257919]
[1512601200, 12110.4, 12700, 12615, 12461.05, 677.56485693]
[1512597600, 11920, 12665.99, 11933, 12615, 766.12377417]
[1512594000, 11767.66, 11945, 11945, 11933, 364.89437292]
[1512590400, 11759.99, 11980, 11899.25, 11945, 645.94474375]
[1512586800, 11334.02, 11900, 11334.99, 11899.26, 627.98953476]
[1512583200, 11206.41, 11334.99, 11229.28, 11334.99, 199.51420244]
[1512579600, 11200, 11345.01, 11345.01, 11229.28, 331.84103596]
[1512576000, 11100, 11348, 11158.88, 11345, 399.14977217]
[1512572400, 11112, 11360.31, 11350.48, 11151, 404.07397463]
[1512568800, 11237.96, 11351, 11237.96, 11350.49, 277.41075207]
[1512565200, 11200.01, 11256, 11228.09, 11238, 235.3170478]
[1512561600, 11110.01, 11235, 11154.03, 11228.09, 298.42697704]
[1512558000, 10824.56, 11280, 11279.99, 11150.01, 706.3102872]
[1512554400, 11024.99, 11280, 11025, 11279.98, 484.99710496]
[1512550800, 10925, 11195, 10928.96, 11024.99, 672.23293069]
[1512547200, 10711, 10971.65, 10711.01, 10929, 532.83983528]
[1512543600, 10510.03, 10797.84, 10734.58, 10713.97, 539.56853846]
[1512540000, 10516.09, 10734.58, 10525.13, 10734.58, 321.07820584]
[1512536400, 10347, 10525.13, 10454.6, 10525.13, 162.77005847]
[1512532800, 10437.99, 10491, 10465.48, 10454.6, 57.80110228]
[1512529200, 10258.01, 10478.11, 10299.97, 10465.94, 104.18480618]
[1512525600, 10118.98, 10299.99, 10118.99, 10299.97, 82.98405638]
[1512522000, 10105, 10118.99, 10107, 10118.99, 35.84332559]
[1512518400, 10090, 10107, 10096.01, 10107, 55.56368526]
[1512514800, 10089.99, 10105.5, 10090, 10096.01, 58.18852648]
[1512511200, 10065, 10100, 10092, 10090, 112.13282438]
[1512507600, 10065, 10130, 10078.98, 10092, 218.90487315]
[1512504000, 9990.99, 10100, 9991, 10078.98, 245.59264633]
[1512500400, 9981.38, 9993, 9984.94, 9990.99, 98.29943751]
[1512496800, 9970, 9985.02, 9985.01, 9984.94, 89.60287023]
[1512493200, 9960.05, 9990, 9969.51, 9985.01, 76.48676235]
[1512489600, 9953, 9994.01, 9994.01, 9970, 132.76983469]
[1512486000, 9957, 9994.54, 9978.4, 9994.01, 136.69416916]
[1512482400, 9952.14, 9990, 9952.15, 9978.4, 136.8936367]
[1512478800, 9952.14, 9999, 9988.99, 9952.15, 305.67262205]
[1512475200, 9942.85, 9995, 9944.98, 9988.99, 172.01438325]
[1512471600, 9944.97, 9965, 9960, 9944.98, 118.7272273]
[1512468000, 9942.7, 9983.99, 9983.99, 9960, 185.42123988]
[1512464400, 9961.95, 9996, 9995.99, 9983.99, 135.49846245]
[1512460800, 9980.01, 9999, 9997, 9995.99, 145.38901561]
[1512457200, 9930, 9997, 9941.7, 9997, 162.8355443]
[1512453600, 9908.59, 9951, 9913.67, 9941.7, 55.5428869]
[1512450000, 9900.87, 9937.35, 9909.99, 9913.67, 30.22396551]
[1512446400, 9899.99, 9949.99, 9949.98, 9910, 32.10167187]
[1512442800, 9913, 9949.98, 9915.82, 9949.98, 15.17106675]
[1512439200, 9913, 9949, 9938.02, 9915.82, 21.45699096]
[1512435600, 9936.1, 9945, 9944.99, 9938.27, 16.49885703]
[1512432000, 9919.03, 9947, 9934.99, 9945, 49.84117258]
[1512428400, 9898, 9935, 9898.01, 9934.99, 79.18347458]
[1512424800, 9896.26, 9900, 9899.22, 9898.01, 90.21124323]
[1512421200, 9868.01, 9899.99, 9870, 9899.22, 101.06881023]
[1512417600, 9830, 9898, 9840, 9870, 218.71758925]
[1512414000, 9816.28, 9845, 9817, 9840, 104.86634704]
[1512410400, 9780, 9830.51, 9830.51, 9817.01, 110.98332813]
[1512406800, 9830.5, 9849.9, 9841.49, 9830.51, 83.14988831]
[1512403200, 9839.46, 9850, 9850, 9841.49, 84.7540879]
[1512399600, 9825.05, 9867, 9866.99, 9850, 122.65519494]
[1512396000, 9847.99, 9867, 9848.11, 9867, 167.53720468]
[1512392400, 9680, 9848.11, 9800.99, 9848.11, 327.9769402]
[1512388800, 9796.86, 9854.84, 9854.19, 9801, 183.33706408]
[1512385200, 9826.3, 9890, 9880, 9854.84, 170.90585874]
[1512381600, 9819, 9880.03, 9850.03, 9880, 198.48620984]
[1512378000, 9850, 9888.46, 9872.01, 9850.03, 147.52275422]
[1512374400, 9850.52, 9888.5, 9878, 9872.01, 163.33354678]
[1512370800, 9820, 9880, 9847.01, 9878, 132.71573172]
[1512367200, 9846.99, 9850, 9847, 9847.01, 58.2819036]
[1512363600, 9758.74, 9847, 9846, 9847, 58.36656682]
[1512360000, 9830.03, 9846, 9830.03, 9846, 22.94619981]
[1512356400, 9802.68, 9841.87, 9802.69, 9830.03, 12.00329921]
[1512352800, 9747.21, 9844, 9843.99, 9802.69, 29.39570945]
[1512349200, 9747.01, 9844, 9747.02, 9843.99, 98.52774568]
[1512345600, 9701.13, 9780.92, 9701.13, 9747.02, 74.23380911]
[1512342000, 9587.74, 9719, 9689.98, 9701.13, 215.26547429]
[1512338400, 9300, 9775, 9544.99, 9690, 731.01285558]
[1512334800, 9442, 9770.03, 9661.72, 9535.01, 791.01328192]
[1512331200, 9504, 9930.27, 9867.48, 9661.71, 748.66367235]
[1512327600, 9860, 9899, 9879.99, 9860.04, 117.48611113]
[1512324000, 9830.62, 9880, 9851.13, 9879.99, 106.90874151]
[1512320400, 9827, 9860.5, 9828.46, 9851.13, 124.61353482]
[1512316800, 9735, 9951, 9915, 9828.46, 317.13991785]
[1512313200, 9846.1, 9932, 9848.85, 9914.99, 231.55519803]
[1512309600, 9829, 9858.99, 9857.99, 9848.86, 129.58963306]
[1512306000, 9810.91, 9860, 9818.97, 9858, 190.50362132]
[1512302400, 9700.01, 9880, 9798.99, 9818.98, 370.23215289]
[1512298800, 9571, 9799, 9572.41, 9798.99, 394.99184843]
[1512295200, 9569.99, 9587, 9570, 9572.4, 55.05226915]
[1512291600, 9560, 9590, 9581.63, 9570, 52.29680455]
[1512288000, 9550.1, 9590, 9578.17, 9581.62, 66.49879687]
[1512284400, 9545.99, 9584, 9546, 9578.17, 64.46437185]
[1512280800, 9460, 9546, 9535.21, 9546, 33.81493157]
[1512277200, 9512.52, 9544.82, 9544.81, 9535.21, 16.67072708]
[1512273600, 9508.21, 9544.98, 9535, 9544.82, 28.69040982]
[1512270000, 9457, 9535, 9491.37, 9535, 11.81381672]
[1512266400, 9480.33, 9510, 9495.23, 9491.37, 19.01472558]
[1512262800, 9457, 9495.23, 9460.51, 9495.23, 23.55607449]
[1512259200, 9460.5, 9495.24, 9480.04, 9460.5, 46.24091098]
[1512255600, 9466, 9530.96, 9530.95, 9480.04, 57.94028629]
[1512252000, 9512.53, 9550.1, 9550, 9530.96, 65.89365395]
[1512248400, 9509.98, 9550, 9509.99, 9550, 99.0356438]
[1512244800, 9507.19, 9510.05, 9507.45, 9509.98, 45.84621512]
[1512241200, 9494.92, 9520.28, 9500.02, 9507.45, 70.5381412]
[1512237600, 9489, 9550.77, 9489, 9500.02, 94.05830345]
[1512234000, 9475.3, 9529.1, 9498, 9489.01, 116.47243366]
[1512230400, 9454.5, 9504.73, 9454.5, 9498, 123.94482553]
[1512226800, 9447.8, 9572.92, 9572.9, 9454.5, 143.11375483]
[1512223200, 9401, 9634.99, 9584.75, 9569.99, 280.92369628]
[1512219600, 9584.74, 9679, 9649.99, 9584.74, 185.6195123]
[1512216000, 9553.32, 9650, 9559, 9650, 157.2972928]
[1512212400, 9500.01, 9599, 9580.9, 9559, 240.13112488]
[1512208800, 9555.7, 9600, 9555.71, 9588.91, 191.42976468]
[1512205200, 9358.6, 9599, 9358.61, 9555.71, 311.89755906]
[1512201600, 9310, 9366.59, 9328.99, 9358.61, 114.53111884]
[1512198000, 9237.15, 9329, 9275.01, 9328.99, 72.65493673]
[1512194400, 9250, 9301.84, 9262, 9275.01, 59.47343095]
[1512190800, 9183.02, 9289.7, 9271.16, 9261.99, 61.09495971]
[1512187200, 9180, 9299.21, 9299.2, 9267.5, 62.10286065]
[1512183600, 9295, 9330, 9327.01, 9299.2, 35.58977654]
[1512180000, 9251, 9327.01, 9326.91, 9327.01, 56.04997058]
[1512176400, 9266.65, 9327.01, 9295.01, 9326.91, 77.78506222]
[1512172800, 9247.17, 9315, 9274.99, 9295.01, 108.29293366]
[1512169200, 9169.48, 9275, 9242.95, 9275, 157.09170342]
[1512165600, 9200.01, 9319.99, 9319.99, 9237.01, 232.91145399]
[1512162000, 9215, 9325, 9216, 9319.99, 151.90154988]
[1512158400, 9110.4, 9239.9, 9110.41, 9216, 138.47336352]
[1512154800, 9103.62, 9178, 9105.01, 9110.4, 124.525748]
[1512151200, 9105.19, 9135.11, 9135.11, 9105.19, 108.92170085]
[1512147600, 9135, 9173.19, 9172.46, 9135.11, 197.71171534]
[1512144000, 9133.68, 9199.88, 9160.43, 9172.46, 206.41742158]
[1512140400, 9111.14, 9180, 9120, 9160.01, 206.6219157]
[1512136800, 9070, 9190.4, 9148.01, 9120, 415.38145233]
[1512133200, 8820, 9264.97, 8921.92, 9148.01, 782.93173354]
[1512129600, 8846.96, 8945, 8846.97, 8921.84, 355.57002191]
[1512126000, 8682, 8846.97, 8689.72, 8846.97, 204.82887979]
[1512122400, 8650, 8862.11, 8856.99, 8690, 288.73553356]
[1512118800, 8788, 8890.42, 8789.99, 8856.99, 281.33456274]
[1512115200, 8475.03, 8843.51, 8475.03, 8790, 272.09382565]
[1512108000, 8421.72, 8523.48, 8443.41, 8479.7, 92.19451676]
[1512104400, 8405.13, 8663.87, 8663.87, 8443.41, 188.4093742]
[1512100800, 8623.15, 8795.37, 8623.15, 8663.88, 53.72150746]
[1512097200, 8550, 8650, 8587.04, 8623.15, 47.81244622]
[1512093600, 8555.57, 8688.94, 8688.94, 8587.04, 112.95720711]
[1512090000, 8659.02, 8900.01, 8900.01, 8688.95, 195.17512631]
[1512086400, 8900, 8994, 8964.31, 8900, 98.72548102]
