[1485446400, 857.98, 862.5, 859, 861.66, 29.69729114]
[1485442800, 855.42, 859, 856.73, 858.24, 26.39110197]
[1485439200, 852.73, 857.46, 852.73, 856.73, 38.19267338]
[1485435600, 849.24, 854.03, 849.31, 853.2, 32.54798132]
[1485432000, 846.4, 849.79, 846.4, 849.19, 23.27192111]
[1485428400, 844.2, 848.03, 845.87, 846.53, 40.36980716]
[1485424800, 844.68, 845.89, 845.65, 844.68, 29.52242226]
[1485421200, 842.77, 845.69, 844, 845.56, 17.95819624]
[1485417600, 838.17, 844, 839.5, 844, 28.194114]
[1485414000, 837.3, 839.83, 837.46, 839.12, 14.66]
[1485410400, 837.22, 839.13, 838.79, 837.24, 1.9]
[1485406800, 838.3, 839.99, 838.82, 838.84, 2.6504]
[1485403200, 838.78, 841.72, 840.2, 838.78, 1.59]
[1485399600, 840.19, 840.73, 840.3, 840.19, 0.14]
[1485396000, 838.86, 840.4, 838.86, 840.4, 3.87482408]
[1485392400, 838.08, 838.86, 838.08, 838.86, 2.35]
[1485388800, 837.23, 838.86, 837.25, 838.44, 3.65]
[1485385200, 835.51, 838.25, 836.4, 837.15, 6.879]
[1485381600, 835.22, 837, 836.6, 835.22, 14.04]
[1485378000, 836.05, 838.86, 836.07, 836.6, 17.814]
[1485374400, 833.99, 837.18, 835.79, 836.1, 38.12937]
[1485370800, 835.55, 838.68, 837.22, 836.42, 18.08719063]
[1485367200, 832, 838.52, 835.5, 837.9, 35.61213693]
[1485363600, 832.8, 838.29, 837.52, 835.24, 40.7548998]
[1485360000, 833.89, 837.53, 833.9, 837.53, 16.34]
[1485356400, 832.18, 838.34, 832.7, 833.9, 25.17186367]
[1485352800, 825.9, 833, 833, 832.69, 44.73128315]
[1485349200, 832, 839.99, 838.84, 833, 37.63117519]
[1485345600, 837.15, 844.97, 838.81, 839.98, 26.9755]
[1485342000, 834.72, 840, 836.86, 840, 23.98234085]
[1485338400, 833.73, 841.87, 840.33, 836.85, 21.70219287]
[1485334800, 837.63, 845.78, 840.3, 840.64, 48.8998683]
[1485331200, 837.34, 842.95, 838.3, 839.14, 33.877725]
[1485327600, 835.83, 839.27, 839.01, 838.3, 6.6831]
[1485324000, 837.26, 839.01, 839, 839.01, 2.8925]
[1485320400, 837.22, 839, 837.92, 839, 3.28]
[1485316800, 837.93, 838.6, 838.59, 837.99, 1.45]
[1485313200, 837.99, 838.6, 838.42, 837.99, 3.4]
[1485309600, 837.56, 837.78, 837.56, 837.78, 1.45]
[1485306000, 836.22, 837.57, 837.08, 837.17, 7.21]
[1485302400, 829.46, 837.36, 829.46, 837.1, 11.59670735]
[1485298800, 827.04, 837.55, 834.54, 829.46, 40.87662066]
[1485295200, 832.64, 844.4, 841.12, 834.58, 39.30586239]
[1485291600, 840.01, 846.1, 840.02, 842.95, 15.59202093]
[1485288000, 840, 848.43, 847.53, 840.12, 87.36702072]
[1485284400, 844.01, 848.78, 847.91, 845.41, 32.09701999]
[1485280800, 846.4, 851.18, 849.48, 847.5, 22.94559125]
[1485277200, 846.95, 851.83, 847.75, 848.76, 26.21810267]
[1485273600, 843.98, 848.15, 845.42, 847.3, 20.50319831]
[1485270000, 844.02, 846.89, 845.52, 844.85, 32.89401759]
[1485266400, 843.12, 847.05, 845.42, 844.82, 73.93534618]
[1485262800, 843.89, 848.14, 847.42, 843.89, 41.26673257]
[1485259200, 844.51, 850, 845, 847.42, 49.36802694]
[1485255600, 836.03, 848.54, 842.78, 845, 53.24805248]
[1485252000, 841.16, 857, 856.88, 842.78, 57.93111709]
[1485248400, 850.35, 857.56, 854.94, 856.2, 53.7029859]
[1485244800, 854.03, 857.56, 857.11, 854.94, 34.42054855]
[1485241200, 853.97, 857.05, 854.34, 856.72, 2.58]
[1485237600, 852.97, 856.3, 855.61, 854.62, 4.3781]
[1485234000, 854.22, 858.99, 856, 854.81, 1.67006726]
[1485230400, 852.65, 859.21, 853.6, 856.26, 16.74376718]
[1485226800, 847.93, 854.94, 847.93, 853.49, 7.34484803]
[1485223200, 842.4, 848.25, 847.12, 843.24, 6.49]
[1485219600, 845.54, 850.5, 846.39, 845.54, 2.5755]
[1485216000, 831, 853.41, 853.41, 847.61, 55.5071763]
[1485212400, 855, 864.5, 861, 855, 23.21945909]
[1485208800, 859.46, 862.97, 860.48, 861.85, 13.97]
[1485205200, 856.22, 862.06, 861.24, 860.49, 21.89653039]
[1485201600, 859.04, 862.19, 860.41, 860.85, 10.66846985]
[1485198000, 857.91, 863.56, 862.23, 860.7, 13.4996]
[1485194400, 858.7, 863.94, 861.99, 862.05, 16.78957246]
[1485190800, 861.23, 864.5, 862.66, 861.67, 12.89817905]
[1485187200, 856.99, 863.5, 863.48, 862.66, 24.741894]
[1485183600, 861.99, 867.48, 864.95, 863.98, 46.62169491]
[1485180000, 862.66, 865.08, 864, 864.95, 14.64456781]
[1485176400, 862.21, 865, 863.46, 863.99, 40.43694763]
[1485172800, 863.1, 865.67, 863.82, 863.58, 23.63767096]
[1485169200, 862.48, 865.08, 862.48, 864.29, 15.0367]
[1485165600, 855.94, 863.5, 862.85, 861.68, 45.52]
[1485162000, 862.34, 864.02, 863.68, 863.08, 8.70262226]
[1485158400, 861.59, 864.9, 862.11, 862.11, 19.36428278]
[1485154800, 858.74, 863.72, 860.03, 862.14, 8.33591561]
[1485151200, 858.59, 861.79, 859.69, 860.01, 1.74]
[1485147600, 857.3, 862.93, 862.88, 858.27, 1.84]
[1485144000, 861.71, 863.35, 862.72, 862.75, 6.468]
[1485140400, 861.78, 866.21, 862.63, 864.56, 0.99]
[1485136800, 859.07, 863.46, 859.11, 860.66, 1.82]
[1485133200, 859.07, 862.63, 861.92, 859.11, 3.45]
[1485129600, 858.09, 868.94, 868.87, 859.1, 6.1859378]
[1485126000, 863.69, 868.27, 864.71, 868.27, 2.606379]
[1485122400, 861.24, 865.36, 864.75, 864.71, 4.59]
[1485118800, 859.96, 865.96, 865.52, 865.38, 8.98]
[1485115200, 861.2, 865.84, 863.42, 865.56, 38.86269435]
[1485111600, 859.55, 863.53, 862.47, 863.36, 11.58962611]
[1485108000, 860.73, 864.55, 864.17, 862.28, 25.7996398]
[1485104400, 860.75, 866.91, 863.58, 864.51, 48.26796315]
[1485100800, 858, 865.93, 859.11, 863.6, 24.01]
[1485097200, 853.36, 869.08, 855.87, 859.11, 17.43754503]
[1485093600, 840.04, 856.4, 852.94, 855.87, 28.4559388]
[1485090000, 850.22, 858.71, 851.16, 853.54, 19.4070056]
[1485086400, 846, 876.33, 876.32, 851.16, 50.35641449]
[1485082800, 871.67, 876.44, 873.98, 874.69, 14.53295369]
[1485079200, 871, 876.46, 876.46, 874, 47.88538736]
[1485075600, 876.46, 882.75, 877.98, 876.47, 26.8213]
[1485072000, 875.62, 879.44, 879.01, 877.99, 9.82]
[1485068400, 873.7, 879.78, 876.49, 879.74, 7.99849907]
[1485064800, 871.06, 876.93, 876.92, 874.39, 8.381]
[1485061200, 875.53, 880, 879.99, 875.53, 2.85]
[1485057600, 878.89, 879.99, 879.74, 879.4, 0.3]
[1485054000, 875.67, 880, 880, 879.99, 1.109289]
[1485050400, 872.99, 880, 872.99, 878.44, 18.44852863]
[1485046800, 871.83, 877.26, 871.83, 873, 2.09]
[1485043200, 863.92, 873, 866.48, 871.83, 3.968]
[1485039600, 863.03, 868.99, 864.56, 865.63, 8.18116082]
[1485036000, 863, 866, 865.81, 865.17, 5.38]
[1485032400, 862.46, 866, 863, 865.59, 7.2]
[1485028800, 861.35, 863, 861.35, 863, 5.88]
[1485025200, 861.26, 863, 863, 862.98, 13.6899]
[1485021600, 861, 863, 862.98, 863, 13.76536509]
[1485018000, 861, 866.93, 865.21, 862.64, 13.59907998]
[1485014400, 864, 869.91, 866.51, 867.28, 11.83]
[1485010800, 864, 869.83, 868.36, 864.01, 21.51]
[1485007200, 863.03, 871.23, 870.65, 869.57, 14.80389632]
[1485003600, 865, 880, 870, 865.13, 66.53986507]
[1485000000, 862.82, 870, 864.18, 870, 21.00109102]
[1484996400, 864.07, 870, 866.99, 867.1, 7.5690933]
[1484992800, 858, 869.39, 864, 868.58, 29.73299089]
[1484989200, 856.65, 864, 858.63, 864, 16.28895957]
[1484985600, 859.07, 863.62, 859.99, 859.54, 15.08994832]
[1484982000, 858.16, 859.99, 858.16, 859.99, 11.03]
[1484978400, 853.77, 859.97, 857.18, 858.06, 4.86]
[1484974800, 855.65, 859.99, 859.99, 856.48, 0.95515558]
[1484971200, 858.99, 869.13, 860, 859.99, 33.06407849]
[1484967600, 844.38, 860, 846.58, 860, 36.3517071]
[1484964000, 835.67, 847.28, 837.93, 847.07, 36.13568232]
[1484960400, 837.01, 837.99, 837.95, 837.96, 0.88041]
[1484956800, 836, 841.75, 839.62, 838, 14.97162113]
[1484953200, 836.2, 841.52, 841.02, 836.2, 21.63091969]
[1484949600, 841.1, 844.51, 842.47, 841.15, 9.44202256]
[1484946000, 842.37, 847.52, 847.52, 843.65, 10.04798845]
[1484942400, 843.27, 849.05, 847.18, 846.05, 26.19334383]
[1484938800, 845.02, 847.65, 845.85, 847.18, 12.49778932]
[1484935200, 844.48, 849.73, 848.03, 847.4, 51.43883061]
[1484931600, 846.91, 850.32, 848.4, 848.33, 41.44570256]
[1484928000, 845.24, 848.4, 847.37, 848.4, 20.85217361]
[1484924400, 845.87, 848.14, 846.8, 847.59, 31.57567319]
[1484920800, 843.17, 846.8, 844.18, 846.8, 22.11616741]
[1484917200, 843.53, 845.39, 844.46, 844.58, 28.46582951]
[1484913600, 840.08, 845.74, 842.57, 844.46, 20.83015164]
[1484910000, 838.05, 842.81, 840.53, 842.51, 14.59865778]
[1484906400, 836.01, 845.66, 844.89, 838.02, 54.80651497]
[1484902800, 842.76, 845.66, 843.67, 845.11, 51.91]
[1484899200, 841.58, 845.39, 845.33, 845.16, 23.63868108]
[1484895600, 841.55, 847.34, 843.28, 845.33, 24.65246449]
[1484892000, 839.48, 844.82, 844.55, 841.15, 11.42259794]
[1484888400, 839.37, 844.55, 840.28, 844.55, 2.707]
[1484884800, 839.56, 846.9, 846.9, 839.81, 6.31684251]
[1484881200, 846.9, 850, 849.79, 847.28, 3.80702786]
[1484877600, 844.31, 849.22, 847.37, 848.84, 1.47]
[1484874000, 846.63, 850.93, 850.93, 847.37, 13.33979237]
[1484870400, 849.26, 851.05, 850.73, 849.76, 4.27]
[1484866800, 847.06, 850.8, 848.14, 850.74, 10.25615272]
[1484863200, 843, 854.73, 854.73, 848.13, 43.51460493]
[1484859600, 850.19, 857.79, 850.19, 854.73, 47.45073075]
[1484856000, 851.21, 858.28, 852.83, 851.22, 29.58923775]
[1484852400, 849.52, 856.04, 853.14, 852.56, 36.29590417]
[1484848800, 848.99, 855, 850.97, 853.14, 22.36636585]
[1484845200, 844.55, 850.98, 847.18, 850.97, 49.02694684]
[1484841600, 845.87, 849, 847.04, 847.17, 27.47218976]
[1484838000, 841.13, 848.88, 844.07, 847.28, 83.46486897]
[1484834400, 840.51, 847.61, 841.17, 845.51, 44.67825217]
[1484830800, 840.73, 845.17, 842.64, 841.17, 47.53861113]
[1484827200, 837.55, 843.76, 839.84, 842.73, 21.20596629]
[1484823600, 837.55, 845.38, 840.58, 839.84, 86.40484503]
[1484820000, 839.49, 846.53, 844.47, 839.49, 34.77764914]
[1484816400, 844.5, 850.98, 850.06, 844.5, 48.75182661]
[1484812800, 841, 850.07, 841, 850.06, 45.60455453]
[1484809200, 837.68, 844.99, 844.29, 841, 31.48515213]
[1484805600, 838.75, 844.44, 838.75, 842.86, 5.94]
[1484802000, 838.51, 842.17, 840.95, 838.51, 1.4342218]
[1484798400, 840.25, 843.57, 843.57, 841.12, 1.26]
[1484794800, 836.21, 843.58, 837.25, 843.58, 7.59]
[1484791200, 834, 839.99, 839.85, 838.99, 5.053]
[1484787600, 842.86, 845.1, 842.87, 844.05, 2.2312106]
[1484784000, 831.44, 845, 831.44, 842.79, 21.71374542]
[1484780400, 822.7, 831.44, 822.7, 831.44, 82.30437708]
[1484776800, 822.05, 822.7, 822.48, 822.7, 21.82424575]
[1484773200, 821.52, 822.48, 821.53, 822.48, 11.458]
[1484769600, 818.78, 822.45, 819.32, 822.45, 29.92108029]
[1484766000, 818.16, 822.33, 821.28, 819.08, 38.13075346]
[1484762400, 818.24, 828.6, 825.4, 821.28, 19.79337164]
[1484758800, 817.2, 828, 824.19, 828, 20.28660869]
[1484755200, 822.9, 832.98, 827.27, 825.51, 58.90930521]
[1484751600, 815.19, 829.43, 818.99, 827.69, 58.99272602]
[1484748000, 800.61, 825, 816.02, 818.1, 92.74385135]
[1484744400, 805.02, 847.19, 846.26, 816.78, 114.90116437]
[1484740800, 843.96, 850, 846.88, 844.06, 18.97324343]
[1484737200, 843.52, 849.42, 847.85, 848.39, 33.93717785]
[1484733600, 842.61, 848.58, 845.69, 847.22, 11.895]
[1484730000, 832.92, 846.17, 840, 846.03, 52.58695915]
[1484726400, 836.79, 845.04, 839.85, 840.37, 26.98509418]
