[1487606400, 1003.16, 1006.14, 1004.79, 1004.53, 35.14426]
[1487602800, 1001.61, 1004.82, 1004.12, 1004.81, 29.75672647]
[1487599200, 1002.03, 1005.35, 1004.58, 1003.94, 22.02616121]
[1487595600, 1001.65, 1004.61, 1001.8, 1004.6, 14.08062563]
[1487592000, 999.29, 1002, 1001.5, 1001.8, 20.6596042]
[1487588400, 1000.99, 1004, 1003.98, 1000.99, 22.976384]
[1487584800, 998.13, 1005.09, 1004.84, 1003.98, 47.95275012]
[1487581200, 1003.08, 1005.3, 1004.73, 1004.84, 22.17886974]
[1487577600, 996, 1004.99, 996, 1004.97, 45.36363575]
[1487574000, 993.79, 996, 994.49, 996, 13.36218897]
[1487570400, 993.08, 994.5, 994.25, 994.5, 10.34199108]
[1487566800, 993.79, 994.49, 994, 993.79, 2.38]
[1487563200, 993.75, 994.5, 993.81, 993.99, 6.7619171]
[1487559600, 993.77, 994.31, 994.31, 993.79, 1.471]
[1487556000, 994.31, 994.5, 994.32, 994.47, 0.48]
[1487552400, 994.3, 994.5, 994.49, 994.32, 1.43]
[1487548800, 994.31, 994.5, 994.5, 994.31, 2.95]
[1487545200, 994.35, 994.5, 994.5, 994.5, 7.09]
[1487541600, 994.04, 995, 994.99, 994.49, 7.25]
[1487538000, 993.91, 995, 994.67, 995, 5.61]
[1487534400, 993.5, 995, 994.5, 995, 13.56031338]
[1487530800, 990, 994.98, 993.01, 994.5, 21.75098384]
[1487527200, 993, 997.56, 995.38, 993.01, 16.56095127]
[1487523600, 990, 996.69, 994.51, 995.38, 25.69108345]
[1487520000, 992, 994.99, 994.75, 994.38, 11.96]
[1487516400, 993.5, 996.58, 993.5, 994.75, 19.4493869]
[1487512800, 990.31, 995.45, 993.1, 993.52, 15.237378]
[1487509200, 990.03, 995.34, 993.29, 993.09, 22.90586184]
[1487505600, 988.79, 1002, 1000.7, 995.58, 44.41396801]
[1487502000, 998.98, 1002, 1001.99, 1000.8, 10.01458801]
[1487498400, 1001.2, 1002.5, 1002.02, 1001.99, 11.25953463]
[1487494800, 1000.11, 1002.95, 1002.28, 1002.03, 9.1160454]
[1487491200, 998.94, 1003.41, 998.95, 1003.04, 10.79187771]
[1487487600, 998.75, 998.95, 998.78, 998.95, 6.98]
[1487484000, 998, 998.78, 998.32, 998.78, 1.50997321]
[1487480400, 996.24, 998.76, 996.24, 997.74, 1.81243347]
[1487476800, 996.11, 997.7, 996.65, 996.15, 0.74]
[1487473200, 996.95, 998.72, 998.6, 997.6, 1.1083856]
[1487469600, 995.71, 998.86, 995.75, 998.86, 1.571]
[1487466000, 990.01, 1001.22, 997.01, 995.39, 34.52875601]
[1487462400, 991, 1003.03, 1001.95, 992.93, 89.85737741]
[1487458800, 1001.86, 1003.81, 1003.11, 1002.23, 9.06669]
[1487455200, 1002.71, 1005.82, 1005.39, 1003, 25.09217044]
[1487451600, 1003.01, 1005.85, 1005.16, 1004.96, 19.94282729]
[1487448000, 1004.95, 1005.97, 1004.97, 1005.32, 4.283]
[1487444400, 1004.95, 1005.99, 1005.02, 1004.96, 17.09274657]
[1487440800, 1002.45, 1005.95, 1002.45, 1005.65, 11.79247888]
[1487437200, 1001.75, 1006.41, 1006.41, 1002.67, 19.33]
[1487433600, 1003.91, 1006.47, 1004, 1006.42, 16.25359059]
[1487430000, 1000.12, 1004, 1000.49, 1004, 27.62686]
[1487426400, 1000.49, 1002.77, 1001.65, 1001.05, 22.95492621]
[1487422800, 1001.05, 1004.08, 1003.24, 1002.47, 13.32]
[1487419200, 1001.47, 1004.99, 1002.69, 1003.36, 29.85]
[1487415600, 1001.76, 1004.97, 1003.9, 1002.58, 13.3949837]
[1487412000, 1002.01, 1005.47, 1003.84, 1003.9, 22.85437057]
[1487408400, 1002, 1006.23, 1005.77, 1003.84, 21.43520596]
[1487404800, 1001.13, 1007.39, 1002.07, 1006.25, 28.28727002]
[1487401200, 1000.95, 1005.38, 1004.42, 1002.08, 14.59095284]
[1487397600, 1003.53, 1008.41, 1006.74, 1004.42, 12.703]
[1487394000, 999.99, 1008.41, 999.99, 1007.19, 36.48764849]
[1487390400, 997.49, 1000, 997.49, 1000, 8.36059408]
[1487386800, 993.9, 997.08, 994.77, 997.02, 13.76905593]
[1487383200, 993.43, 995.16, 995.16, 994.77, 8.02864483]
[1487379600, 990, 997.05, 996.57, 995.46, 12.521799]
[1487376000, 993.4, 998.23, 995.69, 997.05, 19.69189349]
[1487372400, 995.02, 998.98, 998.95, 995.02, 20.93622218]
[1487368800, 996.97, 999.56, 999.15, 998.9, 27.09553632]
[1487365200, 993.05, 999.18, 996.99, 998.7, 35.38782059]
[1487361600, 991, 997, 992.23, 996.98, 26.23595049]
[1487358000, 991.99, 995.37, 992.89, 992.23, 24.32405511]
[1487354400, 990.42, 996.99, 996.48, 995.46, 36.37111807]
[1487350800, 992.15, 999, 997.99, 994.88, 31.46987863]
[1487347200, 990.65, 998.18, 995.71, 997.99, 33.75040216]
[1487343600, 990.85, 996.95, 994.42, 995.71, 50.96337279]
[1487340000, 988, 997, 988, 992.9, 59.0919877]
[1487336400, 982.51, 988, 983.22, 987.99, 32.79428372]
[1487332800, 982.6, 987.73, 984.6, 984.2, 21.94883191]
[1487329200, 976, 987.08, 985.51, 985.87, 32.03998007]
[1487325600, 984.84, 988.34, 985, 985.42, 49.1172086]
[1487322000, 981.4, 985, 982, 984.73, 34.72637314]
[1487318400, 978.03, 982, 979.99, 982, 29.57988451]
[1487314800, 975.44, 980.01, 977.42, 979.99, 31.0651807]
[1487311200, 975.48, 979.01, 978.46, 976.47, 9.38196104]
[1487307600, 975.27, 979, 978.42, 975.3, 16.48628912]
[1487304000, 976.86, 978.99, 978.22, 978.95, 4.2]
[1487300400, 977.45, 978.35, 977.98, 978.35, 1.58]
[1487296800, 977.55, 979.02, 979.01, 978.16, 3.5398]
[1487293200, 977.4, 979.02, 977.97, 979.02, 2.857775]
[1487289600, 973.33, 979.02, 973.88, 979.01, 23.59627492]
[1487286000, 972.26, 976.95, 975.56, 974.17, 10.87694636]
[1487282400, 971.76, 977.96, 974.65, 976.04, 24.11907434]
[1487278800, 968.8, 978.87, 977.25, 975.06, 44.67640258]
[1487275200, 977.5, 980.96, 979.15, 978.3, 17.86181551]
[1487271600, 977.85, 980.74, 979.81, 979.98, 30.68382315]
[1487268000, 973.25, 980.42, 974.6, 979.81, 27.13385698]
[1487264400, 972.79, 979, 977.13, 974.6, 37.63286789]
[1487260800, 972.55, 979, 974.45, 977.61, 27.96045334]
[1487257200, 971.13, 979.75, 971.83, 975.99, 62.78911051]
[1487253600, 967.42, 972.56, 968.59, 970.91, 41.57423449]
[1487250000, 965, 970.92, 969.36, 970, 72.4251829]
[1487246400, 967.29, 969.83, 968.72, 969.02, 26.16724488]
[1487242800, 965.01, 969.49, 965.45, 968.72, 46.58478636]
[1487239200, 965.01, 969.32, 969.13, 965.45, 37.01768914]
[1487235600, 967.19, 970.24, 969.33, 968.15, 27.67595225]
[1487232000, 963.01, 970, 965.38, 969.01, 16.75824526]
[1487228400, 963, 965.4, 964.67, 965.37, 26.63501067]
[1487224800, 963.51, 965.4, 965.39, 965.08, 8.41484309]
[1487221200, 964.51, 965.4, 964.74, 965.39, 1.48]
[1487217600, 962.81, 965.15, 964.13, 965.08, 2.86564498]
[1487214000, 964.21, 965.4, 965.06, 965.39, 1.044]
[1487210400, 959.53, 965.05, 959.97, 965.05, 13.74648]
[1487206800, 959.24, 961.99, 960.5, 960.02, 4.82247607]
[1487203200, 958.72, 961.9, 960.83, 959.84, 6.54557043]
[1487199600, 960.02, 961.67, 961.16, 960.71, 7.09121681]
[1487196000, 960.09, 962, 961.75, 961.14, 10.96275295]
[1487192400, 960.6, 962.62, 961.79, 961.05, 9.15915724]
[1487188800, 959.02, 963.49, 960.9, 962.27, 28.56199131]
[1487185200, 959.35, 964.59, 961.46, 960.19, 33.35828573]
[1487181600, 958.49, 961.54, 959.19, 960.73, 30.15328171]
[1487178000, 955.52, 961.05, 961.05, 959.14, 44.27013829]
[1487174400, 960.11, 961.99, 961.84, 961.09, 31.49289446]
[1487170800, 960.11, 964.07, 964.07, 961.74, 34.33576748]
[1487167200, 960.3, 964.07, 962.5, 964.07, 19.76893672]
[1487163600, 960, 963.43, 962.48, 962.5, 40.15006746]
[1487160000, 957.95, 962.7, 959.51, 962.48, 27.50303396]
[1487156400, 958.22, 961, 960.11, 960.74, 10.86485833]
[1487152800, 958.62, 961, 960.35, 960.19, 35.03792905]
[1487149200, 958.42, 962.12, 959.99, 958.77, 23.78064279]
[1487145600, 955.99, 960, 956.32, 959.3, 35.52990005]
[1487142000, 955.02, 958.64, 958.25, 956.32, 14.00994]
[1487138400, 956.69, 959.29, 957.18, 959.29, 4.66]
[1487134800, 956.7, 959.33, 957.43, 957.2, 3.723]
[1487131200, 955.11, 957.47, 955.75, 956.91, 1.77]
[1487127600, 955.14, 959.52, 958.93, 955.14, 4.14746]
[1487124000, 954.76, 958.9, 958.9, 957.88, 7.49555976]
[1487120400, 957.72, 959.47, 959.06, 957.98, 2.73897]
[1487116800, 955.61, 959.52, 957.12, 958.61, 4.93]
[1487113200, 954.64, 959.52, 957.82, 956.85, 13.05747755]
[1487109600, 954.03, 959.52, 958.64, 957.79, 15.05917156]
[1487106000, 954.03, 958.51, 955.35, 958.51, 12.92153516]
[1487102400, 951.03, 957.02, 955.31, 954.39, 18.63776476]
[1487098800, 953.01, 956.07, 955.76, 953.03, 15.18590628]
[1487095200, 954, 960.77, 958.46, 955.57, 51.63783158]
[1487091600, 956.3, 962.34, 961.25, 958.46, 37.14609491]
[1487088000, 957.01, 962.11, 958.72, 961.81, 46.44326773]
[1487084400, 955.01, 958.72, 956.07, 958.72, 25.08759537]
[1487080800, 950.67, 957.08, 953.87, 955.02, 43.02971903]
[1487077200, 946.53, 955, 952.89, 954.08, 25.8084936]
[1487073600, 945, 955.37, 945.02, 953.91, 16.22935003]
[1487070000, 945, 961.72, 960.38, 946.15, 62.34979831]
[1487066400, 958.78, 964.08, 963.71, 960.59, 29.0820358]
[1487062800, 955.01, 964.05, 960.85, 963.71, 40.66466545]
[1487059200, 952.62, 963.09, 952.62, 960.95, 47.69815966]
[1487055600, 948.56, 954.79, 951.99, 952.98, 47.45599855]
[1487052000, 949.51, 952, 949.51, 951.82, 18.8331005]
[1487048400, 941.5, 949.53, 945.76, 949.36, 1.98302958]
[1487044800, 944.25, 950.89, 946.22, 944.25, 4.00855476]
[1487041200, 945.43, 950.1, 947.85, 947.53, 6.93]
[1487037600, 945.05, 947.78, 945.71, 947.67, 2.23615392]
[1487034000, 943.93, 947.86, 947.4, 944.91, 4.91262368]
[1487030400, 946.99, 949.3, 949.15, 947.69, 3.04599]
[1487026800, 946.38, 952, 951.99, 949.38, 8.48999847]
[1487023200, 948.45, 952, 950.29, 951.99, 10.81689255]
[1487019600, 942.79, 950.33, 946.22, 949.8, 23.81188969]
[1487016000, 943.49, 950, 946.01, 947.47, 36.43285888]
[1487012400, 943.5, 947.62, 943.5, 946.09, 24.32072825]
[1487008800, 940.46, 945.34, 941.61, 944.34, 26.17409807]
[1487005200, 939.8, 947, 944.16, 941.81, 38.18544217]
[1487001600, 939.36, 947, 939.79, 944.17, 24.45792282]
[1486998000, 938.1, 942.89, 940.67, 940.98, 35.06823919]
[1486994400, 936.64, 941.95, 938.43, 938.75, 49.6712971]
[1486990800, 938.37, 944.58, 943.54, 938.38, 72.57590951]
[1486987200, 941.62, 950, 946.75, 943.43, 29.66406651]
[1486983600, 938.17, 948.74, 938.17, 947.09, 31.19137013]
[1486980000, 937.71, 944.22, 939.07, 938.68, 53.43821596]
[1486976400, 933.76, 943.16, 935.69, 937, 57.52957412]
[1486972800, 930.03, 957.86, 956.95, 935.69, 111.44085425]
[1486969200, 955.11, 957.88, 955.97, 956.92, 10.66312008]
[1486965600, 955.08, 956.29, 956.18, 955.12, 3.6351]
[1486962000, 954.24, 956.3, 954.24, 956.18, 22.23412597]
[1486958400, 951.72, 953.63, 951.72, 953.63, 4.63153528]
[1486954800, 952, 952.71, 952, 952.09, 0.26]
[1486951200, 951.51, 952.54, 952.46, 951.76, 0.64]
[1486947600, 951.52, 952.65, 951.81, 951.52, 2.96885576]
[1486944000, 951.55, 952.77, 952.14, 952.14, 2.33547]
[1486940400, 950.03, 952.15, 951.49, 952.12, 5.81381467]
[1486936800, 950.05, 953.05, 950.8, 951.12, 15.92388]
[1486933200, 950, 952, 951.07, 950.79, 9.33021]
[1486929600, 950.91, 952.35, 952.27, 951.22, 12.77438164]
[1486926000, 951.03, 952.35, 951.09, 951.63, 7.60803886]
[1486922400, 951.03, 952.13, 951.73, 951.11, 13.76]
[1486918800, 951.14, 955.15, 954.76, 951.6, 13.30494395]
[1486915200, 953, 954.2, 953.71, 954.2, 8.486]
[1486911600, 951.14, 954.1, 951.87, 953.01, 10.07460915]
[1486908000, 951.33, 952.77, 952.49, 952.02, 5.051]
[1486904400, 952.44, 955.32, 954.94, 952.49, 23.34878764]
[1486900800, 952.23, 957.77, 954.21, 954.32, 16.13559]
[1486897200, 952.03, 955.62, 952.71, 954.08, 16.35802777]
[1486893600, 952.7, 952.71, 952.71, 952.71, 9.15324701]
[1486890000, 951.01, 952.71, 951.57, 952.71, 6.7647]
[1486886400, 951, 952.88, 952.72, 951.63, 17.26997422]
