[1505606400, 3101.01, 3138.5, 3138.5, 3101.78, 21.48706391]
[1505602800, 3130.46, 3151.73, 3144.25, 3138.5, 15.17060769]
[1505599200, 3134.92, 3157.87, 3139.55, 3144.25, 24.74530964]
[1505595600, 3091.2, 3144.22, 3131.62, 3142.92, 47.97352288]
[1505592000, 3119.63, 3156.45, 3134.13, 3131.62, 39.48358468]
[1505588400, 3107.24, 3160, 3153.31, 3134.13, 75.10278388]
[1505584800, 3095.22, 3153.33, 3095.43, 3153.33, 80.23379385]
[1505581200, 3055.52, 3093.88, 3082.99, 3093.88, 64.91605338]
[1505577600, 3040, 3086.04, 3060.67, 3085.29, 103.40079034]
[1505574000, 3033.07, 3163.75, 3126.29, 3060.99, 156.01989057]
[1505570400, 3120.01, 3171.12, 3141.79, 3125.08, 80.07171518]
[1505566800, 3055.7, 3159.95, 3105.98, 3141.99, 140.97357451]
[1505563200, 3047.92, 3182.72, 3182.72, 3105.98, 139.26221208]
[1505559600, 3053.65, 3198.02, 3067.62, 3183.93, 355.42524787]
[1505556000, 3043.78, 3282.28, 3282.27, 3065.11, 396.15655199]
[1505552400, 3280, 3385.08, 3349.97, 3282.29, 285.30028352]
[1505548800, 3282.41, 3350, 3282.41, 3349.99, 219.39131642]
[1505545200, 3260, 3289, 3265.41, 3282.41, 171.22797135]
[1505541600, 3205.6, 3284.57, 3280.06, 3265.41, 127.86900285]
[1505538000, 3224.89, 3298.79, 3226.71, 3280.03, 102.12271812]
[1505534400, 3199.7, 3226.71, 3199.7, 3226.71, 26.3172161]
[1505530800, 3161.66, 3200.11, 3161.66, 3199.99, 9.39627727]
[1505527200, 3161.41, 3216.36, 3195.37, 3161.88, 35.88370361]
[1505523600, 3160.01, 3195.43, 3160.03, 3195.15, 9.84609135]
[1505520000, 3139.05, 3197.37, 3148, 3160.03, 49.16394326]
[1505516400, 3100.12, 3192.67, 3192.67, 3148, 69.68602075]
[1505512800, 3130.2, 3232.57, 3224.25, 3192.68, 121.17099784]
[1505509200, 3125, 3253.06, 3125, 3220.2, 369.25628611]
[1505505600, 3083.4, 3133.36, 3108.35, 3123.71, 75.90802902]
[1505502000, 3030.01, 3169, 3030.01, 3108.35, 107.0700751]
[1505498400, 3008.99, 3085, 3009, 3030.01, 85.10872821]
[1505494800, 2934.36, 3089.12, 3074.99, 3009, 439.98072405]
[1505491200, 2999.49, 3265.36, 3240.9, 3074.99, 673.35202308]
[1505487600, 3007.23, 3260, 3116.55, 3240.98, 615.78534465]
[1505484000, 2865.26, 3209.6, 2869.11, 3116.57, 835.88166898]
[1505480400, 2711.12, 2869.88, 2836.21, 2869.08, 724.06632465]
[1505476800, 2512.22, 2941.01, 2525.26, 2836.21, 1043.18371121]
[1505473200, 2467.29, 2567.42, 2525.02, 2527.12, 511.52632718]
[1505469600, 2525, 2608.5, 2554.91, 2525.06, 228.07960507]
[1505466000, 2538.48, 2679.87, 2641.08, 2554.94, 283.75242257]
[1505462400, 2549.71, 2697.07, 2609.94, 2641.08, 428.6079949]
[1505458800, 2552.01, 2650.03, 2645.01, 2609.99, 411.43098846]
[1505455200, 2645, 2829.97, 2800, 2645.01, 213.66968573]
[1505451600, 2745, 2808.93, 2807.38, 2799.39, 82.81722274]
[1505448000, 2760.98, 2839.74, 2838.27, 2807.37, 59.25220423]
[1505444400, 2828.31, 2868.73, 2857.1, 2838.35, 15.43166612]
[1505440800, 2859.38, 2894, 2865.91, 2859.39, 29.34523949]
[1505437200, 2804.99, 2869.24, 2805, 2865.91, 46.1220725]
[1505433600, 2720, 2830, 2723.02, 2804.95, 133.03271173]
[1505430000, 2723, 2770, 2768.81, 2723.02, 118.10047531]
[1505426400, 2765.01, 2820, 2792.75, 2769.51, 168.55236491]
[1505422800, 2785.06, 2869.99, 2867.06, 2792.75, 181.8419341]
[1505419200, 2825.26, 2894, 2845.99, 2867.03, 172.82069483]
[1505415600, 2825.96, 2958.69, 2890.97, 2848.43, 351.24981958]
[1505412000, 2725, 2931.35, 2801.01, 2890.94, 532.28937854]
[1505408400, 2800, 2926.23, 2926.23, 2801, 365.73730645]
[1505404800, 2900, 2992.65, 2986, 2929.18, 218.06244837]
[1505401200, 2943, 3048.73, 3037.25, 2986, 236.02275462]
[1505397600, 2950, 3050, 3014.81, 3037.26, 261.3098058]
[1505394000, 2852.53, 3045.83, 2935, 3014.86, 623.10535391]
[1505390400, 2914.58, 3088.35, 3034.85, 2925, 583.88900986]
[1505386800, 3031.14, 3177.88, 3167.52, 3034.85, 328.52210255]
[1505383200, 3137.94, 3223.09, 3203.07, 3165, 205.25297025]
[1505379600, 3203.02, 3252.3, 3252.3, 3203.22, 79.85152715]
[1505376000, 3239.5, 3302.64, 3279.09, 3251.11, 91.20833669]
[1505372400, 3238.27, 3300, 3239.63, 3279.91, 60.8138123]
[1505368800, 3224.27, 3239.93, 3237.64, 3239.63, 48.31195072]
[1505365200, 3224.41, 3270.87, 3225.22, 3237.84, 28.61970913]
[1505361600, 3195.08, 3249.5, 3227.2, 3225.38, 48.56639019]
[1505358000, 3223, 3293.27, 3291.95, 3227.2, 31.55352501]
[1505354400, 3274.01, 3313.61, 3313.61, 3291.94, 20.57125763]
[1505350800, 3299.46, 3315.2, 3310.25, 3313.6, 6.51937416]
[1505347200, 3267.8, 3315.27, 3269.05, 3310.25, 21.51240207]
[1505343600, 3267.81, 3316, 3315.32, 3273.75, 34.38114055]
[1505340000, 3289.29, 3330, 3289.29, 3314.32, 56.06721902]
[1505336400, 3276.46, 3307.72, 3305, 3289.3, 67.90938149]
[1505332800, 3251, 3305.2, 3254, 3305, 68.09547077]
[1505329200, 3251, 3304.9, 3304.9, 3254.08, 98.56631314]
[1505325600, 3273.65, 3339.98, 3318.02, 3304.19, 125.26304396]
[1505322000, 3285.55, 3359.2, 3350, 3318.43, 182.55371397]
[1505318400, 3218.44, 3350, 3234, 3350, 163.43266477]
[1505314800, 3160, 3275.09, 3166.22, 3233.99, 145.19025975]
[1505311200, 3142, 3232.45, 3224, 3166.22, 153.0613297]
[1505307600, 3213.19, 3298.54, 3219.96, 3224, 191.79845421]
[1505304000, 3121.17, 3220, 3195.15, 3204.06, 322.93913343]
[1505300400, 3146.61, 3230.81, 3201.99, 3191.26, 311.45544347]
[1505296800, 3200, 3317.7, 3301.17, 3218.77, 237.20343587]
[1505293200, 3301.04, 3380, 3329.87, 3305, 121.37391017]
[1505289600, 3290, 3359.55, 3321.91, 3329.87, 173.35915031]
[1505286000, 3295.23, 3397.98, 3385.79, 3321.91, 197.89985872]
[1505282400, 3334.84, 3404.08, 3335, 3385.49, 105.34681566]
[1505278800, 3333, 3392.57, 3372.58, 3334.88, 125.52000864]
[1505275200, 3278, 3372.59, 3328.28, 3372.59, 123.49116695]
[1505271600, 3320.01, 3413.74, 3387.41, 3321, 77.89495707]
[1505268000, 3379.07, 3461.66, 3460.01, 3386.6, 114.08206194]
[1505264400, 3460, 3496.98, 3479.3, 3460, 29.40625593]
[1505260800, 3460.2, 3518.41, 3501, 3477.42, 36.18691254]
[1505257200, 3484.47, 3526.01, 3526.01, 3501.55, 67.49576605]
[1505253600, 3521.39, 3545.06, 3544.19, 3526.01, 111.39603839]
[1505250000, 3508.36, 3548.19, 3528, 3545.06, 233.46109549]
[1505246400, 3450, 3533.87, 3509.05, 3528, 322.87643048]
[1505242800, 3450.03, 3518.48, 3462.38, 3512.33, 113.32322755]
[1505239200, 3420, 3535.62, 3535.62, 3462.08, 191.31144523]
[1505235600, 3537.91, 3595.8, 3595.69, 3538.1, 59.46082197]
[1505232000, 3561.18, 3595.7, 3582.21, 3595.69, 47.92706867]
[1505228400, 3582.59, 3621.65, 3604.52, 3582.59, 42.08522734]
[1505224800, 3596.54, 3618.68, 3603.92, 3604.52, 32.54864601]
[1505221200, 3597, 3650.02, 3650.02, 3603.93, 76.45026889]
[1505217600, 3649.21, 3675, 3668, 3652.6, 47.60444189]
[1505214000, 3655, 3675, 3655, 3668, 39.36543915]
[1505210400, 3620, 3655, 3645.8, 3655, 62.2788127]
[1505206800, 3620, 3650, 3627.12, 3645.8, 45.39942482]
[1505203200, 3590.95, 3674.99, 3670.95, 3626.51, 104.84827048]
[1505199600, 3641.99, 3675, 3669, 3670.96, 121.83093632]
[1505196000, 3618.53, 3669, 3619.32, 3669, 157.53067157]
[1505192400, 3600.76, 3623.08, 3611.52, 3623.08, 42.1934505]
[1505188800, 3579.2, 3612.26, 3579.2, 3611.52, 27.36171365]
[1505185200, 3561.33, 3585.37, 3561.33, 3577.23, 10.27367079]
[1505181600, 3558.6, 3565.48, 3565.48, 3561.33, 14.07124565]
[1505178000, 3568.17, 3579.99, 3574.99, 3568.17, 12.07420154]
[1505174400, 3550.96, 3574.99, 3550.96, 3574.99, 15.73889931]
[1505170800, 3544.52, 3562.86, 3558.97, 3550.96, 21.56793842]
[1505167200, 3540.43, 3564.4, 3541.98, 3559.2, 67.3735822]
[1505163600, 3537.02, 3544.08, 3537.72, 3542, 86.68237211]
[1505160000, 3523.83, 3539.99, 3532.29, 3538.06, 49.82400895]
[1505156400, 3495, 3565, 3558.9, 3532.29, 53.56011444]
[1505152800, 3542.26, 3568.07, 3557.43, 3555, 31.13691403]
[1505149200, 3550.04, 3597.14, 3588.01, 3557.43, 35.67289384]
[1505145600, 3570.54, 3589.86, 3570.55, 3588.01, 37.59966774]
[1505142000, 3556.86, 3575, 3574.46, 3570.55, 37.43418824]
[1505138400, 3567.28, 3593.67, 3572.9, 3574.84, 50.8794368]
[1505134800, 3520.17, 3590.91, 3527.14, 3583.47, 48.41005]
[1505131200, 3508.96, 3531.04, 3508.97, 3527.14, 27.72628771]
[1505127600, 3495, 3530.9, 3517.67, 3509.07, 51.66974534]
[1505124000, 3489.12, 3517.99, 3510.99, 3517.99, 40.82338814]
[1505120400, 3490, 3531.87, 3490, 3511, 40.62031267]
[1505116800, 3455.54, 3513.15, 3509.51, 3490, 49.41905398]
[1505113200, 3487.29, 3546.01, 3505.92, 3509.51, 42.09523366]
[1505109600, 3457.48, 3540, 3493.86, 3505.95, 48.64644622]
[1505106000, 3450.58, 3527.17, 3495.12, 3494.02, 46.07299742]
[1505102400, 3481.67, 3625, 3625, 3495.12, 34.07695849]
[1505098800, 3593.99, 3625, 3594.05, 3625, 7.61395389]
[1505095200, 3584.4, 3596, 3595.65, 3594.37, 8.50453937]
[1505091600, 3529.91, 3595.94, 3529.92, 3595.34, 12.51793905]
[1505088000, 3450, 3578.7, 3559.39, 3529.92, 60.32605262]
[1505084400, 3555.15, 3599.96, 3590.37, 3555.15, 14.21591531]
[1505080800, 3569.41, 3611.78, 3569.41, 3600, 30.26254058]
[1505077200, 3566.12, 3599.24, 3599.24, 3569.41, 37.14323019]
[1505073600, 3591.95, 3625, 3625, 3599.24, 44.10613466]
[1505070000, 3610.44, 3631.55, 3629.75, 3625, 40.21569205]
[1505066400, 3599.79, 3637.96, 3624.82, 3632.85, 60.34775898]
[1505062800, 3567, 3647.3, 3567, 3627.94, 106.19481699]
[1505059200, 3493.77, 3567.89, 3496.19, 3564.51, 41.019193]
[1505055600, 3494.64, 3516.95, 3510.13, 3496.19, 38.75273765]
[1505052000, 3470, 3514.99, 3490.7, 3513.13, 62.51363721]
[1505048400, 3475.03, 3515, 3506.71, 3482.67, 47.40321401]
[1505044800, 3480.24, 3523.74, 3523.69, 3506.71, 35.14919013]
[1505041200, 3462.5, 3525, 3470, 3519.13, 47.01766003]
[1505037600, 3443.01, 3470.98, 3457.13, 3470, 58.452674]
[1505034000, 3457.12, 3500, 3500, 3457.13, 58.62714964]
[1505030400, 3457.12, 3524.99, 3502.52, 3500, 62.78671741]
[1505026800, 3474.15, 3518.03, 3474.86, 3502.52, 74.96830017]
[1505023200, 3474, 3519.45, 3518.26, 3474.86, 55.31867581]
[1505019600, 3511.58, 3559.1, 3559.1, 3518.25, 20.21974856]
[1505016000, 3545.92, 3571, 3545.92, 3559.1, 13.87375738]
[1505012400, 3545.76, 3562.82, 3552.01, 3545.94, 17.55967812]
[1505008800, 3552.01, 3599.03, 3599.03, 3552.01, 15.20773818]
[1505005200, 3590.01, 3600, 3600, 3599.03, 11.18806808]
[1505001600, 3598.23, 3628.5, 3628.5, 3600, 19.83632706]
[1504998000, 3614.65, 3635, 3633.05, 3628.5, 12.41780193]
[1504994400, 3578.83, 3635, 3579.14, 3633.05, 37.76690724]
[1504990800, 3575.82, 3598.17, 3592.26, 3579.15, 36.49729962]
[1504987200, 3588.64, 3609.77, 3600.1, 3592.38, 41.50676661]
[1504983600, 3505, 3608.99, 3523.01, 3600.89, 61.03739179]
[1504980000, 3520, 3572.35, 3572.35, 3523.15, 60.72868024]
[1504976400, 3553.18, 3602.26, 3600.14, 3572.35, 63.46934132]
[1504972800, 3600, 3615.24, 3600.01, 3600.06, 31.11029099]
[1504969200, 3578.24, 3611.67, 3579.01, 3600.01, 45.15753899]
[1504965600, 3571, 3615.38, 3606.98, 3579.02, 50.25498401]
[1504962000, 3600, 3653, 3652.81, 3606.09, 47.36996713]
[1504958400, 3650.02, 3679.98, 3666.01, 3652.92, 33.96038205]
[1504954800, 3660, 3689.05, 3680, 3666.61, 44.45599285]
[1504951200, 3679.66, 3695.91, 3680.5, 3681.34, 37.78458819]
[1504947600, 3650, 3680.5, 3662.27, 3680.49, 49.81074658]
[1504944000, 3662.25, 3696.37, 3672.27, 3663.89, 37.08753048]
[1504940400, 3671.01, 3724, 3713.97, 3671.01, 42.17078236]
[1504936800, 3687.02, 3725, 3710.2, 3717, 47.47073316]
[1504933200, 3639.97, 3710.2, 3639.98, 3710.2, 25.24799742]
[1504929600, 3591.66, 3639.98, 3627.18, 3639.98, 12.19588582]
[1504926000, 3579.99, 3665.27, 3579.99, 3634.51, 19.29919219]
[1504922400, 3561.86, 3589.46, 3589.46, 3579.99, 7.56987173]
[1504918800, 3569.94, 3675, 3662, 3589.46, 16.92341897]
[1504915200, 3600.24, 3662.81, 3648.53, 3656.53, 23.51444309]
[1504911600, 3626.99, 3675, 3637.19, 3644.85, 46.26958328]
[1504908000, 3470.99, 3651.52, 3491, 3637.25, 104.20459263]
[1504904400, 3450, 3563.53, 3561.12, 3491, 208.29237727]
[1504900800, 3450, 3569.6, 3529.72, 3561.13, 254.77723135]
[1504897200, 3517, 3651.6, 3638.97, 3517, 153.12866497]
[1504893600, 3624.55, 3686.79, 3633.93, 3645.36, 87.85653358]
[1504890000, 3580.04, 3714.02, 3700.2, 3634.67, 148.62449704]
[1504886400, 3700.03, 3743.21, 3712.78, 3700.2, 179.16375122]
