[1488308400, 1125.96, 1128.36, 1128.29, 1128.36, 7.54964384]
[1488304800, 1124.84, 1128.5, 1128.49, 1128.29, 16.61]
[1488301200, 1124.52, 1129.1, 1128.9, 1128.49, 19.12133132]
[1488297600, 1123.03, 1129, 1123.04, 1128.89, 34.36247468]
[1488294000, 1123, 1126.21, 1125.26, 1123.46, 24.13122863]
[1488290400, 1122.74, 1130.16, 1126.34, 1125.26, 62.28056364]
[1488286800, 1124, 1128.98, 1124.01, 1126.34, 34.44696351]
[1488283200, 1124, 1126.38, 1125.21, 1124.01, 18.49006175]
[1488279600, 1125, 1128.7, 1127.19, 1126.62, 27.66029603]
[1488276000, 1124.82, 1130, 1126.83, 1127.19, 44.92845622]
[1488272400, 1121, 1128.77, 1124.08, 1126.83, 37.23474175]
[1488268800, 1124.02, 1128.7, 1126.12, 1126.42, 38.03664552]
[1488265200, 1126.04, 1129.57, 1129.54, 1126.23, 20.24984715]
[1488261600, 1124.12, 1133.53, 1130.41, 1127.32, 24.36781939]
[1488258000, 1128.34, 1130.94, 1128.57, 1130.37, 12.83149]
[1488254400, 1122.68, 1132.35, 1132.35, 1128.53, 11.07260201]
[1488250800, 1121.1, 1142.01, 1140.29, 1132.35, 19.58563778]
[1488247200, 1128.37, 1140.83, 1140.4, 1139.69, 12.48423218]
[1488243600, 1135.85, 1140.96, 1136.03, 1140.6, 15.04700922]
[1488240000, 1128.99, 1138.39, 1128.99, 1136.02, 33.15730379]
[1488236400, 1126.59, 1129, 1126.6, 1128.79, 13.15317162]
[1488232800, 1126.59, 1129, 1128.5, 1126.59, 16.94808359]
[1488229200, 1126.03, 1129.83, 1127.03, 1127.45, 22.04973374]
[1488225600, 1124.03, 1129.67, 1129.09, 1126.89, 44.88916931]
[1488222000, 1126, 1130.47, 1126.33, 1129.25, 26.03727865]
[1488218400, 1126.08, 1131, 1129.78, 1126.33, 42.8396602]
[1488214800, 1129.59, 1131, 1130.6, 1129.59, 28.30375435]
[1488211200, 1120.54, 1131.56, 1122.79, 1130.62, 46.6393218]
[1488207600, 1118.25, 1124.52, 1120.84, 1122.79, 49.85423369]
[1488204000, 1117, 1121.32, 1120.37, 1120.89, 22.02907613]
[1488200400, 1117, 1122.66, 1121.27, 1120.37, 46.534]
[1488196800, 1117, 1126.21, 1126.2, 1121.27, 45.43434134]
[1488193200, 1123.97, 1126.95, 1124.99, 1126.21, 22.583]
[1488189600, 1121.61, 1125.55, 1125.12, 1124.99, 30.24423655]
[1488186000, 1115.76, 1125.11, 1119.68, 1125.11, 41.88225952]
[1488182400, 1117.5, 1123.37, 1122.5, 1119.68, 35.37908131]
[1488178800, 1115.63, 1123.39, 1120.43, 1122.5, 14.78028034]
[1488175200, 1116, 1124.04, 1119.81, 1124.04, 13.08009418]
[1488171600, 1116.02, 1129.06, 1128.63, 1118.34, 10.90746135]
[1488168000, 1127.03, 1131.66, 1127.47, 1127.48, 9.15698]
[1488164400, 1122.61, 1129.36, 1127.07, 1128.34, 15.0918]
[1488160800, 1123.89, 1130.17, 1130.06, 1127.83, 6.31875117]
[1488157200, 1127.4, 1130.07, 1127.64, 1130.07, 4.792]
[1488153600, 1117.99, 1137.03, 1117.99, 1127.64, 48.88343298]
[1488150000, 1117.66, 1118, 1117.88, 1117.99, 4.720381]
[1488146400, 1116, 1118.5, 1116, 1117.89, 6.50740396]
[1488142800, 1114.84, 1119.38, 1116.73, 1115.96, 16.06075]
[1488139200, 1112.54, 1119.02, 1117.5, 1116.56, 16.15]
[1488135600, 1115.39, 1119.39, 1116.06, 1117.18, 18.96045592]
[1488132000, 1116.16, 1120.67, 1116.25, 1116.53, 9.20648013]
[1488128400, 1115.01, 1122.42, 1116.58, 1116.25, 23.29901708]
[1488124800, 1109.57, 1117.08, 1109.58, 1116.39, 21.6238949]
[1488121200, 1108.18, 1110.28, 1108.85, 1109.59, 15.9]
[1488117600, 1108.16, 1109.39, 1108.22, 1108.89, 17.31015165]
[1488114000, 1108.2, 1110.04, 1108.24, 1108.23, 11.7193]
[1488110400, 1108.2, 1110.24, 1108.99, 1108.21, 18.5515]
[1488106800, 1102.92, 1109.26, 1105.07, 1109, 13.8534562]
[1488103200, 1106.09, 1110.22, 1106.42, 1107.03, 16.35172671]
[1488099600, 1101.09, 1106.89, 1101.1, 1106.54, 16.50344507]
[1488096000, 1097, 1101.1, 1097, 1100.99, 12.83738773]
[1488092400, 1095.22, 1097, 1095.66, 1097, 8.97440989]
[1488088800, 1092.46, 1098.73, 1098.68, 1096.08, 3.473]
[1488085200, 1087.58, 1100.79, 1090.59, 1098.4, 17.1724196]
[1488081600, 1085.19, 1090.28, 1085.19, 1089.4, 2.8338]
[1488078000, 1083.08, 1086.45, 1084.37, 1084.35, 0.61]
[1488074400, 1070.96, 1087.4, 1083.92, 1085.65, 27.66220295]
[1488070800, 1080.63, 1091.62, 1091.62, 1082.79, 12.81330775]
[1488067200, 1090.01, 1098.14, 1096.11, 1091.61, 7.57013186]
[1488063600, 1090.77, 1099.99, 1099.17, 1094.64, 10.89685964]
[1488060000, 1094.47, 1101.35, 1095.75, 1099.16, 10.04727371]
[1488056400, 1081.28, 1095.75, 1095.67, 1095.75, 13.568387]
[1488052800, 1092.13, 1099.11, 1097.34, 1095.67, 25.97724909]
[1488049200, 1093.02, 1099.2, 1097.27, 1097.84, 34.17503916]
[1488045600, 1090.67, 1101.88, 1090.72, 1097.77, 28.29983756]
[1488042000, 1071.09, 1090.76, 1083.57, 1090.71, 32.57902928]
[1488038400, 1060.8, 1105.61, 1105.6, 1083.63, 107.46229562]
[1488034800, 1101.65, 1108.14, 1105.02, 1105.61, 27.21130396]
[1488031200, 1100, 1121.93, 1115.21, 1105.03, 54.48546391]
[1488027600, 1115.21, 1123.5, 1122.74, 1115.22, 20.12577702]
[1488024000, 1122.07, 1125.1, 1122.8, 1122.74, 33.837654]
[1488020400, 1122.7, 1123.2, 1123.2, 1122.85, 10.91]
[1488016800, 1118.89, 1124.54, 1121.32, 1123.2, 13.12]
[1488013200, 1117.42, 1123.81, 1122.86, 1121.32, 29.78200686]
[1488009600, 1118.06, 1122.86, 1121.09, 1122.86, 9.739]
[1488006000, 1110.37, 1121.1, 1115.98, 1121.1, 7.46]
[1488002400, 1110.34, 1121.07, 1120.85, 1110.34, 16.1304729]
[1487998800, 1121.79, 1124.59, 1123.69, 1122, 12.06610712]
[1487995200, 1123.69, 1125.16, 1124.88, 1123.69, 4.7196681]
[1487991600, 1124.44, 1124.88, 1124.44, 1124.88, 4.05019878]
[1487988000, 1124.31, 1124.44, 1124.31, 1124.44, 0.24]
[1487984400, 1122.82, 1124.34, 1123.1, 1124.34, 3.25]
[1487980800, 1120.17, 1123.84, 1123.39, 1123.02, 10.606037]
[1487977200, 1119, 1123.39, 1119, 1123.39, 11.39546588]
[1487973600, 1117.31, 1119.99, 1119.51, 1118.99, 17.48732431]
[1487970000, 1101.18, 1120.81, 1110.17, 1119.51, 20.21259861]
[1487966400, 1110.66, 1124.88, 1124.72, 1110.66, 45.3991445]
[1487962800, 1120.43, 1125.67, 1125.63, 1124.74, 29.34623372]
[1487959200, 1121.32, 1134.81, 1133.28, 1125.82, 52.20931292]
[1487955600, 1128.15, 1140.86, 1131.29, 1132.64, 59.33462459]
[1487952000, 1123.99, 1137.2, 1136.64, 1131.29, 41.22122449]
[1487948400, 1134, 1139.76, 1136.55, 1136.65, 42.83441775]
[1487944800, 1128.9, 1139.88, 1129.58, 1136.55, 68.55509775]
[1487941200, 1108.61, 1130.43, 1113, 1129.5, 48.4253527]
[1487937600, 1108, 1114.75, 1108.29, 1113, 50.44248828]
[1487934000, 1072.99, 1118.43, 1118.33, 1108.28, 83.3959151]
[1487930400, 1111.41, 1123.3, 1123, 1118.35, 57.2113483]
[1487926800, 1103.03, 1131.47, 1117.01, 1122.8, 82.11695562]
[1487923200, 1096.23, 1117, 1103.15, 1117, 62.30187686]
[1487919600, 990.17, 1144.74, 1144.74, 1103.56, 356.31880879]
[1487916000, 1142.3, 1150.02, 1143.58, 1142.3, 44.47533562]
[1487912400, 1133.99, 1146.53, 1135.27, 1143.51, 16.69927885]
[1487908800, 1130.76, 1156.31, 1130.76, 1132.41, 52.52932661]
[1487905200, 1127.96, 1135.21, 1127.96, 1131.64, 3.7225266]
[1487901600, 1117.3, 1129.04, 1117.3, 1127.95, 10.91103563]
[1487898000, 1115, 1124.86, 1120.57, 1117.3, 12.698]
[1487894400, 1115.82, 1129.59, 1115.82, 1120.13, 22.25112952]
[1487890800, 1111.01, 1135.41, 1114.69, 1115.29, 62.54783911]
[1487887200, 1103.01, 1115.88, 1103.02, 1115.08, 57.0175401]
[1487883600, 1103, 1106.03, 1104.82, 1103.03, 30.71877678]
[1487880000, 1097.51, 1107.4, 1103.3, 1106.01, 47.69707748]
[1487876400, 1099.97, 1107.36, 1104.76, 1103.31, 54.0807548]
[1487872800, 1094.74, 1105.29, 1096.65, 1103.99, 46.36767427]
[1487869200, 1095, 1099.2, 1095.11, 1095.54, 39.62503213]
[1487865600, 1094.02, 1099.75, 1097.31, 1094.87, 53.78224407]
[1487862000, 1093.23, 1100, 1096.51, 1097.31, 37.73815619]
[1487858400, 1092.41, 1096.89, 1092.75, 1095.34, 117.80493567]
[1487854800, 1089.52, 1096.79, 1090.54, 1092.96, 65.59493197]
[1487851200, 1084.71, 1091.44, 1086.98, 1091.44, 25.79]
[1487847600, 1082.17, 1087, 1084.43, 1085.42, 36.4866709]
[1487844000, 1080.11, 1085, 1081.24, 1085, 43.77467119]
[1487840400, 1081, 1086.1, 1083.13, 1081.24, 47.98303011]
[1487836800, 1071.88, 1086.28, 1073.46, 1083.13, 45.48563183]
[1487833200, 1070.9, 1074.93, 1073.24, 1073.45, 24.30428676]
[1487829600, 1070, 1073.31, 1073.02, 1073.25, 9.8169319]
[1487826000, 1070, 1073.72, 1071.68, 1073.03, 14.64]
[1487822400, 1071.57, 1071.69, 1071.57, 1071.68, 0.5]
[1487818800, 1070.03, 1074.97, 1074.97, 1071.57, 3.45881309]
[1487815200, 1074.97, 1075, 1075, 1074.97, 1.05]
[1487811600, 1072.9, 1075, 1072.96, 1074.99, 4.98]
[1487808000, 1070.01, 1073.16, 1072.47, 1072.96, 7.20429913]
[1487804400, 1072.48, 1073.44, 1073, 1072.48, 9.84375388]
[1487800800, 1072.75, 1076.31, 1076.31, 1073.04, 31.54885357]
[1487797200, 1070.93, 1078.64, 1078.64, 1076.33, 35.9424571]
[1487793600, 1074.32, 1080.24, 1077.05, 1078.64, 31.57037344]
[1487790000, 1070.66, 1079.21, 1077, 1077.29, 38.21368099]
[1487786400, 1074.69, 1080.06, 1075.24, 1077.03, 38.1027284]
[1487782800, 1068.97, 1076.79, 1069.6, 1075.43, 33.10167341]
[1487779200, 1069.58, 1076.39, 1076.39, 1070.54, 33.31896145]
[1487775600, 1072.33, 1078.33, 1072.33, 1076.4, 60.23410671]
[1487772000, 1068.22, 1072.63, 1069.44, 1072.34, 21.0115898]
[1487768400, 1063.04, 1070.01, 1063.28, 1069.45, 22.14016976]
[1487764800, 1062.86, 1067.2, 1064.44, 1063.47, 21.10312007]
[1487761200, 1061.53, 1066.56, 1063.01, 1064.24, 41.9064316]
[1487757600, 1058.9, 1063.5, 1063.27, 1063.01, 32.01522666]
[1487754000, 1056.44, 1064.54, 1058.36, 1063.36, 39.582828]
[1487750400, 1058.01, 1064.56, 1060.96, 1058.08, 61.26731037]
[1487746800, 1056.24, 1064.15, 1056.25, 1060.37, 51.2968063]
[1487743200, 1054.41, 1060.47, 1054.41, 1058.17, 12.28410163]
[1487739600, 1049.99, 1062.08, 1062.08, 1054.44, 9.23586224]
[1487736000, 1060.31, 1063.36, 1062.57, 1062.08, 5.26228521]
[1487732400, 1059, 1063.86, 1059.01, 1063.86, 7.54437649]
[1487728800, 1058.32, 1064.31, 1062.49, 1059.01, 3.44143425]
[1487725200, 1061.22, 1073.36, 1070.4, 1061.6, 11.98836677]
[1487721600, 1065.86, 1073.36, 1069.05, 1073.28, 39.96764227]
[1487718000, 1067.1, 1073.99, 1070.83, 1068.85, 21.59275881]
[1487714400, 1056.58, 1074.93, 1059.33, 1070.83, 86.75745804]
[1487710800, 1056.08, 1059.94, 1058.14, 1059.53, 28.66340851]
[1487707200, 1056.01, 1059.78, 1057.69, 1058.31, 10.3]
[1487703600, 1053.43, 1058.66, 1054.64, 1057.32, 24.96020672]
[1487700000, 1051.75, 1058.89, 1055.13, 1054.65, 37.46371617]
[1487696400, 1045.94, 1055.02, 1046.98, 1055.01, 25.15909001]
[1487692800, 1040.79, 1047.28, 1046.63, 1046.98, 24.2305213]
[1487689200, 1036.51, 1050.94, 1050.74, 1045.44, 46.56257086]
[1487685600, 1038.29, 1060.84, 1056.52, 1050.89, 112.64603171]
[1487682000, 1055.04, 1061.67, 1061.6, 1056.54, 73.79084951]
[1487678400, 1054.55, 1062.8, 1056, 1061.49, 70.56767574]
[1487674800, 1043.83, 1055.8, 1043.97, 1055.8, 62.96086658]
[1487671200, 1036.28, 1045, 1041.35, 1043.84, 43.93275095]
[1487667600, 1035.33, 1043.52, 1043.52, 1041.33, 38.45464015]
[1487664000, 1027.52, 1044.99, 1031.01, 1043.71, 45.54232128]
[1487660400, 1028.72, 1041.71, 1036.87, 1032.39, 56.80915487]
[1487656800, 1025.32, 1037.03, 1025.44, 1036.86, 32.02762655]
[1487653200, 1024.51, 1026.42, 1024.51, 1025.18, 8.01977305]
[1487649600, 1023.57, 1025, 1024.01, 1024.99, 7.41332]
[1487646000, 1023.13, 1024.98, 1024.73, 1024.32, 2.54951248]
[1487642400, 1020.67, 1025, 1024.99, 1024.98, 8.5327787]
[1487638800, 1018.73, 1025, 1020.06, 1024.5, 10.58024577]
[1487635200, 1017.71, 1023.01, 1023.01, 1020.06, 9.12875918]
[1487631600, 1003.82, 1030, 1003.82, 1023.01, 85.2066275]
[1487628000, 1003.61, 1004.83, 1004.68, 1003.64, 9.79126]
[1487624400, 1003.64, 1005.49, 1004.63, 1004.84, 12.71059]
[1487620800, 1003.02, 1005.45, 1005.35, 1004.63, 32.63238414]
[1487617200, 1003.67, 1005.49, 1005.2, 1005.16, 14.23213034]
[1487613600, 1003.82, 1005.5, 1004.82, 1005.4, 21.36923601]
[1487610000, 1003.62, 1005.76, 1004.53, 1003.62, 22.31136216]
[1487606400, 1003.16, 1006.14, 1004.79, 1004.53, 35.14426]
