[1501286400, 2370.11, 2386.44, 2380.42, 2386.44, 15.70915372]
[1501282800, 2375.5, 2399.99, 2380.41, 2380.46, 26.7806924]
[1501279200, 2370.25, 2399.9, 2374.36, 2385.1, 23.12148028]
[1501275600, 2354.48, 2375, 2361.31, 2374.36, 37.72853582]
[1501272000, 2333.16, 2364.89, 2364.89, 2359.99, 36.97607704]
[1501268400, 2350, 2390, 2386.14, 2363.09, 69.02815273]
[1501264800, 2373.7, 2391.14, 2385.73, 2382.14, 39.5575401]
[1501261200, 2366.79, 2398, 2381.65, 2385.64, 34.71240583]
[1501257600, 2358.74, 2403.14, 2369.32, 2382.8, 83.37387865]
[1501254000, 2341.52, 2385.84, 2384.88, 2361.07, 102.7405961]
[1501250400, 2379.75, 2415.98, 2380.91, 2385, 89.21959843]
[1501246800, 2370, 2411.96, 2388.01, 2381.41, 94.05147338]
[1501243200, 2375.55, 2417.94, 2415.72, 2388.01, 111.35962378]
[1501239600, 2362.74, 2425, 2377.37, 2414, 132.37262967]
[1501236000, 2350.05, 2389.03, 2379.1, 2378.78, 81.68761528]
[1501232400, 2362.12, 2387.24, 2380.98, 2379.1, 110.80162261]
[1501228800, 2360.42, 2400, 2360.42, 2381.75, 134.13679573]
[1501225200, 2306.69, 2373.84, 2315.15, 2360.34, 90.63478185]
[1501221600, 2301.02, 2340, 2301.02, 2320, 75.31780722]
[1501218000, 2280, 2302.61, 2282.13, 2300.92, 25.59220994]
[1501214400, 2276.04, 2290.31, 2289.4, 2280.01, 15.68852322]
[1501210800, 2281, 2310.55, 2310.55, 2288.77, 7.493753]
[1501207200, 2305.55, 2323.32, 2311.89, 2310.54, 6.92895463]
[1501203600, 2300.17, 2335.37, 2333.09, 2312.22, 17.25982471]
[1501200000, 2298.17, 2344.96, 2298.17, 2336.56, 33.22354458]
[1501196400, 2290.82, 2319.7, 2313.66, 2297.15, 45.1207337]
[1501192800, 2286.72, 2317.55, 2286.72, 2311.96, 39.58456095]
[1501189200, 2236.99, 2300, 2236.99, 2286.72, 138.02626457]
[1501185600, 2218, 2237.67, 2231.32, 2237, 38.76364144]
[1501182000, 2220.68, 2247.95, 2229.95, 2232.86, 55.27271429]
[1501178400, 2226.91, 2250, 2234.97, 2226.91, 46.2698835]
[1501174800, 2218.25, 2250, 2232.24, 2234.99, 75.30779654]
[1501171200, 2183.56, 2244.95, 2191.6, 2242.94, 91.26347468]
[1501167600, 2186.79, 2215, 2205.01, 2191.57, 46.27906142]
[1501164000, 2200, 2233.47, 2225.41, 2208.45, 80.93277257]
[1501160400, 2214.78, 2233.61, 2220.85, 2225.4, 47.250082]
[1501156800, 2213.26, 2238.94, 2230.11, 2223.3, 53.36274661]
[1501153200, 2228.16, 2248.23, 2239.64, 2230.1, 85.12003631]
[1501149600, 2210.99, 2248.31, 2211, 2239.17, 76.07658458]
[1501146000, 2200.7, 2212.55, 2207.36, 2211, 55.53079541]
[1501142400, 2194.3, 2207.02, 2199.28, 2206.6, 60.13142115]
[1501138800, 2195.01, 2220, 2215, 2199.28, 48.97045646]
[1501135200, 2206.67, 2217.58, 2210, 2215, 33.64954189]
[1501131600, 2195.14, 2211.09, 2204.11, 2210, 22.41515463]
[1501128000, 2195.77, 2209.5, 2195.78, 2206.19, 11.21223449]
[1501124400, 2179.93, 2195.78, 2187.28, 2195.78, 3.57506549]
[1501120800, 2184.77, 2199, 2199, 2187.23, 5.16653919]
[1501117200, 2190.64, 2199, 2190.64, 2199, 10.71656899]
[1501113600, 2178.37, 2198.98, 2188.19, 2190.65, 7.19692935]
[1501110000, 2165.48, 2194.89, 2165.48, 2185.01, 45.7968662]
[1501106400, 2130.07, 2166, 2130.17, 2165.48, 28.23348357]
[1501102800, 2131.01, 2170, 2161.98, 2140.71, 34.29992122]
[1501099200, 2145.31, 2162, 2150.41, 2161.81, 36.16436864]
[1501095600, 2140.52, 2164, 2155.88, 2150.83, 28.64463906]
[1501092000, 2137.5, 2165, 2150.99, 2155.93, 34.6184408]
[1501088400, 2108.28, 2163.94, 2127.98, 2151.14, 74.05723678]
[1501084800, 2103, 2142.76, 2120, 2130.72, 112.64897353]
[1501081200, 2118.53, 2210, 2180.03, 2120, 113.73861641]
[1501077600, 2154.07, 2197.09, 2160.11, 2183.29, 47.14613921]
[1501074000, 2155.79, 2213.81, 2213.81, 2161.02, 65.98778224]
[1501070400, 2203.22, 2225, 2214.45, 2214, 54.00936873]
[1501066800, 2188.01, 2216.41, 2192.97, 2214.45, 59.42293133]
[1501063200, 2167.51, 2197.99, 2176.9, 2193.01, 64.65663776]
[1501059600, 2153.76, 2199.73, 2181.7, 2179.97, 54.05355837]
[1501056000, 2142.86, 2190.37, 2143.54, 2181.7, 71.58191074]
[1501052400, 2123.56, 2143.54, 2123.56, 2142.5, 76.36710283]
[1501048800, 2123.5, 2153.02, 2153.02, 2123.54, 59.68306107]
[1501045200, 2126.01, 2179.6, 2177.72, 2153.06, 45.81814401]
[1501041600, 2175.92, 2193.04, 2184.42, 2180.1, 11.98514544]
[1501038000, 2134.94, 2185.55, 2166, 2184.43, 31.04118881]
[1501034400, 2166, 2219.58, 2219.58, 2166, 19.30432385]
[1501030800, 2219.57, 2238.81, 2238.81, 2219.58, 4.4804384]
[1501027200, 2211.25, 2249.96, 2211.25, 2242.09, 11.98615015]
[1501023600, 2185.62, 2218.95, 2185.62, 2214.32, 15.39467298]
[1501020000, 2177.88, 2224.98, 2213.82, 2185.63, 39.54744998]
[1501016400, 2124.23, 2225, 2124.24, 2213.5, 146.10323425]
[1501012800, 2112.12, 2149.91, 2138, 2124.24, 92.21123979]
[1501009200, 2112.13, 2156.22, 2154.34, 2137.8, 101.34198394]
[1501005600, 2140.04, 2199.84, 2199.01, 2156.33, 73.82827062]
[1501002000, 2172.69, 2199.99, 2183, 2199.01, 52.64885172]
[1500998400, 2161, 2260.72, 2229.97, 2183, 258.62620743]
[1500994800, 2218.86, 2260, 2226.9, 2228.79, 61.7493696]
[1500991200, 2190, 2254.16, 2204.7, 2226.9, 140.79086249]
[1500987600, 2155.15, 2211.62, 2162.5, 2204.7, 113.14246292]
[1500984000, 2162.19, 2237.07, 2208.71, 2162.5, 227.82108365]
[1500980400, 2202, 2248.29, 2247.65, 2221.56, 153.97852622]
[1500976800, 2243, 2310, 2300.06, 2249.27, 126.79472832]
[1500973200, 2300.06, 2336.19, 2326.9, 2300.06, 82.99605137]
[1500969600, 2299.55, 2336.96, 2302.93, 2327.25, 86.60399278]
[1500966000, 2272.73, 2330.77, 2328.4, 2300.55, 154.07885358]
[1500962400, 2290.02, 2402, 2382.99, 2330.77, 168.9803128]
[1500958800, 2379.97, 2383, 2382.78, 2383, 9.42032039]
[1500955200, 2378.76, 2383, 2380.24, 2382.98, 10.27306654]
[1500951600, 2379.37, 2382.88, 2382.86, 2380.2, 1.79549104]
[1500948000, 2382.86, 2386.44, 2383.53, 2382.86, 1.6322237]
[1500944400, 2382.56, 2400, 2392.13, 2383.66, 19.17479588]
[1500940800, 2387.68, 2400, 2388.78, 2391.16, 10.73684306]
[1500937200, 2385.63, 2388, 2385.82, 2387.27, 13.51134205]
[1500933600, 2377.65, 2390.24, 2381.66, 2385.82, 19.31785351]
[1500930000, 2380.08, 2390, 2389.83, 2380.08, 17.08683114]
[1500926400, 2384.06, 2393.13, 2390.24, 2389.99, 32.60816544]
[1500922800, 2361.37, 2390.25, 2370, 2390.25, 55.85690589]
[1500919200, 2357.16, 2380.19, 2363.39, 2369.84, 62.50989316]
[1500915600, 2362.01, 2390.69, 2388, 2363.42, 68.09291512]
[1500912000, 2382.94, 2394.96, 2384.81, 2390.07, 42.25929462]
[1500908400, 2380.04, 2402.08, 2395.49, 2387.32, 44.90296169]
[1500904800, 2389.04, 2421.77, 2412.26, 2394.63, 138.02133749]
[1500901200, 2381.18, 2418.31, 2390.24, 2412.24, 137.75753577]
[1500897600, 2377.34, 2393.3, 2379.95, 2392.83, 50.46870021]
[1500894000, 2377.59, 2385.97, 2379.2, 2379.95, 42.49369912]
[1500890400, 2374.23, 2383.03, 2376.51, 2379.25, 43.57147863]
[1500886800, 2365, 2381.44, 2370.18, 2374.31, 93.5021361]
[1500883200, 2360.01, 2375.63, 2375.45, 2370.18, 51.2081237]
[1500879600, 2357.15, 2390.47, 2358.56, 2375.09, 44.4157104]
[1500876000, 2351.68, 2375.14, 2351.68, 2357.2, 28.03298203]
[1500872400, 2351.2, 2373.37, 2373.37, 2351.5, 14.96942927]
[1500868800, 2370.15, 2380.1, 2372.95, 2374.06, 11.65655991]
[1500865200, 2373.1, 2378.48, 2378.48, 2373.12, 3.1272675]
[1500861600, 2374.42, 2378.49, 2375.75, 2378.49, 0.9]
[1500858000, 2374.07, 2378.48, 2374.36, 2374.07, 5.59102121]
[1500854400, 2351.21, 2372.72, 2364.99, 2371.73, 5.66990371]
[1500850800, 2349.12, 2373.7, 2349.12, 2364.54, 26.98606099]
[1500847200, 2349.8, 2389.11, 2383.67, 2351.88, 48.36107431]
[1500843600, 2381.86, 2392.77, 2392.68, 2383.67, 47.09318774]
[1500840000, 2383.73, 2392.68, 2392.68, 2392.68, 40.50536919]
[1500836400, 2389.81, 2400, 2398.02, 2393.39, 29.24427105]
[1500832800, 2394.59, 2400, 2398.46, 2399.14, 24.27249232]
[1500829200, 2385.13, 2420, 2388, 2399, 45.12580382]
[1500825600, 2377.8, 2396.23, 2396.2, 2387, 27.00182475]
[1500822000, 2385.44, 2400, 2393.05, 2396.2, 25.44339045]
[1500818400, 2364.84, 2411, 2364.99, 2393.33, 39.67314177]
[1500814800, 2356.15, 2370.58, 2358.92, 2364.99, 38.01616782]
[1500811200, 2315.04, 2362.29, 2332.44, 2358.99, 53.5893071]
[1500807600, 2313.98, 2347.98, 2347.98, 2332.45, 93.35925418]
[1500804000, 2335.2, 2383.6, 2377.31, 2347.97, 87.54347886]
[1500800400, 2362.5, 2400, 2362.5, 2386.32, 48.81442222]
[1500796800, 2351.7, 2384.88, 2374.64, 2361.52, 55.57948642]
[1500793200, 2374, 2392.83, 2392.05, 2374.02, 51.70214426]
[1500789600, 2392.02, 2401.24, 2396.62, 2392.03, 14.9162528]
[1500786000, 2392.31, 2421.81, 2408, 2404.8, 17.1152915]
[1500782400, 2370, 2413.26, 2412.78, 2407.62, 20.17942918]
[1500778800, 2404.46, 2416.58, 2406.3, 2416.58, 5.87237178]
[1500775200, 2405.16, 2435.84, 2435.84, 2408.04, 14.58542522]
[1500771600, 2425.53, 2447, 2444.65, 2433.64, 29.4629252]
[1500768000, 2424.08, 2445, 2424.08, 2444.66, 22.20485085]
[1500764400, 2417.85, 2430, 2426.52, 2424.1, 20.22132554]
[1500760800, 2419.76, 2429.95, 2425.27, 2426.65, 29.07839308]
[1500757200, 2408.61, 2430.24, 2408.61, 2425.27, 41.87856349]
[1500753600, 2400.02, 2420, 2416, 2408.61, 40.45609953]
[1500750000, 2400.5, 2420.34, 2420, 2415.99, 20.15620014]
[1500746400, 2420, 2436, 2435, 2420, 45.32398884]
[1500742800, 2420, 2435, 2424.23, 2435, 41.81851732]
[1500739200, 2399.91, 2425, 2399.91, 2424.59, 43.29913659]
[1500735600, 2380.01, 2400, 2385.99, 2399.91, 29.14817471]
[1500732000, 2362.28, 2390, 2362.93, 2386, 32.14340663]
[1500728400, 2359.59, 2425.83, 2425.83, 2364.65, 71.27009295]
[1500724800, 2401, 2450, 2420.23, 2428.41, 96.73902701]
[1500721200, 2417.13, 2468.85, 2451.04, 2420.11, 76.31211275]
[1500717600, 2413.99, 2460, 2414.91, 2449.36, 93.32341636]
[1500714000, 2400.6, 2418.2, 2405, 2414.9, 64.53008587]
[1500710400, 2378.11, 2419.49, 2383, 2406.75, 109.20468704]
[1500706800, 2358.55, 2383, 2359.84, 2383, 60.78281068]
[1500703200, 2352.59, 2359.84, 2354.99, 2359.84, 26.57826251]
[1500699600, 2332.28, 2355, 2332.28, 2355, 19.37957546]
[1500696000, 2324.25, 2340.26, 2335.48, 2332.06, 9.40061202]
[1500692400, 2337.45, 2349.47, 2340.87, 2343.04, 11.55343858]
[1500688800, 2316.82, 2340.87, 2317.96, 2340.86, 3.8857199]
[1500685200, 2302, 2324.98, 2302, 2320.99, 11.18747332]
[1500681600, 2284.17, 2319.14, 2299.59, 2304.05, 12.74086548]
[1500678000, 2289.68, 2321.82, 2318.65, 2297.98, 34.27684969]
[1500674400, 2261.63, 2318.65, 2264.61, 2318.65, 37.33080931]
[1500670800, 2253.91, 2284.03, 2261.02, 2271.13, 44.0779036]
[1500667200, 2238.63, 2275.01, 2265.6, 2265.11, 91.28160346]
[1500663600, 2260, 2293.61, 2280.14, 2267.09, 111.25480169]
[1500660000, 2280.14, 2337.99, 2315.04, 2280.14, 168.89358239]
[1500656400, 2309.07, 2361.84, 2354.98, 2315.95, 85.32417931]
[1500652800, 2341.58, 2376.43, 2357.41, 2363.36, 47.45156879]
[1500649200, 2347.05, 2386.68, 2372.56, 2357.87, 58.14248673]
[1500645600, 2360.97, 2392.5, 2382.97, 2372.66, 62.42423503]
[1500642000, 2380, 2424.41, 2424, 2382.49, 77.88506177]
[1500638400, 2374.25, 2424.99, 2374.99, 2424, 91.18232311]
[1500634800, 2317.16, 2375, 2335, 2374.97, 161.24970691]
[1500631200, 2335, 2369.84, 2360.01, 2335.01, 82.20306604]
[1500627600, 2330.01, 2372.73, 2331.13, 2360.01, 106.46610158]
[1500624000, 2331.11, 2383.5, 2383.5, 2333.03, 102.5314304]
[1500620400, 2357.5, 2389.79, 2388.18, 2383.49, 94.68242517]
[1500616800, 2375.14, 2400, 2396.99, 2388.17, 123.18265578]
[1500613200, 2353.88, 2398.1, 2370.3, 2397, 45.7018197]
[1500609600, 2315.71, 2383, 2330.91, 2370.31, 43.64304655]
[1500606000, 2278.75, 2339.27, 2339.27, 2330.67, 48.20679839]
[1500602400, 2329.34, 2415.72, 2414.71, 2333.13, 44.48738381]
[1500598800, 2367.36, 2419.95, 2369.1, 2412.99, 48.5409674]
[1500595200, 2318.05, 2479.9, 2470, 2373.66, 140.42562209]
[1500591600, 2360.93, 2546.72, 2457.8, 2464.33, 544.66362661]
[1500588000, 2374.46, 2464.99, 2374.65, 2457.72, 210.6480995]
[1500584400, 2345, 2401.02, 2357.45, 2374.85, 289.07254737]
[1500580800, 2290.01, 2383.75, 2300.01, 2359.52, 301.69052922]
[1500577200, 2272.99, 2315, 2284.19, 2300.01, 199.27133892]
[1500573600, 2215.93, 2288.91, 2246, 2285.12, 128.99749501]
[1500570000, 2230.47, 2294.34, 2253, 2246, 159.49226911]
[1500566400, 2248.08, 2309.92, 2278.73, 2248.08, 179.59489802]
