[1507766400, 4082.12, 4099.5, 4087.09, 4096.17, 5.15910538]
[1507762800, 4072, 4091.36, 4074.64, 4087.09, 17.96065786]
[1507759200, 4073.5, 4074.57, 4074.44, 4074.57, 22.44492574]
[1507755600, 4067.73, 4098.94, 4096.87, 4074.44, 36.44424217]
[1507752000, 4095, 4099.87, 4096.01, 4096.39, 39.05194884]
[1507748400, 4096, 4118.99, 4103.3, 4096.01, 59.14347543]
[1507744800, 4094.99, 4107.31, 4096.02, 4103.08, 45.82260763]
[1507741200, 4092.6, 4116, 4107.49, 4096.02, 54.83026908]
[1507737600, 4093.99, 4119.8, 4094, 4107.5, 60.53050606]
[1507734000, 4059.99, 4101.67, 4059.99, 4094, 79.525608]
[1507730400, 4054.99, 4070, 4062.55, 4059.99, 79.74984668]
[1507726800, 4055, 4070, 4055.04, 4062.5, 54.90262333]
[1507723200, 4050, 4084.01, 4084.01, 4055.04, 71.99818444]
[1507719600, 4077.84, 4122.3, 4120.59, 4084.01, 93.58608393]
[1507716000, 4113, 4120.58, 4113, 4120.58, 42.43949839]
[1507712400, 4101.09, 4116.9, 4116.85, 4113, 70.62319964]
[1507708800, 4082.99, 4127.29, 4083, 4116.85, 68.51507475]
[1507705200, 4056.22, 4098, 4075.43, 4083, 100.30092011]
[1507701600, 4051.14, 4078.12, 4051.95, 4075.39, 90.07136507]
[1507698000, 4035.5, 4060.45, 4039.88, 4051.95, 29.5831862]
[1507694400, 4025, 4045.42, 4045.42, 4039.89, 19.47450339]
[1507690800, 4044.6, 4055.2, 4052.19, 4045.42, 13.29499928]
[1507687200, 4034.02, 4052.21, 4034.02, 4052.18, 6.38733421]
[1507683600, 4009.47, 4034.04, 4009.47, 4034.02, 6.48859072]
[1507680000, 4002.7, 4058.99, 4045.16, 4009.47, 25.29980838]
[1507676400, 4006.03, 4087.52, 4064.98, 4045.17, 61.98981228]
[1507672800, 4007.94, 4098.75, 4097.56, 4064.99, 148.98062089]
[1507669200, 4097.56, 4143.49, 4143.46, 4097.56, 109.14436743]
[1507665600, 4133.67, 4144.99, 4136, 4143.46, 42.29129115]
[1507662000, 4130, 4147.39, 4142.84, 4136, 83.14389329]
[1507658400, 4125.41, 4168.5, 4145.82, 4142.85, 138.09787978]
[1507654800, 4123.99, 4147.99, 4124, 4145.82, 82.52982209]
[1507651200, 4093.03, 4124, 4096.99, 4124, 65.72911176]
[1507647600, 4092.19, 4110, 4100.64, 4096.74, 76.61346796]
[1507644000, 4091.82, 4124.35, 4121.23, 4101.92, 88.67110533]
[1507640400, 4110.09, 4132.53, 4115, 4120.23, 82.32241929]
[1507636800, 4091.87, 4118, 4094.24, 4115, 77.98238601]
[1507633200, 4088.5, 4105, 4093.49, 4094.24, 71.92060162]
[1507629600, 4081, 4108.49, 4085.01, 4093.49, 100.85434411]
[1507626000, 4085, 4134.19, 4100.63, 4085.01, 137.20535444]
[1507622400, 4088, 4127.01, 4127.01, 4100.63, 117.98192695]
[1507618800, 4122.93, 4149, 4144.95, 4127, 92.04258206]
[1507615200, 4115.07, 4145, 4119.89, 4144.21, 61.62748637]
[1507611600, 4098.19, 4120, 4098.19, 4120, 22.3082355]
[1507608000, 4070.88, 4106.93, 4070.89, 4098.19, 29.17389106]
[1507604400, 4070.88, 4111.42, 4111.42, 4070.89, 34.20075316]
[1507600800, 4090.37, 4111.8, 4100, 4111.41, 12.08422485]
[1507597200, 4100, 4120, 4120, 4100.01, 16.3751528]
[1507593600, 4082.07, 4120, 4082.31, 4120, 23.42350945]
[1507590000, 4051, 4105.86, 4052.5, 4082.3, 42.87818206]
[1507586400, 4051, 4120, 4114.47, 4052.51, 81.08673266]
[1507582800, 4100.7, 4133.49, 4127.62, 4114.56, 97.75375398]
[1507579200, 4025.01, 4132.5, 4070.23, 4132.5, 290.0610219]
[1507575600, 4050.02, 4147.99, 4069.99, 4080, 395.62078491]
[1507572000, 4023.57, 4070, 4030.23, 4069.99, 179.87459398]
[1507568400, 3974.93, 4041.18, 3975, 4030.24, 142.81954436]
[1507564800, 3962.96, 3975, 3974.01, 3975, 84.43700481]
[1507561200, 3970.92, 3993, 3987.48, 3974, 105.39217575]
[1507557600, 3941, 3988.86, 3941.45, 3987.48, 91.45433537]
[1507554000, 3922.48, 3944.07, 3935, 3941.15, 129.88152918]
[1507550400, 3926.07, 3938.81, 3934.36, 3935.01, 50.19805294]
[1507546800, 3920.26, 3940, 3921.9, 3934.36, 78.30914872]
[1507543200, 3916.22, 3923.29, 3919.17, 3921.9, 58.56745019]
[1507539600, 3895.61, 3919.17, 3895.7, 3919.17, 64.56443957]
[1507536000, 3890, 3904.54, 3894.02, 3898.58, 66.48756349]
[1507532400, 3864, 3896.61, 3875.09, 3894.02, 77.02265895]
[1507528800, 3875, 3910.74, 3909.02, 3875.1, 64.15552082]
[1507525200, 3893.5, 3919.17, 3911.03, 3909.5, 46.20953357]
[1507521600, 3907.58, 3937.99, 3920.8, 3911.02, 45.97446699]
[1507518000, 3899.6, 3925, 3899.97, 3925, 35.32168689]
[1507514400, 3895.79, 3900, 3899.97, 3899.97, 13.97864759]
[1507510800, 3888.96, 3899.99, 3888.96, 3899.99, 17.64701775]
[1507507200, 3886.73, 3893.04, 3893.03, 3888.96, 11.8273965]
[1507503600, 3892.07, 3899, 3895.4, 3893.03, 21.78721711]
[1507500000, 3881.77, 3898.5, 3881.77, 3895.4, 44.12269483]
[1507496400, 3870.97, 3884.12, 3871.05, 3881.77, 65.98412817]
[1507492800, 3870.92, 3899, 3879.66, 3871.76, 98.41386049]
[1507489200, 3850, 3879.66, 3861.11, 3879.66, 63.7435727]
[1507485600, 3857.97, 3880, 3878.1, 3860.5, 58.2345949]
[1507482000, 3858.9, 3880, 3858.92, 3878.1, 53.54502722]
[1507478400, 3856.93, 3880, 3866, 3858.93, 67.13241482]
[1507474800, 3847.42, 3866, 3847.43, 3865.99, 59.96288106]
[1507471200, 3837.2, 3849.56, 3841.57, 3847.43, 60.95931959]
[1507467600, 3798.97, 3848.88, 3798.97, 3840, 130.89877002]
[1507464000, 3787.09, 3798.98, 3795, 3798.97, 36.3358712]
[1507460400, 3795, 3805, 3795.95, 3795.01, 51.37356968]
[1507456800, 3779.71, 3796, 3780, 3795.95, 56.27274923]
[1507453200, 3777, 3780, 3778, 3780, 25.79686166]
[1507449600, 3777, 3780, 3777.05, 3777.63, 20.31707277]
[1507446000, 3777, 3780, 3777.05, 3777.37, 25.64622436]
[1507442400, 3740.51, 3779, 3767.56, 3777.04, 37.84002331]
[1507438800, 3763.89, 3767.57, 3763.9, 3767.55, 10.31480636]
[1507435200, 3763.89, 3767.56, 3767.56, 3763.9, 4.21981533]
[1507431600, 3764.48, 3767.57, 3764.48, 3767.55, 2.48316799]
[1507428000, 3763.64, 3767.57, 3767.57, 3764.57, 5.94876224]
[1507424400, 3766.45, 3770, 3767.35, 3767.56, 11.52574557]
[1507420800, 3754.99, 3768.41, 3754.99, 3767.35, 12.15249629]
[1507417200, 3753.34, 3769, 3755.5, 3755, 46.46095364]
[1507413600, 3718.67, 3755.2, 3721.3, 3755.2, 30.30586783]
[1507410000, 3715, 3723.11, 3715.16, 3721, 22.86410805]
[1507406400, 3715.1, 3723.8, 3723.7, 3715.16, 27.76564354]
[1507402800, 3721.59, 3725.56, 3725.56, 3723.8, 27.53934009]
[1507399200, 3724.69, 3726, 3724.7, 3725.51, 16.28267638]
[1507395600, 3723.54, 3726.65, 3725.63, 3724.7, 16.67443433]
[1507392000, 3723.37, 3725.65, 3724.97, 3724.51, 15.17390736]
[1507388400, 3722.99, 3725.94, 3725.93, 3724.99, 21.53346078]
[1507384800, 3723.84, 3729.99, 3729.98, 3725.94, 21.49692837]
[1507381200, 3709.47, 3730.15, 3709.47, 3729.98, 23.6474115]
[1507377600, 3705.74, 3710, 3709.3, 3709.47, 28.95523728]
[1507374000, 3705, 3718, 3711.32, 3709.65, 21.8521543]
[1507370400, 3711.26, 3718.79, 3718.78, 3711.32, 23.26450198]
[1507366800, 3718.03, 3722, 3720.52, 3718.79, 14.98551597]
[1507363200, 3715.44, 3721, 3715.97, 3720.52, 21.23621623]
[1507359600, 3715.7, 3718.85, 3718.85, 3715.96, 13.56891004]
[1507356000, 3718.85, 3735.06, 3728.79, 3718.86, 13.69222369]
[1507352400, 3721.84, 3728.8, 3721.84, 3728.79, 9.55670682]
[1507348800, 3718.18, 3721.51, 3718.19, 3721.51, 2.32273501]
[1507345200, 3718.18, 3718.22, 3718.19, 3718.19, 2.54243718]
[1507341600, 3718.18, 3724.48, 3724.48, 3718.19, 7.20185225]
[1507338000, 3722.21, 3734.7, 3734.7, 3730.64, 14.07950289]
[1507334400, 3724.81, 3736.46, 3724.81, 3734.69, 11.92911353]
[1507330800, 3720, 3738.72, 3720.01, 3724.81, 36.12222621]
[1507327200, 3716.55, 3725, 3716.55, 3720.01, 17.37929285]
[1507323600, 3716.5, 3717.54, 3717.54, 3716.55, 17.19471615]
[1507320000, 3703.95, 3718.1, 3714.76, 3717.54, 30.22567998]
[1507316400, 3696.01, 3715.5, 3711.08, 3714.94, 38.24814136]
[1507312800, 3711, 3731.14, 3731.14, 3711.37, 56.05152461]
[1507309200, 3720, 3746.72, 3745, 3731.13, 40.91224473]
[1507305600, 3740.77, 3747.25, 3742.01, 3745, 33.70722408]
[1507302000, 3742, 3750, 3748.33, 3742.01, 48.53493729]
[1507298400, 3724, 3750, 3726.74, 3749.78, 48.51789694]
[1507294800, 3724, 3768.1, 3762.86, 3726.75, 85.93854409]
[1507291200, 3762.86, 3767.03, 3764.52, 3762.87, 35.41382483]
[1507287600, 3759.01, 3766.8, 3765, 3765, 36.13241953]
[1507284000, 3765, 3779.98, 3766.64, 3765, 71.49727115]
[1507280400, 3759, 3770.25, 3760.87, 3766.64, 55.7737099]
[1507276800, 3758.02, 3778.87, 3769.66, 3760.87, 67.05919652]
[1507273200, 3749.99, 3775, 3749.99, 3769.73, 44.2555248]
[1507269600, 3743.23, 3750, 3744.71, 3750, 53.616251]
[1507266000, 3708.8, 3744.99, 3708.84, 3744.71, 15.67864393]
[1507262400, 3708.68, 3709.17, 3708.68, 3708.84, 10.71514177]
[1507258800, 3698.22, 3709.18, 3698.97, 3708.56, 2.16253343]
[1507255200, 3698.15, 3699.32, 3698.16, 3698.97, 2.25973301]
[1507251600, 3694, 3698.19, 3694, 3698.16, 3.99077559]
[1507248000, 3694, 3694.01, 3694.01, 3694.01, 9.88196994]
[1507244400, 3694, 3727.97, 3727, 3694.01, 23.77105075]
[1507240800, 3714.12, 3727, 3715.11, 3727, 12.74334373]
[1507237200, 3707, 3734.31, 3731.4, 3715.11, 36.33763353]
[1507233600, 3721.94, 3737, 3736.25, 3731.4, 28.27240079]
[1507230000, 3718.03, 3738, 3724.93, 3737, 59.46063494]
[1507226400, 3700.84, 3725, 3700.89, 3724.99, 41.14477391]
[1507222800, 3697, 3714, 3714, 3700.89, 31.40394551]
[1507219200, 3701.65, 3720, 3715.29, 3714, 39.37972042]
[1507215600, 3701, 3720, 3703.83, 3715.29, 59.00512222]
[1507212000, 3692.55, 3718, 3713.2, 3703.83, 58.84232985]
[1507208400, 3690, 3724.99, 3721.88, 3713.39, 61.50000126]
[1507204800, 3643.92, 3725, 3643.92, 3721.87, 101.19907928]
[1507201200, 3615.9, 3649.38, 3617, 3643.92, 68.8016324]
[1507197600, 3604.89, 3640, 3604.91, 3617, 94.01801659]
[1507194000, 3565.85, 3609.26, 3570.95, 3604.91, 71.05474379]
[1507190400, 3565.85, 3575.43, 3569.99, 3571, 46.16512626]
[1507186800, 3568, 3597.22, 3588, 3569.99, 59.61699979]
[1507183200, 3567.84, 3592.15, 3570.22, 3588, 42.53200186]
[1507179600, 3565.85, 3584.62, 3584.62, 3570.34, 33.45640663]
[1507176000, 3578, 3604.01, 3604.01, 3584.6, 18.81873966]
[1507172400, 3604, 3628.68, 3628.39, 3604.02, 10.78418369]
[1507168800, 3626.9, 3636.05, 3636.05, 3628.39, 8.04133203]
[1507165200, 3625.33, 3638.57, 3625.33, 3636, 4.71214211]
[1507161600, 3621, 3628.84, 3622.85, 3625.36, 6.66441119]
[1507158000, 3622, 3629.23, 3622.03, 3622.9, 8.89213733]
[1507154400, 3605.14, 3625, 3614.52, 3622.02, 23.45137018]
[1507150800, 3598.89, 3616.5, 3599.82, 3614.5, 55.94636848]
[1507147200, 3599.81, 3604.99, 3604.99, 3599.83, 44.14597505]
[1507143600, 3596.2, 3604.99, 3599.99, 3604.99, 40.84060729]
[1507140000, 3585.04, 3604.99, 3604.76, 3599.99, 37.37988259]
[1507136400, 3590.12, 3608.29, 3598.48, 3604.99, 66.66730244]
[1507132800, 3588, 3616.7, 3615.46, 3598.49, 62.27398573]
[1507129200, 3606.7, 3620, 3616.29, 3615.5, 66.3386899]
[1507125600, 3609.69, 3643.71, 3624.03, 3618.01, 61.04218852]
[1507122000, 3599.5, 3624.12, 3599.81, 3624.12, 78.98598549]
[1507118400, 3565.85, 3666, 3649, 3599.81, 147.24957589]
[1507114800, 3641, 3655, 3641.09, 3649, 72.77176871]
[1507111200, 3630.01, 3646.13, 3643.53, 3641.09, 100.70795168]
[1507107600, 3638.98, 3693, 3688, 3643.54, 82.01102907]
[1507104000, 3687.06, 3759.99, 3750.81, 3687.95, 88.56540396]
[1507100400, 3719, 3759.99, 3729.13, 3750.81, 55.6937255]
[1507096800, 3699.61, 3764.73, 3699.99, 3729.5, 92.49959563]
[1507093200, 3686.47, 3699.99, 3686.47, 3699.99, 21.70018465]
[1507089600, 3686.11, 3688.5, 3686.5, 3686.46, 12.60866695]
[1507086000, 3686.49, 3686.5, 3686.5, 3686.49, 1.86704549]
[1507082400, 3686.49, 3704.86, 3701.61, 3686.5, 6.01470085]
[1507078800, 3699, 3705.19, 3699, 3705.19, 3.2161125]
[1507075200, 3699, 3715.65, 3713.92, 3699, 9.95326702]
[1507071600, 3699.99, 3718.08, 3699.99, 3713.93, 14.37380711]
[1507068000, 3677.48, 3700, 3677.61, 3699.99, 21.34604597]
[1507064400, 3670, 3679.44, 3679.43, 3677.61, 49.02096114]
[1507060800, 3675, 3694.96, 3689.89, 3679.43, 73.0347812]
[1507057200, 3682.05, 3731.51, 3731.5, 3689.89, 93.71407798]
[1507053600, 3695.51, 3735, 3695.64, 3731.51, 55.10779038]
[1507050000, 3662, 3698.79, 3685.02, 3695.73, 55.21652903]
[1507046400, 3678.09, 3720, 3703, 3686.65, 68.83314994]
