[1494086400, 1425, 1430.85, 1428.33, 1430.85, 49.50744499]
[1494082800, 1426, 1440.97, 1439.87, 1429.17, 74.55025222]
[1494079200, 1429.99, 1442, 1441, 1439.87, 71.35463977]
[1494075600, 1430.52, 1441.85, 1434.18, 1441.84, 109.31070917]
[1494072000, 1434.13, 1440, 1438.88, 1434.18, 40.53608936]
[1494068400, 1428.72, 1439.9, 1429.56, 1439.71, 243.1550584]
[1494064800, 1428.12, 1432, 1431.63, 1429.57, 21.57872703]
[1494061200, 1430.54, 1440, 1440, 1431.62, 41.5226782]
[1494057600, 1433.67, 1445, 1434.99, 1440, 57.45902414]
[1494054000, 1428.06, 1434.99, 1433.16, 1434.99, 32.92766348]
[1494050400, 1430.93, 1434.99, 1430.93, 1434.26, 14.88]
[1494046800, 1421.02, 1436.48, 1431.96, 1434.28, 22.29790309]
[1494043200, 1428.21, 1433.47, 1430, 1433.47, 7.87000696]
[1494039600, 1423.41, 1430.08, 1430.08, 1429.45, 5.40094355]
[1494036000, 1427.83, 1433.81, 1432.35, 1430.51, 4.25947]
[1494032400, 1420.99, 1433.21, 1425, 1433.21, 16.92840088]
[1494028800, 1417.72, 1429.12, 1419.97, 1425, 7.55710427]
[1494025200, 1412.58, 1427, 1427, 1421.51, 23.87845044]
[1494021600, 1424.24, 1437.65, 1425, 1427, 39.66163581]
[1494018000, 1401.02, 1425, 1420.01, 1424.27, 32.78968313]
[1494014400, 1401, 1423.19, 1412.83, 1420.02, 51.06375501]
[1494010800, 1412.78, 1432.04, 1431.95, 1412.83, 49.65387015]
[1494007200, 1421.52, 1449, 1448.88, 1431.97, 79.32499108]
[1494003600, 1381.89, 1448.93, 1402.85, 1448.87, 114.57395967]
[1494000000, 1387.04, 1436.22, 1434.63, 1402.87, 120.90963072]
[1493996400, 1424.05, 1458.38, 1458.38, 1439.04, 139.38084515]
[1493992800, 1455.01, 1460, 1460, 1458.65, 193.56669986]
[1493989200, 1455, 1467.5, 1462.76, 1460, 195.20189757]
[1493985600, 1459.13, 1478.94, 1469.39, 1463, 89.28015289]
[1493982000, 1454.68, 1474.59, 1473.24, 1469.39, 114.42151191]
[1493978400, 1469.54, 1477.99, 1471.47, 1473.24, 83.50170947]
[1493974800, 1470, 1480.28, 1474.7, 1474, 55.96978288]
[1493971200, 1471.49, 1480, 1476.33, 1478, 89.44799688]
[1493967600, 1465.2, 1485, 1485, 1476.33, 74.31863081]
[1493964000, 1471.65, 1495, 1479.64, 1484.48, 91.21239254]
[1493960400, 1446.52, 1481.62, 1461.71, 1479.64, 54.42322976]
[1493956800, 1443, 1469.87, 1444.99, 1469.85, 41.66007384]
[1493953200, 1443.83, 1445, 1444.93, 1444.99, 14.96431769]
[1493949600, 1440.09, 1449.23, 1448.08, 1444.88, 13.23141072]
[1493946000, 1414.97, 1448.52, 1418, 1448.52, 23.31254153]
[1493942400, 1411.34, 1425, 1413.56, 1418, 11.18271566]
[1493938800, 1399.06, 1419.7, 1399.06, 1412.28, 56.96289586]
[1493935200, 1399.07, 1424, 1417.16, 1399.07, 108.28184966]
[1493931600, 1343.66, 1422, 1400.01, 1413.33, 156.48406528]
[1493928000, 1400, 1432.41, 1420.93, 1400.01, 158.57193409]
[1493924400, 1364.38, 1501.54, 1501.51, 1420.83, 231.84392651]
[1493920800, 1487, 1514.36, 1487, 1491.58, 95.68869494]
[1493917200, 1466.99, 1495.04, 1467, 1486.65, 136.32419463]
[1493913600, 1461.69, 1471.62, 1466.91, 1466.51, 147.44939362]
[1493910000, 1446.7, 1469.57, 1455.44, 1466.91, 337.76512602]
[1493906400, 1443.99, 1459, 1445, 1451.44, 96.66649796]
[1493902800, 1433, 1445, 1434.45, 1443.53, 91.06874136]
[1493899200, 1430.12, 1439, 1437.96, 1435, 85.22834138]
[1493895600, 1425.46, 1439.97, 1428.87, 1437.96, 125.29564637]
[1493892000, 1426.02, 1432, 1431.5, 1428.89, 147.51986434]
[1493888400, 1430, 1449.63, 1445.51, 1431.96, 173.81697315]
[1493884800, 1431.38, 1450, 1434.92, 1447.13, 205.55536832]
[1493881200, 1406.53, 1435.65, 1425.65, 1435.65, 127.68447951]
[1493877600, 1406.73, 1439.81, 1439.73, 1425.71, 81.15781171]
[1493874000, 1392.93, 1450, 1438.09, 1439.26, 86.75838283]
[1493870400, 1417, 1446.07, 1417, 1437.78, 39.25479308]
[1493866800, 1406.74, 1417, 1407.26, 1417, 2.74115159]
[1493863200, 1407.33, 1416.39, 1408.27, 1407.72, 6.98]
[1493859600, 1400.98, 1416.94, 1403.45, 1408.26, 16.73873742]
[1493856000, 1395.94, 1409.68, 1397.34, 1403.46, 37.71867057]
[1493852400, 1380, 1399.92, 1399.01, 1397.33, 51.18839502]
[1493848800, 1389, 1400, 1390, 1399.01, 24.97932835]
[1493845200, 1382.62, 1400, 1397.02, 1390, 65.90832954]
[1493841600, 1381.78, 1400, 1385.01, 1397.02, 87.38715757]
[1493838000, 1370.99, 1385.01, 1372.2, 1385, 121.20535839]
[1493834400, 1358.17, 1379, 1362.85, 1372.19, 91.99399692]
[1493830800, 1351, 1365.66, 1354.76, 1361.34, 90.98588912]
[1493827200, 1353.17, 1359.18, 1359.16, 1353.42, 66.08036108]
[1493823600, 1353.49, 1359.6, 1355.16, 1359.01, 76.08471976]
[1493820000, 1345, 1355.28, 1348.02, 1355.16, 51.44819935]
[1493816400, 1345, 1358.41, 1356.68, 1348.06, 77.65973682]
[1493812800, 1356.14, 1358.35, 1357.46, 1356.68, 74.2375669]
[1493809200, 1352.15, 1358.11, 1354.91, 1356.73, 87.35876089]
[1493805600, 1348.31, 1355.43, 1349.99, 1354.91, 79.16906833]
[1493802000, 1338.7, 1350, 1338.7, 1349.98, 56.45762583]
[1493798400, 1331.71, 1343.7, 1332.02, 1338.75, 54.45355391]
[1493794800, 1331.81, 1341.76, 1332, 1331.82, 47.1428569]
[1493791200, 1331.99, 1333.45, 1333.21, 1332, 18.87392409]
[1493787600, 1333.2, 1338.4, 1338.35, 1333.68, 8.87]
[1493784000, 1338.36, 1342.4, 1342.29, 1338.36, 9.57510142]
[1493780400, 1342.02, 1342.29, 1342.03, 1342.28, 0.95026412]
[1493776800, 1341.97, 1352.11, 1352.01, 1342.03, 6.23]
[1493773200, 1342.81, 1352.11, 1343.34, 1351.98, 8.6316824]
[1493769600, 1338.06, 1346.99, 1338.65, 1343.35, 26.10294346]
[1493766000, 1332.05, 1339.67, 1335.9, 1338.66, 22.18863662]
[1493762400, 1331.01, 1339.5, 1336.3, 1336.14, 20.94]
[1493758800, 1325, 1337.42, 1328.08, 1336.99, 36.56448382]
[1493755200, 1313.87, 1331.42, 1329.03, 1328.36, 64.7703789]
[1493751600, 1316.02, 1336.03, 1329.97, 1328.94, 52.87527897]
[1493748000, 1329.97, 1348.47, 1348.46, 1329.98, 105.10837847]
[1493744400, 1343.19, 1351, 1344.49, 1348.47, 36.50620147]
[1493740800, 1341.5, 1346.7, 1346.69, 1344.49, 46.02158487]
[1493737200, 1339.44, 1360.37, 1339.95, 1347.24, 104.44143541]
[1493733600, 1335.18, 1357.37, 1348.01, 1344.41, 123.76235115]
[1493730000, 1344.86, 1363.89, 1353.97, 1348.01, 87.7804887]
[1493726400, 1340.01, 1361.98, 1346.93, 1352.11, 154.59861096]
[1493722800, 1339, 1368.08, 1339, 1346.79, 173.03323421]
[1493719200, 1332.34, 1356.87, 1338, 1339, 148.4172631]
[1493715600, 1331, 1341.2, 1333.99, 1338, 65.55298184]
[1493712000, 1320.58, 1335, 1323.03, 1333.99, 58.06987314]
[1493708400, 1315.54, 1324.44, 1323.17, 1323.04, 21.9833578]
[1493704800, 1317.71, 1333.43, 1333.3, 1323.47, 35.87327099]
[1493701200, 1324.72, 1335, 1325.99, 1333.62, 39.0598797]
[1493697600, 1313.24, 1328.48, 1313.52, 1325.99, 7.55232106]
[1493694000, 1313.36, 1318.97, 1317.2, 1313.36, 13.56830522]
[1493690400, 1313.23, 1318.83, 1318.31, 1317.2, 16.3395722]
[1493686800, 1313.24, 1318.99, 1313.24, 1317.88, 3.09847425]
[1493683200, 1313.24, 1316.19, 1316.19, 1313.27, 4.36]
[1493679600, 1318.24, 1323.5, 1322.4, 1318.26, 24.72845726]
[1493676000, 1313.77, 1331.97, 1331.96, 1321.11, 56.54628469]
[1493672400, 1326.84, 1334.99, 1327.85, 1331.95, 101.94404628]
[1493668800, 1305.01, 1329.77, 1325.97, 1327.88, 80.44200463]
[1493665200, 1312.9, 1326.1, 1323.42, 1325.96, 70.73152679]
[1493661600, 1308.95, 1327.72, 1322.16, 1323.42, 76.63082945]
[1493658000, 1320.22, 1330, 1325.31, 1320.23, 116.47157625]
[1493654400, 1312.5, 1329.99, 1320.02, 1325.31, 51.63181002]
[1493650800, 1317.11, 1329.99, 1329.09, 1320.01, 114.82464505]
[1493647200, 1290.48, 1334.89, 1291.41, 1327, 93.75034544]
[1493643600, 1281.6, 1298.39, 1282.07, 1295.38, 50.18396167]
[1493640000, 1277.05, 1287.16, 1278.25, 1284.22, 42.94905757]
[1493636400, 1275.01, 1280, 1276.53, 1278.29, 26.61420278]
[1493632800, 1275, 1279, 1275, 1276.52, 17.50241428]
[1493629200, 1275, 1282, 1279.54, 1275, 46.16842757]
[1493625600, 1275.5, 1292, 1289.24, 1279.7, 79.4992085]
[1493622000, 1278.74, 1297.01, 1296, 1289.2, 66.23650815]
[1493618400, 1293.06, 1298.37, 1294.03, 1296.01, 47.31651628]
[1493614800, 1290.97, 1298.49, 1292.13, 1294.03, 43.09396633]
[1493611200, 1277.58, 1297, 1296.44, 1293.83, 25.24455074]
[1493607600, 1273.89, 1297.65, 1273.89, 1295.13, 47.51059024]
[1493604000, 1264.43, 1274, 1269.46, 1274, 9.9430507]
[1493600400, 1265.35, 1270.8, 1267.7, 1270.8, 10.44864444]
[1493596800, 1262.54, 1270, 1263.04, 1268.3, 20.54527274]
[1493593200, 1263.05, 1267.14, 1264.82, 1263.05, 16.91586687]
[1493589600, 1257.13, 1265.2, 1257.15, 1263.57, 14.28418406]
[1493586000, 1252.36, 1264.47, 1252.63, 1257.02, 82.26915101]
[1493582400, 1236.43, 1253.52, 1239.95, 1252.64, 86.19882112]
[1493578800, 1234.5, 1240, 1240, 1239.95, 43.02216718]
[1493575200, 1233.1, 1240, 1237.69, 1240, 30.33449242]
[1493571600, 1230.24, 1238.64, 1235.01, 1237.74, 20.98200556]
[1493568000, 1233.63, 1240, 1237.44, 1237.49, 27.94891548]
[1493564400, 1233.21, 1238.73, 1237.63, 1236.08, 25.62286951]
[1493560800, 1236.23, 1237.73, 1237.59, 1237.66, 10.49120341]
[1493557200, 1230.89, 1237.73, 1233.99, 1237.7, 17.41740683]
[1493553600, 1206.83, 1237.64, 1236.4, 1233.77, 95.90813012]
[1493550000, 1235.57, 1240.94, 1237.7, 1236.13, 12.93644887]
[1493546400, 1234.98, 1240.72, 1234.99, 1237.51, 18.56951174]
[1493542800, 1232.38, 1242.49, 1238.4, 1236.74, 31.36880622]
[1493539200, 1235, 1241, 1237.06, 1238.4, 18.46830083]
[1493535600, 1236.3, 1242.54, 1238.62, 1237.07, 10.84129985]
[1493532000, 1236.3, 1242.82, 1238.37, 1237.69, 15.18015151]
[1493528400, 1236.34, 1241.07, 1238.7, 1240.82, 4.23059601]
[1493524800, 1235, 1238.81, 1235.38, 1238.21, 5.07909233]
[1493521200, 1235, 1240.99, 1240, 1236.26, 11.86958953]
[1493517600, 1240, 1247.99, 1244.5, 1240.99, 14.91016287]
[1493514000, 1244.33, 1248, 1244.53, 1245.73, 8.6042]
[1493510400, 1242.77, 1245.83, 1243.9, 1243.67, 5.90307038]
[1493506800, 1242.82, 1246.35, 1246.35, 1243.34, 13.62543803]
[1493503200, 1244.22, 1248, 1244.88, 1246.8, 29.37202985]
[1493499600, 1240.68, 1245, 1242.75, 1244.84, 29.1663609]
[1493496000, 1238.7, 1243.69, 1240.17, 1242.71, 39.3072204]
[1493492400, 1238.76, 1243.16, 1239.65, 1240.42, 30.61248033]
[1493488800, 1238.39, 1243.16, 1243.15, 1239.63, 23.58066814]
[1493485200, 1237.51, 1243.96, 1240.2, 1243.15, 40.23225785]
[1493481600, 1238.32, 1242, 1241.85, 1241, 13.08]
[1493478000, 1236.36, 1241.85, 1236.57, 1241.85, 23.15353537]
[1493474400, 1230.59, 1238.16, 1230.99, 1238.15, 17.28201463]
[1493470800, 1227.15, 1233, 1227.62, 1231, 27.78705899]
[1493467200, 1224.2, 1236.11, 1231.33, 1227.65, 31.85062837]
[1493463600, 1226.82, 1235.78, 1233.99, 1231.48, 36.3332442]
[1493460000, 1233.97, 1242.23, 1242.23, 1233.99, 81.18570112]
[1493456400, 1233, 1243.99, 1237, 1241, 30.48456168]
[1493452800, 1232.02, 1244.71, 1241.15, 1237.49, 36.52912313]
[1493449200, 1234.15, 1241.17, 1238.72, 1241.13, 34.94176111]
[1493445600, 1233, 1240.01, 1240, 1239.4, 95.66463599]
[1493442000, 1236.75, 1242.69, 1241.7, 1240, 55.28934999]
[1493438400, 1235.59, 1243.05, 1235.74, 1241.7, 14.88864956]
[1493434800, 1234.45, 1236, 1235.01, 1235.74, 8.537]
[1493431200, 1233.84, 1242.38, 1242.11, 1235.05, 11.414723]
[1493427600, 1239, 1243.99, 1240.91, 1243, 15.50962262]
[1493424000, 1231.99, 1242.06, 1236.73, 1239.45, 23.14168853]
[1493420400, 1223.38, 1237.11, 1224.29, 1233.38, 64.13265097]
[1493416800, 1206.45, 1225, 1210.79, 1222.22, 38.0842209]
[1493413200, 1198, 1217.49, 1200.14, 1211.26, 55.10684405]
[1493409600, 1197.62, 1216.81, 1214.82, 1200.86, 71.40118332]
[1493406000, 1200, 1215.45, 1207.53, 1215.44, 46.4994403]
[1493402400, 1206, 1213.09, 1213.06, 1207.38, 37.10643804]
[1493398800, 1208, 1226.96, 1226.96, 1213.05, 69.55687135]
[1493395200, 1225.85, 1229.99, 1227.44, 1226.99, 26.44335076]
[1493391600, 1222.5, 1228.14, 1222.93, 1227.16, 29.16547643]
[1493388000, 1219.22, 1230, 1223.03, 1223, 74.05756997]
[1493384400, 1223.03, 1229.6, 1225.41, 1223.04, 44.91607964]
[1493380800, 1205, 1226, 1205.03, 1223.51, 73.37529012]
[1493377200, 1205, 1228.49, 1228.48, 1205.04, 75.66192938]
[1493373600, 1224.63, 1234.22, 1226, 1228.49, 75.22369085]
[1493370000, 1218.6, 1230.6, 1230.6, 1226, 194.52998219]
[1493366400, 1228.86, 1241.5, 1241.23, 1229.96, 53.13593624]
