[1499126400, 2250.01, 2259.31, 2252.41, 2254.22, 10.43315948]
[1499122800, 2250.22, 2258.7, 2258.7, 2252.42, 18.3318103]
[1499119200, 2258.74, 2272.78, 2261.68, 2258.75, 25.88014199]
[1499115600, 2254.6, 2261.68, 2255.22, 2261.68, 30.19730754]
[1499112000, 2237, 2262, 2250.62, 2258.15, 63.09829494]
[1499108400, 2231.6, 2256.11, 2233.3, 2250.64, 35.00544969]
[1499104800, 2226.66, 2254.96, 2252.35, 2233.3, 45.87163481]
[1499101200, 2250.63, 2263.64, 2263.64, 2252.34, 32.67413512]
[1499097600, 2254.57, 2271.97, 2265.67, 2263.65, 60.56849416]
[1499094000, 2245.09, 2265.81, 2248.84, 2265.81, 61.23997337]
[1499090400, 2244.64, 2274.84, 2259.63, 2249.74, 88.897023]
[1499086800, 2224.17, 2271, 2224.37, 2259.99, 152.21535686]
[1499083200, 2209.99, 2230.79, 2210, 2227.22, 45.55304129]
[1499079600, 2187.6, 2210, 2193.41, 2210, 64.6080619]
[1499076000, 2188.83, 2205.15, 2191.29, 2194.63, 53.25378155]
[1499072400, 2183.55, 2195.33, 2194.55, 2191.29, 40.47973756]
[1499068800, 2190.02, 2199.49, 2190.02, 2194.55, 47.27404552]
[1499065200, 2190, 2209.62, 2202.53, 2190.05, 68.0198507]
[1499061600, 2191.1, 2205.37, 2199.27, 2201.88, 30.18370185]
[1499058000, 2185.02, 2200.4, 2197.39, 2200.4, 24.5266005]
[1499054400, 2190.01, 2197.4, 2192.78, 2197.4, 26.51690327]
[1499050800, 2190.15, 2196.37, 2190.18, 2192.76, 5.51164926]
[1499047200, 2190, 2202.65, 2200.5, 2190, 10.15039077]
[1499043600, 2200, 2200.43, 2200, 2200.41, 2.46]
[1499040000, 2200, 2208.36, 2207.53, 2200, 5.94319543]
[1499036400, 2204.97, 2228.15, 2205.57, 2204.98, 28.99163114]
[1499032800, 2200, 2215.07, 2212.06, 2205.57, 47.25821534]
[1499029200, 2197.87, 2221, 2205, 2214.66, 49.63564263]
[1499025600, 2178.78, 2205.15, 2180.55, 2205.15, 40.84282261]
[1499022000, 2174.21, 2194.49, 2180.01, 2180.25, 48.90637506]
[1499018400, 2180, 2207.93, 2186.07, 2180.29, 99.82632736]
[1499014800, 2170.32, 2192.15, 2170.66, 2186.07, 55.60348544]
[1499011200, 2159.97, 2171.81, 2159.97, 2170.84, 52.80064264]
[1499007600, 2144.54, 2159.93, 2145, 2159.91, 33.15760391]
[1499004000, 2133.08, 2145.88, 2133.8, 2145, 19.52403584]
[1499000400, 2126.35, 2157.93, 2145, 2133.84, 31.21140176]
[1498996800, 2137.35, 2150, 2143.6, 2145, 23.40813944]
[1498993200, 2127.65, 2143.6, 2135.99, 2143.6, 20.64647979]
[1498989600, 2129.2, 2152.59, 2150.37, 2136.34, 29.23660662]
[1498986000, 2141.84, 2152.69, 2152, 2149.08, 27.89427222]
[1498982400, 2130.61, 2160, 2139.99, 2152, 33.06656265]
[1498978800, 2120.92, 2139.99, 2122.35, 2139.99, 16.1226758]
[1498975200, 2117.67, 2132.4, 2130.93, 2120.93, 15.34128436]
[1498971600, 2107.28, 2131.14, 2107.28, 2129.78, 8.02108854]
[1498968000, 2099.76, 2107.27, 2107.27, 2107.24, 12.34463933]
[1498964400, 2104.44, 2107.27, 2106.59, 2107.27, 1.61256488]
[1498960800, 2086.79, 2111.96, 2111.96, 2106.61, 21.23282905]
[1498957200, 2105.41, 2125.8, 2114, 2110.58, 17.86773928]
[1498953600, 2114, 2134.77, 2124.1, 2114, 13.48048107]
[1498950000, 2113.09, 2131.19, 2119.34, 2128.91, 20.01661691]
[1498946400, 2107.03, 2122.14, 2108.75, 2119.17, 39.0119015]
[1498942800, 2084.14, 2111.06, 2095.84, 2109.82, 31.72346351]
[1498939200, 2075.63, 2134.57, 2129.57, 2101.69, 149.54765062]
[1498935600, 2100.17, 2159.46, 2121.99, 2130.92, 118.37950394]
[1498932000, 2117.4, 2154.46, 2146.58, 2118.66, 37.78430373]
[1498928400, 2131.08, 2161.37, 2160.02, 2148.88, 52.8959164]
[1498924800, 2158.23, 2163.79, 2163.3, 2161.39, 15.98767646]
[1498921200, 2160.06, 2179.97, 2161.91, 2163.3, 54.29875364]
[1498917600, 2161.9, 2168.81, 2168.78, 2161.96, 23.69595678]
[1498914000, 2169.02, 2184.95, 2181.96, 2169.02, 40.34037379]
[1498910400, 2181.56, 2196.66, 2194.1, 2183.37, 19.25253182]
[1498906800, 2192.07, 2195.93, 2193.55, 2194.1, 26.97766896]
[1498903200, 2184.71, 2193.55, 2191.58, 2193.55, 29.39582874]
[1498899600, 2189.03, 2192.76, 2189.04, 2191.58, 38.01649917]
[1498896000, 2184.3, 2189.05, 2186.86, 2189.05, 19.60235993]
[1498892400, 2176.8, 2186.86, 2180.27, 2186.86, 43.69520683]
[1498888800, 2164.26, 2180.28, 2164.26, 2180.28, 49.28178883]
[1498885200, 2156.37, 2170.1, 2161.06, 2164.22, 27.67188844]
[1498881600, 2135.78, 2162.09, 2140.44, 2159.09, 10.34021146]
[1498878000, 2136.26, 2146, 2139.34, 2140.31, 9.87847241]
[1498874400, 2134.22, 2146.41, 2145.21, 2139.52, 7.52267437]
[1498870800, 2145.21, 2167.65, 2162.08, 2145.21, 9.65703008]
[1498867200, 2146.85, 2165.8, 2147.11, 2159.93, 14.02782144]
[1498863600, 2133.73, 2163.42, 2160.93, 2140.1, 53.55624112]
[1498860000, 2158.63, 2175.54, 2167.17, 2162.48, 25.99941619]
[1498856400, 2155.78, 2205.99, 2204.01, 2167.42, 48.21231583]
[1498852800, 2190.94, 2205.98, 2190.95, 2202.16, 41.63027024]
[1498849200, 2170.17, 2226.84, 2225.15, 2204.4, 68.85162469]
[1498845600, 2224.36, 2234.48, 2228.52, 2224.36, 25.32181527]
[1498842000, 2219.15, 2230, 2223, 2228.53, 37.87051351]
[1498838400, 2213.22, 2225, 2213.84, 2223, 40.60870137]
[1498834800, 2201.02, 2224.2, 2205.91, 2212.68, 62.33176689]
[1498831200, 2184.77, 2224.61, 2189.9, 2205.91, 87.74683458]
[1498827600, 2181.16, 2225.24, 2214.17, 2189.26, 68.11574754]
[1498824000, 2214.3, 2243.6, 2239.31, 2214.3, 64.89741875]
[1498820400, 2229.99, 2250, 2230, 2242.05, 62.96049086]
[1498816800, 2217.13, 2239.02, 2217.4, 2230, 82.46550952]
[1498813200, 2214.78, 2217.4, 2216.3, 2217.4, 37.26562391]
[1498809600, 2211.49, 2217, 2217, 2216.3, 47.76792259]
[1498806000, 2208, 2225, 2219.67, 2217, 46.29736259]
[1498802400, 2189.99, 2225, 2190, 2219.67, 44.32958366]
[1498798800, 2189.94, 2208.99, 2199.98, 2190, 23.46224145]
[1498795200, 2199.97, 2204.94, 2200, 2199.98, 33.52552187]
[1498791600, 2197.25, 2221.53, 2221.53, 2200, 16.08069239]
[1498788000, 2221.54, 2238.51, 2238.51, 2221.54, 4.32457998]
[1498784400, 2237.47, 2247.07, 2239.36, 2242.72, 3.55363856]
[1498780800, 2236.69, 2241.18, 2236.69, 2238.05, 2.622]
[1498777200, 2230.49, 2254.66, 2250.43, 2235, 19.11612344]
[1498773600, 2245, 2262.09, 2260, 2247.75, 24.72441136]
[1498770000, 2250.03, 2271, 2265.08, 2260, 43.34830005]
[1498766400, 2260, 2277.16, 2268, 2265.09, 43.54228044]
[1498762800, 2264.1, 2273.18, 2269.8, 2268, 29.32177374]
[1498759200, 2249.5, 2275, 2273.39, 2269.8, 50.2161207]
[1498755600, 2265.5, 2274.98, 2266.89, 2274.11, 38.25913249]
[1498752000, 2250.5, 2275, 2257, 2266.64, 46.50554509]
[1498748400, 2246.7, 2261.15, 2253.68, 2257, 33.6298386]
[1498744800, 2228.55, 2257.16, 2231.78, 2253.92, 48.43052708]
[1498741200, 2220.96, 2232, 2222.78, 2232, 72.73819961]
[1498737600, 2222.77, 2237.97, 2230.68, 2222.78, 50.28613584]
[1498734000, 2223.52, 2237.92, 2235.63, 2230.62, 44.4325443]
[1498730400, 2226.21, 2264.61, 2264.59, 2235.76, 87.17757669]
[1498726800, 2262.76, 2280.48, 2267.63, 2264.47, 72.32254336]
[1498723200, 2262.83, 2275, 2267.62, 2267.6, 43.28561209]
[1498719600, 2254.53, 2270.22, 2263.01, 2270.18, 41.60412416]
[1498716000, 2255.01, 2266.1, 2260.58, 2263.41, 32.02361584]
[1498712400, 2254.55, 2264.97, 2255.52, 2260.95, 13.68862651]
[1498708800, 2256.82, 2270.95, 2261.6, 2256.82, 14.94595095]
[1498705200, 2247.2, 2263.19, 2252.62, 2261.15, 5.57935096]
[1498701600, 2252.63, 2266.23, 2252.63, 2258.96, 2.87275548]
[1498698000, 2250, 2262.75, 2252, 2252.6, 7.05413585]
[1498694400, 2251.45, 2261.09, 2261.08, 2252, 12.16382845]
[1498690800, 2261.02, 2271.92, 2264.79, 2261.18, 17.64824764]
[1498687200, 2250, 2293.8, 2290.01, 2265.29, 40.74637742]
[1498683600, 2272.7, 2299, 2284.31, 2290.01, 54.02947859]
[1498680000, 2254.19, 2286.25, 2271, 2286.25, 63.69864207]
[1498676400, 2252.16, 2274.33, 2268.36, 2270.02, 42.29213361]
[1498672800, 2237.99, 2270.26, 2269.88, 2261.06, 61.4104966]
[1498669200, 2247.85, 2269.89, 2254.05, 2269.88, 55.62801995]
[1498665600, 2234.12, 2265.06, 2260.52, 2254.07, 77.45720921]
[1498662000, 2250.39, 2272.41, 2257.48, 2261.97, 82.23947723]
[1498658400, 2250.07, 2283.26, 2275, 2256.81, 96.42930546]
[1498654800, 2245.71, 2274.99, 2246.22, 2274.98, 97.99319387]
[1498651200, 2239.12, 2257.29, 2241.67, 2243.84, 60.3441969]
[1498647600, 2224.71, 2242.08, 2225.99, 2239.17, 45.40899125]
[1498644000, 2225.92, 2240.97, 2236.65, 2225.99, 98.54982948]
[1498640400, 2214, 2246.45, 2214.31, 2237.28, 101.3312561]
[1498636800, 2197.85, 2245.89, 2224.62, 2215.06, 92.51401509]
[1498633200, 2197.33, 2234, 2199.79, 2224.58, 76.30731254]
[1498629600, 2178.11, 2210.65, 2196.74, 2196.89, 92.59373289]
[1498626000, 2182.63, 2221.87, 2221.87, 2196.74, 27.86735626]
[1498622400, 2221.88, 2243.54, 2239.56, 2221.89, 31.67933731]
[1498618800, 2194.61, 2243.58, 2204.79, 2240.99, 15.97775369]
[1498615200, 2188.63, 2229.34, 2209.27, 2205.04, 6.03672998]
[1498611600, 2189.24, 2300, 2241.12, 2190.49, 111.05786923]
[1498608000, 2240.2, 2280, 2274.92, 2240.2, 29.67751912]
[1498604400, 2208.03, 2275, 2236.81, 2274.15, 56.88898213]
[1498600800, 2182.09, 2236.81, 2184.86, 2236.8, 81.07399011]
[1498597200, 2168.1, 2200, 2199.94, 2184.85, 81.30317629]
[1498593600, 2154.79, 2200, 2167.93, 2199.93, 138.85545748]
[1498590000, 2110.3, 2167.93, 2110.36, 2167.93, 121.79196133]
[1498586400, 2066.25, 2113, 2080.79, 2110.36, 130.88079861]
[1498582800, 2039.95, 2083.89, 2059.99, 2083.81, 95.00684866]
[1498579200, 2021.33, 2071.75, 2064.05, 2059.99, 104.13128947]
[1498575600, 2042.78, 2074.79, 2054, 2064.08, 108.04982707]
[1498572000, 2027.73, 2090, 2080.34, 2054.01, 167.13916864]
[1498568400, 2074.67, 2123.87, 2117.02, 2080.37, 144.77025627]
[1498564800, 2093.2, 2123.09, 2117.9, 2117.02, 85.1472625]
[1498561200, 2107.2, 2157.62, 2141.31, 2116.77, 98.92820986]
[1498557600, 2121.38, 2169.48, 2128.19, 2144.36, 109.24336016]
[1498554000, 2096.96, 2162.08, 2120.31, 2128.13, 86.61384158]
[1498550400, 2109.69, 2154.85, 2126.24, 2120.31, 133.645878]
[1498546800, 2118.01, 2160, 2158.51, 2123.64, 108.8481046]
[1498543200, 2155.82, 2214.75, 2199, 2159.62, 96.92728766]
[1498539600, 2165.99, 2215.87, 2166, 2200, 53.99814259]
[1498536000, 2162.37, 2199.49, 2198.33, 2166, 32.94473478]
[1498532400, 2191.19, 2200, 2198, 2199.31, 19.0366744]
[1498528800, 2188.72, 2198, 2188.72, 2198, 8.91248044]
[1498525200, 2153.06, 2189, 2153.06, 2188, 13.36092244]
[1498521600, 2153, 2183.89, 2170.65, 2159.67, 14.69042332]
[1498518000, 2156.96, 2199.4, 2164.98, 2176.38, 62.9880583]
[1498514400, 2120.66, 2164.96, 2151.94, 2164.96, 77.19576869]
[1498510800, 2096.53, 2177.44, 2096.54, 2154.49, 158.17268618]
[1498507200, 2022.29, 2100, 2061.06, 2099, 82.38199025]
[1498503600, 2047.73, 2105.7, 2051.21, 2061.2, 115.7888764]
[1498500000, 2005.44, 2131.46, 2131.46, 2051.21, 135.11298732]
[1498496400, 2122.08, 2150, 2150, 2131.72, 28.30917576]
[1498492800, 2122.12, 2161.2, 2138.07, 2153.13, 80.90202693]
[1498489200, 2127.4, 2188.74, 2187.12, 2140.22, 76.33764916]
[1498485600, 2185.33, 2234.75, 2229.15, 2190.75, 63.32684776]
[1498482000, 2213.36, 2253, 2242.56, 2223.02, 59.74525353]
[1498478400, 2200.53, 2249.98, 2225.55, 2242.56, 73.1828698]
[1498474800, 2219.89, 2243.41, 2241.01, 2229.48, 100.94953071]
[1498471200, 2199.11, 2274.1, 2261.82, 2239.45, 138.18402309]
[1498467600, 2185.41, 2264.64, 2188, 2258.2, 138.54350492]
[1498464000, 2186.63, 2246.44, 2235.69, 2188, 110.45090062]
[1498460400, 2187.64, 2239.15, 2211.36, 2235.91, 88.23185802]
[1498456800, 2210.26, 2253.21, 2252.12, 2211.57, 79.8817343]
[1498453200, 2241.7, 2260, 2242.98, 2253.38, 24.95996184]
[1498449600, 2245.53, 2287.85, 2279.9, 2247.46, 20.57575412]
[1498446000, 2262.25, 2278.01, 2265.08, 2278.01, 10.67243145]
[1498442400, 2259.22, 2275, 2275, 2264.12, 22.0713936]
[1498438800, 2246.62, 2275, 2257.14, 2275, 23.50353286]
[1498435200, 2230.01, 2260, 2251.03, 2257.06, 37.27398989]
[1498431600, 2215.49, 2259.98, 2215.49, 2251.29, 13.20585136]
[1498428000, 2189.15, 2229.87, 2216.22, 2216.17, 86.06159901]
[1498424400, 2169.02, 2229.4, 2229.37, 2216.26, 47.65967372]
[1498420800, 2200.03, 2249.59, 2200.03, 2223.31, 30.96117891]
[1498417200, 2200, 2270.23, 2270.23, 2205.91, 88.79251962]
[1498413600, 2270.21, 2324.48, 2321.92, 2270.24, 73.33090149]
[1498410000, 2302.53, 2326.43, 2311.03, 2321.92, 20.20445597]
[1498406400, 2301.36, 2325.05, 2303.96, 2311.03, 40.07484245]
