[1500566400, 2248.08, 2309.92, 2278.73, 2248.08, 179.59489802]
[1500562800, 2219.74, 2299, 2219.76, 2272.21, 243.66909154]
[1500559200, 2200, 2265.39, 2250, 2219.66, 213.78295469]
[1500555600, 2174.96, 2250, 2177.95, 2250, 210.68008417]
[1500552000, 2131.88, 2231, 2143.81, 2177.98, 392.82991133]
[1500548400, 2036.85, 2147.14, 2041.17, 2143.8, 176.86509831]
[1500544800, 2027.99, 2041.58, 2028.61, 2041.22, 67.79004162]
[1500541200, 2014.8, 2034.99, 2027.97, 2028.61, 71.51411535]
[1500537600, 2012.83, 2034.6, 2014.75, 2028.01, 97.42184397]
[1500534000, 2002.71, 2019.76, 2015.18, 2014.77, 41.82498317]
[1500530400, 2014.07, 2048.61, 2033.55, 2016.24, 36.4540055]
[1500526800, 2019.01, 2033.55, 2019.02, 2033.55, 25.0878329]
[1500523200, 2014.28, 2028.22, 2014.28, 2018.02, 15.16629434]
[1500519600, 2012.79, 2022.67, 2017.59, 2022.34, 14.70402861]
[1500516000, 1993.36, 2017.59, 2000.05, 2017.59, 11.53045967]
[1500512400, 1974.06, 2000.01, 1974.87, 2000.01, 6.9878526]
[1500508800, 1966.93, 1986.62, 1969.67, 1976.27, 26.52923071]
[1500505200, 1955.49, 1979.41, 1978.21, 1976.45, 31.43486097]
[1500501600, 1957.82, 1985.16, 1964.85, 1976.56, 45.19707115]
[1500498000, 1942, 1990.02, 1960.68, 1966.53, 116.06194412]
[1500494400, 1915.01, 1964.41, 1923.47, 1960.79, 101.99834515]
[1500490800, 1915, 1990.93, 1989.96, 1923.48, 221.53426141]
[1500487200, 1979.78, 1997.69, 1993.27, 1987.41, 89.45865702]
[1500483600, 1990, 2018.24, 2002.52, 1993.38, 64.49513592]
[1500480000, 1988.3, 2026, 2019.13, 2002.52, 86.94431645]
[1500476400, 2016.3, 2043.39, 2041.99, 2020.61, 50.77119479]
[1500472800, 1994.63, 2047.03, 1996.62, 2040.93, 89.43482941]
[1500469200, 1990, 2024.83, 2024.75, 1994.64, 133.67449043]
[1500465600, 2010.03, 2046.99, 2043.98, 2024.08, 126.63725787]
[1500462000, 2041.84, 2065.25, 2063.16, 2045.07, 87.57571135]
[1500458400, 2054.28, 2072, 2054.28, 2064.9, 52.14487627]
[1500454800, 2045.26, 2069.64, 2069.64, 2054.34, 99.27258287]
[1500451200, 2064.81, 2090, 2074.23, 2069.9, 116.65760166]
[1500447600, 2044.18, 2087.85, 2049.99, 2074.25, 89.46103051]
[1500444000, 2039.61, 2070, 2039.88, 2050, 74.14039346]
[1500440400, 2020.82, 2039.98, 2020.82, 2039.95, 73.9321359]
[1500436800, 2004.19, 2038.01, 2036.71, 2020.83, 47.05782113]
[1500433200, 1985.61, 2038.85, 1985.62, 2037.44, 40.42553883]
[1500429600, 1967.17, 1993.67, 1988.3, 1974.53, 15.75171094]
[1500426000, 1962.6, 2005, 1966.46, 1988.86, 36.99753077]
[1500422400, 1960.01, 2009.05, 2006.41, 1969.47, 49.24153488]
[1500418800, 1978.6, 2019.85, 1978.61, 2006.64, 44.70802748]
[1500415200, 1962.74, 2041.62, 2041.6, 1978.55, 111.42003484]
[1500411600, 2033.52, 2070, 2070, 2041.55, 88.18273253]
[1500408000, 2042.15, 2078.95, 2042.61, 2070.07, 48.79065879]
[1500404400, 2030.99, 2058.66, 2039.98, 2043.15, 153.61680551]
[1500400800, 2026.23, 2058.11, 2026.98, 2040, 84.39518535]
[1500397200, 1993.5, 2037.36, 2005.25, 2028.75, 80.01021772]
[1500393600, 1978.13, 2058.36, 2050, 2005.26, 219.46691202]
[1500390000, 2025.97, 2068.5, 2065.17, 2050, 157.55551334]
[1500386400, 2015.22, 2068.5, 2024.86, 2068.5, 152.26438825]
[1500382800, 2002, 2027.4, 2009.89, 2027.4, 100.17515204]
[1500379200, 1985.99, 2018.63, 1998.16, 2009.84, 129.47181146]
[1500375600, 1961.61, 2021.23, 1969.41, 1998.16, 194.65954503]
[1500372000, 1948.3, 1976.86, 1971.33, 1969.42, 118.02702233]
[1500368400, 1939.85, 1971.85, 1962.9, 1971.85, 204.63896187]
[1500364800, 1960.21, 1986.99, 1980.41, 1962.9, 90.09841881]
[1500361200, 1969, 1997.2, 1969.98, 1980.57, 98.3295159]
[1500357600, 1928.99, 1971.9, 1948.37, 1964.85, 83.20191318]
[1500354000, 1906.18, 1949.73, 1915.64, 1936.26, 44.17175756]
[1500350400, 1880, 1921.81, 1891.8, 1921.81, 27.7277467]
[1500346800, 1886.37, 1925, 1922.75, 1899.4, 18.38703347]
[1500343200, 1907.6, 1931, 1921.16, 1920.57, 4.04185107]
[1500339600, 1886.37, 1926.2, 1925, 1921.16, 20.90425724]
[1500336000, 1924.77, 1947.59, 1942.41, 1925.01, 27.25611324]
[1500332400, 1919.19, 1945, 1924.33, 1942.42, 54.23158118]
[1500328800, 1893.07, 1942.87, 1894.91, 1924.57, 84.17794582]
[1500325200, 1885.47, 1933.42, 1911.02, 1895.07, 106.11799525]
[1500321600, 1858.15, 1934.12, 1860.9, 1911.02, 276.62040442]
[1500318000, 1856.74, 1887.21, 1883.89, 1860.9, 85.30732286]
[1500314400, 1859.5, 1891.05, 1874.85, 1883.89, 114.40223993]
[1500310800, 1797.45, 1885.66, 1805.23, 1860.26, 132.88351866]
[1500307200, 1795, 1820.23, 1795.01, 1805.24, 82.41670472]
[1500303600, 1795, 1827.12, 1814.75, 1796.94, 121.40683083]
[1500300000, 1762.36, 1819.71, 1766.51, 1814.76, 68.79273856]
[1500296400, 1740.88, 1772.44, 1749.45, 1760.36, 51.77467118]
[1500292800, 1708.9, 1760.87, 1753.73, 1749.78, 63.23633016]
[1500289200, 1744.37, 1782.9, 1778.26, 1754.8, 70.6160474]
[1500285600, 1776.41, 1812.45, 1805.43, 1778.41, 102.54062216]
[1500282000, 1779.99, 1823.8, 1819.18, 1809.83, 128.39719592]
[1500278400, 1794, 1837.97, 1810.52, 1820.36, 160.32861122]
[1500274800, 1778.13, 1830.88, 1780, 1811.27, 149.91934474]
[1500271200, 1729.39, 1798.35, 1736.15, 1780, 122.66689194]
[1500267600, 1711.54, 1744.9, 1733, 1740, 33.2767284]
[1500264000, 1713.53, 1741, 1713.53, 1734.31, 27.61356925]
[1500260400, 1690.87, 1709.16, 1703.53, 1707.3, 7.16691481]
[1500256800, 1710.38, 1726.39, 1719.99, 1712.35, 14.62525672]
[1500253200, 1675.78, 1719.99, 1675.78, 1719.99, 13.72454572]
[1500249600, 1656.39, 1675.31, 1656.69, 1675.31, 20.25666973]
[1500246000, 1653.77, 1698.2, 1667.09, 1657.72, 33.34368595]
[1500242400, 1626.96, 1659, 1637.12, 1659, 42.1009596]
[1500238800, 1611.16, 1643.75, 1624.2, 1641.23, 63.20289628]
[1500235200, 1610, 1649.87, 1611.95, 1617.08, 57.68310145]
[1500231600, 1611.49, 1660.02, 1660.02, 1617.55, 73.65654736]
[1500228000, 1650.05, 1682.81, 1682.8, 1660, 87.13323684]
[1500224400, 1681.3, 1718.5, 1715, 1682.8, 101.21351945]
[1500220800, 1643.03, 1718.49, 1643.04, 1718.41, 74.62784956]
[1500217200, 1632.81, 1679.81, 1638.1, 1642.14, 117.14250784]
[1500213600, 1614.12, 1665, 1644.37, 1640.83, 103.94586187]
[1500210000, 1552.24, 1684.24, 1575.51, 1644.37, 299.6194713]
[1500206400, 1570.01, 1615, 1607.14, 1575.66, 279.66528699]
[1500202800, 1605.03, 1655.99, 1654.9, 1609.46, 172.98294912]
[1500199200, 1651, 1682.07, 1660.01, 1655.19, 119.36660038]
[1500195600, 1660, 1706.01, 1706.01, 1660, 115.44078873]
[1500192000, 1700, 1721.86, 1712.08, 1706.01, 79.79186683]
[1500188400, 1701.01, 1728.15, 1728.15, 1713.03, 80.29165169]
[1500184800, 1705.02, 1740.86, 1740.86, 1717.9, 67.5948825]
[1500181200, 1743.09, 1757.96, 1749.16, 1746.48, 17.19440054]
[1500177600, 1749.16, 1765.37, 1761.87, 1749.16, 9.67538418]
[1500174000, 1759.16, 1779.99, 1763.06, 1759.16, 5.83152699]
[1500170400, 1732.92, 1773.82, 1732.92, 1762.74, 18.73123094]
[1500166800, 1709, 1752.17, 1713.69, 1731.54, 26.6524007]
[1500163200, 1710.04, 1739.84, 1730, 1713.72, 39.84535484]
[1500159600, 1730, 1782.69, 1770.07, 1730, 62.58592603]
[1500156000, 1765.84, 1794.37, 1774.19, 1768.94, 30.46640985]
[1500152400, 1755.29, 1782.13, 1766.84, 1773.35, 40.05787025]
[1500148800, 1766.85, 1816.31, 1816.01, 1766.85, 34.03168556]
[1500145200, 1801.98, 1819.93, 1802, 1816.32, 40.75206556]
[1500141600, 1796.37, 1826.34, 1809.14, 1802, 44.64203664]
[1500138000, 1785.12, 1836.14, 1788.71, 1809.2, 90.37464634]
[1500134400, 1761.12, 1810.57, 1764.97, 1789.9, 125.17752243]
[1500130800, 1740.01, 1772, 1749.12, 1763.62, 93.63700839]
[1500127200, 1714.14, 1763.65, 1763.65, 1749.22, 200.40393392]
[1500123600, 1762.97, 1790, 1765.25, 1763.65, 58.96926172]
[1500120000, 1750, 1792.25, 1792.25, 1768.93, 94.52280971]
[1500116400, 1783.67, 1821.8, 1815, 1792.58, 72.24554275]
[1500112800, 1795.47, 1819, 1801.67, 1815, 63.23814709]
[1500109200, 1779.25, 1820.71, 1793.02, 1795.47, 98.26949536]
[1500105600, 1775, 1809.99, 1789.5, 1793.25, 101.47394575]
[1500102000, 1775.43, 1833.56, 1825.09, 1789.5, 132.06946884]
[1500098400, 1818.96, 1846.04, 1837.65, 1826.49, 82.78713613]
[1500094800, 1835.51, 1870.63, 1869.21, 1837.66, 34.77927287]
[1500091200, 1842.96, 1886.81, 1846.15, 1865.31, 35.03908259]
[1500087600, 1847.58, 1886.07, 1877.77, 1847.58, 42.14489643]
[1500084000, 1878, 1912.9, 1910.9, 1878, 11.87638674]
[1500080400, 1904.4, 1936.16, 1927.98, 1906.97, 10.18154848]
[1500076800, 1926.02, 1951.84, 1947.01, 1928.13, 22.48873072]
[1500073200, 1925.79, 1956.06, 1927.23, 1947.01, 50.22311392]
[1500069600, 1899.97, 1937.81, 1908.64, 1927.21, 37.35614284]
[1500066000, 1889.26, 1914.82, 1901.7, 1909.2, 74.792061]
[1500062400, 1895.01, 1938.35, 1938.34, 1901.71, 93.97955423]
[1500058800, 1931, 1949.76, 1944.35, 1938.43, 39.69871091]
[1500055200, 1905, 1946.32, 1934.37, 1942.39, 102.93225559]
[1500051600, 1905, 1944.89, 1943.02, 1933.89, 106.59900587]
[1500048000, 1932.7, 1996.13, 1980.15, 1943.02, 123.48323806]
[1500044400, 1978.22, 2003.87, 2003.13, 1984.71, 148.53691515]
[1500040800, 1987.07, 2007.13, 2004.07, 2003.13, 101.50207612]
[1500037200, 2001.65, 2021.34, 2016.96, 2005.73, 117.6620718]
[1500033600, 2010, 2058.05, 2058.02, 2011, 106.53337178]
[1500030000, 2046.43, 2062, 2060.92, 2057.21, 70.09908111]
[1500026400, 2052.7, 2065.74, 2065.47, 2061.13, 35.7724473]
[1500022800, 2058.93, 2069.22, 2059.98, 2066, 51.71423152]
[1500019200, 2059.37, 2069.94, 2069.94, 2059.99, 42.24809019]
[1500015600, 2065.45, 2076.65, 2070.72, 2069.94, 59.34437224]
[1500012000, 2049.51, 2068.97, 2050.32, 2067.94, 31.56443922]
[1500008400, 2046.79, 2055.84, 2046.79, 2051.14, 9.35214161]
[1500004800, 2038.76, 2052.59, 2038.76, 2045.02, 9.622081]
[1500001200, 2035.01, 2045.81, 2035.3, 2039.96, 4.70541826]
[1499997600, 2035, 2043.58, 2038.54, 2035, 14.48788]
[1499994000, 2038.23, 2059.64, 2059.11, 2038.53, 12.65311725]
[1499990400, 2057.31, 2066.4, 2059.01, 2057.57, 12.36640541]
[1499986800, 2057.12, 2068.34, 2068.34, 2059.04, 12.19234523]
[1499983200, 2054, 2068.28, 2054, 2068.28, 16.84127815]
[1499979600, 2044.25, 2061.71, 2059.95, 2054, 34.08672803]
[1499976000, 2052.49, 2060.09, 2058.48, 2060.08, 29.22435099]
[1499972400, 2037.77, 2058.49, 2049.99, 2058.49, 42.66065863]
[1499968800, 2041.1, 2058.49, 2046.96, 2049.99, 48.09711303]
[1499965200, 2040.7, 2068.33, 2068, 2045.39, 60.67819471]
[1499961600, 2053.35, 2073.4, 2053.35, 2068.44, 54.42152258]
[1499958000, 2050.87, 2083.81, 2083.69, 2053.34, 63.49010106]
[1499954400, 2075.61, 2084, 2082.79, 2083.97, 42.05371676]
[1499950800, 2080.5, 2095.54, 2095.54, 2082.8, 47.00232263]
[1499947200, 2091.29, 2110.93, 2110.45, 2095.6, 108.61671916]
[1499943600, 2092, 2113.71, 2099.25, 2110.41, 46.81114526]
[1499940000, 2088.4, 2100.04, 2097.43, 2099.25, 62.80604769]
[1499936400, 2092.84, 2102.2, 2097.98, 2097.46, 31.90247056]
[1499932800, 2074.71, 2098, 2087.79, 2097.98, 156.42447356]
[1499929200, 2084.55, 2102.46, 2102.33, 2087.79, 44.25709323]
[1499925600, 2093.56, 2103.35, 2097.55, 2102.39, 39.95354874]
[1499922000, 2082.84, 2111.01, 2110.77, 2097.66, 19.77931537]
[1499918400, 2110.77, 2119.81, 2118.03, 2110.77, 9.73425234]
[1499914800, 2110.99, 2125, 2110.99, 2116.94, 14.94158869]
[1499911200, 2101.99, 2111, 2102, 2111, 2.76957113]
[1499907600, 2096.04, 2107.77, 2105.5, 2102.03, 7.83449521]
[1499904000, 2098.66, 2111, 2101.91, 2105.87, 10.27551513]
[1499900400, 2082.59, 2108.11, 2087.86, 2103.54, 33.04432647]
[1499896800, 2079.37, 2098.77, 2079.37, 2088.51, 25.27809873]
[1499893200, 2073.39, 2096.48, 2094.99, 2079.37, 66.19604615]
[1499889600, 2084.12, 2114.88, 2110.77, 2095, 72.73563318]
[1499886000, 2106.83, 2118.77, 2109.63, 2111.98, 81.07988976]
[1499882400, 2105.29, 2117.99, 2113.3, 2109.52, 63.18446605]
[1499878800, 2095.87, 2122.14, 2098.8, 2113.3, 105.90639391]
[1499875200, 2080.86, 2098.8, 2083.8, 2098.8, 57.80029143]
[1499871600, 2065.64, 2087.31, 2067.88, 2083.84, 77.9695925]
[1499868000, 2045.11, 2070.22, 2049.32, 2070.22, 82.59515869]
[1499864400, 2046.43, 2072.4, 2058.39, 2046.43, 100.77255108]
[1499860800, 2053.19, 2068.22, 2062.43, 2058.39, 52.44915973]
[1499857200, 2047.34, 2062.45, 2053.38, 2062.43, 85.14612674]
[1499853600, 2040, 2054.76, 2053.75, 2053.89, 53.63531954]
[1499850000, 2034.98, 2054.13, 2035.37, 2054.11, 109.04492448]
[1499846400, 2017.44, 2037.17, 2025.25, 2033.92, 90.9938231]
