[1504166400, 3909.24, 3915.89, 3910, 3911.03, 99.20182523]
[1504162800, 3909.64, 3921.41, 3914.9, 3910, 112.68654398]
[1504159200, 3894.49, 3927.89, 3903.64, 3915.01, 59.63257175]
[1504155600, 3893.23, 3902.41, 3894.47, 3902.41, 23.8633124]
[1504152000, 3888.91, 3895, 3889.99, 3894.58, 12.93431831]
[1504148400, 3878.35, 3890, 3878.35, 3890, 7.68273172]
[1504144800, 3872.92, 3887.35, 3884.03, 3878.36, 5.25400999]
[1504141200, 3877.23, 3889.95, 3877.23, 3888.86, 11.32588118]
[1504137600, 3863.51, 3877.41, 3865.43, 3877.41, 6.03444254]
[1504134000, 3860.59, 3879.12, 3869.95, 3865.43, 25.64090024]
[1504130400, 3862.72, 3879, 3863.98, 3869.95, 56.12412439]
[1504126800, 3860, 3869.99, 3869.98, 3863.98, 50.95714655]
[1504123200, 3852, 3879.1, 3865.02, 3869.98, 72.07383466]
[1504119600, 3865, 3886.42, 3884.05, 3865.04, 97.12317709]
[1504116000, 3878.26, 3897.48, 3884.85, 3884.03, 110.30210586]
[1504112400, 3880.83, 3884.86, 3884.83, 3884.86, 61.19891473]
[1504108800, 3867.05, 3884.86, 3868.32, 3884.84, 77.30282566]
[1504105200, 3850.62, 3869.5, 3854.5, 3867.75, 99.38874635]
[1504101600, 3850.51, 3875.19, 3874.59, 3854.35, 69.40717131]
[1504098000, 3866.96, 3879.99, 3870.93, 3874.59, 106.73884732]
[1504094400, 3841, 3871, 3841, 3870.96, 137.16276969]
[1504090800, 3812.48, 3849.84, 3825.99, 3841, 109.47762204]
[1504087200, 3793.75, 3840.33, 3822.49, 3825.99, 187.902517]
[1504083600, 3822.48, 3853.29, 3853.29, 3822.49, 61.43222232]
[1504080000, 3850.05, 3868.96, 3858.19, 3853.29, 57.17002464]
[1504076400, 3845.03, 3879.31, 3879.26, 3858.18, 66.22175255]
[1504072800, 3861.9, 3879.96, 3866.84, 3879.38, 54.78680817]
[1504069200, 3858.21, 3868.47, 3865, 3867.07, 27.80507083]
[1504065600, 3859.02, 3868.99, 3864.24, 3864.83, 19.62517288]
[1504062000, 3859.29, 3865, 3859.5, 3864.23, 5.12017017]
[1504058400, 3852.63, 3864.99, 3864.96, 3859.51, 8.28329978]
[1504054800, 3851.98, 3865, 3851.98, 3864.98, 10.47139452]
[1504051200, 3833.01, 3858.58, 3858.58, 3852.36, 13.12474366]
[1504047600, 3855.31, 3865, 3864.95, 3860.19, 31.85503798]
[1504044000, 3846.01, 3872.86, 3866.74, 3864.95, 57.9146269]
[1504040400, 3842.59, 3943.9, 3842.6, 3862.56, 120.53240815]
[1504036800, 3832.3, 3849, 3835.43, 3842.4, 68.1457783]
[1504033200, 3824.31, 3835.79, 3834.41, 3835.49, 85.23946512]
[1504029600, 3802.28, 3839.95, 3802.29, 3825.07, 72.39627227]
[1504026000, 3795, 3804, 3803.79, 3802.29, 85.28710601]
[1504022400, 3800.05, 3848.88, 3841.01, 3803.83, 160.77912456]
[1504018800, 3812.01, 3843.87, 3818.63, 3841.02, 116.57273289]
[1504015200, 3765.92, 3830, 3813.72, 3813.97, 213.79464335]
[1504011600, 3692.12, 3830, 3692.13, 3813.72, 208.82429896]
[1504008000, 3657.25, 3698, 3668.74, 3697.97, 73.29948075]
[1504004400, 3644.53, 3675.98, 3648.51, 3664.89, 58.00057183]
[1504000800, 3620, 3653.1, 3628.72, 3648.52, 99.74263967]
[1503997200, 3627.06, 3655, 3653.15, 3627.06, 109.49794719]
[1503993600, 3643.17, 3665.26, 3643.17, 3652.54, 124.04865369]
[1503990000, 3642.25, 3674.51, 3674.48, 3643.18, 125.96716303]
[1503986400, 3664.04, 3676.48, 3665.24, 3674.48, 25.9665036]
[1503982800, 3660.02, 3680, 3679.99, 3665.42, 35.39044796]
[1503979200, 3674.57, 3679.99, 3674.57, 3679.65, 12.35331827]
[1503975600, 3669.99, 3674.98, 3670, 3674.56, 3.92461657]
[1503972000, 3669, 3670, 3669.01, 3670, 2.87238937]
[1503968400, 3667.3, 3670, 3667.84, 3669.01, 5.74249239]
[1503964800, 3665.04, 3670, 3669.98, 3669.12, 15.96623448]
[1503961200, 3665.97, 3670, 3667.99, 3669.97, 11.38932993]
[1503957600, 3660, 3667.99, 3660, 3667.99, 21.42246231]
[1503954000, 3644.93, 3660, 3650.18, 3659.99, 54.13906834]
[1503950400, 3644.5, 3657.2, 3652.26, 3650.29, 53.94313805]
[1503946800, 3646.75, 3658.54, 3646.75, 3652.26, 56.56292864]
[1503943200, 3643.89, 3656.78, 3655.83, 3647, 40.48070925]
[1503939600, 3635, 3660, 3635, 3656.72, 53.06989106]
[1503936000, 3616.23, 3635, 3616.24, 3635, 36.53423036]
[1503932400, 3616.2, 3637.97, 3637.97, 3616.23, 76.2274408]
[1503928800, 3636.67, 3650.08, 3650.08, 3637.97, 57.16179621]
[1503925200, 3629, 3654.46, 3630.02, 3650.07, 63.28521847]
[1503921600, 3630, 3650.32, 3647.82, 3630.02, 91.77742569]
[1503918000, 3628.01, 3653.62, 3628.12, 3649.38, 65.18347999]
[1503914400, 3622.08, 3628.12, 3627.96, 3628.12, 61.10316897]
[1503910800, 3615.77, 3631.2, 3628.76, 3627.97, 65.61515364]
[1503907200, 3608.23, 3642.16, 3631.49, 3629.43, 87.08098021]
[1503903600, 3594.35, 3632.25, 3600, 3631.49, 80.13965132]
[1503900000, 3574.04, 3606.49, 3574.04, 3599.99, 51.91812615]
[1503896400, 3574.53, 3606.45, 3594, 3574.99, 56.40453716]
[1503892800, 3552, 3627.25, 3627.25, 3594.01, 75.54213862]
[1503889200, 3627.23, 3646.98, 3643.14, 3627.26, 13.99097587]
[1503885600, 3640.97, 3645, 3640.97, 3643.14, 3.11648266]
[1503882000, 3632.23, 3645, 3645, 3641, 13.1587099]
[1503878400, 3645, 3658.03, 3658.03, 3645, 26.24182324]
[1503874800, 3658.04, 3673.99, 3670.55, 3658.04, 17.77998625]
[1503871200, 3670.55, 3679.92, 3679.92, 3670.55, 16.20367106]
[1503867600, 3665.63, 3681.72, 3670.01, 3680, 28.00812886]
[1503864000, 3669.32, 3685, 3679.27, 3670.01, 28.18392625]
[1503860400, 3667.55, 3680.43, 3680, 3679.89, 51.4403336]
[1503856800, 3670.66, 3680, 3672.01, 3680, 43.52587643]
[1503853200, 3671.24, 3680.57, 3672.04, 3673.47, 30.90864819]
[1503849600, 3663.5, 3683.19, 3673.7, 3672.11, 43.40022193]
[1503846000, 3666, 3677, 3666, 3673.74, 22.53149266]
[1503842400, 3654.31, 3666, 3656.88, 3665.99, 18.58473964]
[1503838800, 3650, 3661.15, 3650.01, 3656.88, 27.54267942]
[1503835200, 3650, 3670, 3659.74, 3650.01, 61.35623213]
[1503831600, 3650, 3662.5, 3652.28, 3659.91, 38.95879006]
[1503828000, 3650.03, 3658.41, 3651.39, 3652.28, 31.31428646]
[1503824400, 3650.19, 3662.5, 3662.07, 3651.52, 30.58868528]
[1503820800, 3660.47, 3671.9, 3671.9, 3660.81, 16.29397487]
[1503817200, 3661.19, 3673.33, 3663.08, 3672.04, 23.23170385]
[1503813600, 3655, 3669.99, 3655.01, 3663.33, 13.09874215]
[1503810000, 3640.26, 3655.01, 3650, 3655, 9.07999584]
[1503806400, 3650, 3657.01, 3655.43, 3651.02, 6.00422153]
[1503802800, 3655.42, 3680.75, 3680.74, 3655.43, 19.26007561]
[1503799200, 3676.04, 3696.82, 3694.99, 3676.31, 12.00000632]
[1503795600, 3672.74, 3695, 3672.74, 3695, 8.07699216]
[1503792000, 3665.18, 3678.56, 3671.66, 3672.73, 14.50915383]
[1503788400, 3668.82, 3677.14, 3670.39, 3671.66, 10.81123157]
[1503784800, 3660.16, 3676.44, 3667.96, 3663.14, 16.64652793]
[1503781200, 3664.34, 3680, 3675.84, 3667.41, 23.2071978]
[1503777600, 3658.69, 3675.84, 3665.1, 3675.84, 16.96856696]
[1503774000, 3658.43, 3677, 3660.01, 3665.1, 29.16934757]
[1503770400, 3635.08, 3660.47, 3637.33, 3660.01, 23.26917833]
[1503766800, 3630.4, 3643.44, 3640, 3637.75, 20.59161952]
[1503763200, 3624.66, 3640, 3634.52, 3640, 28.16859005]
[1503759600, 3617.02, 3638.8, 3621.01, 3634.98, 23.7402926]
[1503756000, 3610.05, 3627.41, 3625.01, 3621.01, 34.88970438]
[1503752400, 3615.1, 3634.07, 3622.53, 3622.97, 37.04126768]
[1503748800, 3607, 3649.99, 3645.96, 3618.75, 47.80140474]
[1503745200, 3643.46, 3655.9, 3651.98, 3646.14, 31.23017666]
[1503741600, 3640.61, 3652.04, 3645.37, 3651.98, 22.93678812]
[1503738000, 3630.02, 3665.23, 3662, 3645.08, 41.01016713]
[1503734400, 3660.73, 3677.1, 3672.22, 3662, 29.46647325]
[1503730800, 3645.34, 3681.49, 3656.88, 3672.22, 36.38332407]
[1503727200, 3648.43, 3657.71, 3653.32, 3657.08, 15.19292914]
[1503723600, 3634.14, 3653.97, 3646.2, 3653.32, 9.57325838]
[1503720000, 3644.4, 3659.01, 3644.47, 3648.63, 8.47685137]
[1503716400, 3603.42, 3648.91, 3636.7, 3645.4, 23.37598152]
[1503712800, 3636.7, 3657.01, 3657, 3636.7, 6.90923953]
[1503709200, 3657.01, 3691.51, 3690.1, 3657.01, 3.64890298]
[1503705600, 3688.14, 3696.73, 3688.55, 3691.5, 8.33929538]
[1503702000, 3671.02, 3702.4, 3701.01, 3688.09, 21.07182852]
[1503698400, 3660.36, 3702.67, 3674.22, 3702.67, 29.58399627]
[1503694800, 3655, 3687.45, 3661.05, 3674.98, 51.38134633]
[1503691200, 3615, 3675.07, 3666.56, 3672.51, 95.19420493]
[1503687600, 3633.78, 3768.01, 3768.01, 3671.13, 114.50570509]
[1503684000, 3739.97, 3770, 3755.81, 3768.01, 55.36122481]
[1503680400, 3736.87, 3778.1, 3776.58, 3755.68, 60.97389877]
[1503676800, 3753.1, 3777, 3754.48, 3776.98, 69.44002125]
[1503673200, 3704.2, 3756.02, 3709.99, 3753.66, 88.58521505]
[1503669600, 3690, 3720, 3710.34, 3709.29, 64.43004874]
[1503666000, 3632, 3725.21, 3715.07, 3710.48, 108.06035974]
[1503662400, 3707.03, 3717.75, 3708.02, 3715.07, 76.88699405]
[1503658800, 3700.03, 3723, 3716.46, 3708.02, 57.31560599]
[1503655200, 3707.01, 3727, 3726.69, 3716.48, 62.34796612]
[1503651600, 3720.57, 3732.64, 3720.57, 3726.78, 77.60023108]
[1503648000, 3697, 3722.51, 3716.59, 3721.3, 90.21358241]
[1503644400, 3694.02, 3722.38, 3697.27, 3706.02, 105.57281078]
[1503640800, 3670.57, 3697.36, 3687.2, 3697.27, 34.68314665]
[1503637200, 3670.04, 3688.45, 3680.01, 3684.1, 32.22346296]
[1503633600, 3680, 3703.33, 3699.16, 3680.01, 18.68678552]
[1503630000, 3667.1, 3699.42, 3691.94, 3694.05, 15.67848426]
[1503626400, 3688.09, 3708.63, 3697.81, 3688.09, 12.06205981]
[1503622800, 3687.28, 3702.08, 3699.99, 3702.08, 18.99793085]
[1503619200, 3677.67, 3700, 3677.67, 3700, 36.46627051]
[1503615600, 3671.52, 3699, 3688.16, 3677.68, 41.73470615]
[1503612000, 3619.25, 3688.99, 3622, 3688.96, 61.66427179]
[1503608400, 3606.09, 3622, 3617.23, 3622, 26.69838104]
[1503604800, 3608.02, 3620, 3616.28, 3617.23, 26.70783884]
[1503601200, 3608.53, 3620.77, 3612, 3616.27, 50.31361039]
[1503597600, 3567.27, 3614.45, 3592.6, 3612, 54.74888133]
[1503594000, 3584.85, 3611.65, 3604.31, 3592.6, 58.41401281]
[1503590400, 3604, 3620, 3618.43, 3604, 57.45936756]
[1503586800, 3595, 3619.98, 3600, 3618.44, 73.73047422]
[1503583200, 3580.91, 3600, 3582.6, 3599.99, 62.27840598]
[1503579600, 3561.02, 3584.73, 3567.82, 3581.59, 73.26656357]
[1503576000, 3550, 3576, 3575.95, 3567.69, 99.07810734]
[1503572400, 3568.85, 3590, 3578.01, 3576, 107.18086941]
[1503568800, 3557.66, 3581.5, 3581.45, 3578.01, 36.38288047]
[1503565200, 3568.89, 3600, 3599.99, 3581.4, 52.3634367]
[1503561600, 3574.31, 3600, 3575.2, 3599.99, 33.19840822]
[1503558000, 3563.24, 3591.25, 3564.59, 3575.2, 41.25804963]
[1503554400, 3551.24, 3568.8, 3551.24, 3566.1, 31.67039917]
[1503550800, 3533.51, 3555.63, 3541.37, 3551.24, 20.32220764]
[1503547200, 3526.74, 3543.17, 3531.13, 3541.54, 9.3603657]
[1503543600, 3515.01, 3542.52, 3542.52, 3531.13, 14.03552774]
[1503540000, 3542.67, 3574.6, 3555.8, 3542.67, 7.80384014]
[1503536400, 3527.86, 3572, 3536.75, 3555.78, 13.85141663]
[1503532800, 3529.4, 3550.17, 3534.48, 3537, 16.47270704]
[1503529200, 3526.5, 3554.2, 3539.36, 3526.86, 32.3675318]
[1503525600, 3497.5, 3540.72, 3500.19, 3539.35, 35.25632009]
[1503522000, 3494.18, 3525, 3519.24, 3500.66, 90.9162242]
[1503518400, 3436.18, 3524.42, 3520.5, 3515.7, 168.92936174]
[1503514800, 3509.14, 3556, 3552.6, 3512.5, 99.51088278]
[1503511200, 3551.43, 3583.67, 3570.58, 3554.4, 82.43495012]
[1503507600, 3560, 3609.42, 3609.41, 3569.82, 113.17462038]
[1503504000, 3596.61, 3625.99, 3596.61, 3613.37, 46.25116119]
[1503500400, 3567.54, 3607.92, 3571.49, 3598.7, 75.07744182]
[1503496800, 3570.04, 3599.49, 3592.99, 3571.5, 44.43171401]
[1503493200, 3574.05, 3610, 3604.92, 3594, 83.12568259]
[1503489600, 3600, 3634, 3610.89, 3605.02, 77.98994902]
[1503486000, 3599.79, 3630, 3619.54, 3611.33, 69.74921299]
[1503482400, 3595.95, 3638.58, 3620.58, 3619.54, 102.0971835]
[1503478800, 3540.57, 3650, 3540.57, 3620.58, 160.43619491]
[1503475200, 3515.9, 3545, 3527.13, 3540.42, 123.58939604]
[1503471600, 3514.32, 3535.89, 3525, 3526, 89.99111694]
[1503468000, 3496.07, 3529.38, 3505.1, 3525, 41.42070754]
[1503464400, 3492.35, 3519.77, 3519.77, 3505.17, 21.52587257]
[1503460800, 3494.34, 3524.21, 3515.9, 3521.68, 25.70509164]
[1503457200, 3502.95, 3537.81, 3514.46, 3515.93, 29.68372371]
[1503453600, 3491.61, 3545, 3515, 3512.07, 34.8841716]
[1503450000, 3493.2, 3515, 3493.66, 3514.99, 15.6782939]
[1503446400, 3490.02, 3499.74, 3498.84, 3493.66, 12.93335946]
