[1497686400, 2243.6, 2265, 2251.99, 2256.46, 45.6106888]
[1497682800, 2240.16, 2251.99, 2242.56, 2251.99, 30.066171]
[1497679200, 2229.99, 2252, 2234, 2242.69, 33.30936733]
[1497675600, 2230.03, 2240, 2239.82, 2234, 13.516649]
[1497672000, 2218.48, 2239.81, 2223.74, 2239.81, 5.49948851]
[1497668400, 2191.16, 2225.5, 2193.7, 2225.5, 10.86284146]
[1497664800, 2185, 2199.87, 2196.36, 2194.31, 9.08655233]
[1497661200, 2181.06, 2205.78, 2205.78, 2196.36, 14.92779022]
[1497657600, 2206.65, 2229.35, 2229.35, 2208.31, 21.10981778]
[1497654000, 2208.73, 2229.32, 2210.66, 2229.32, 32.55666282]
[1497650400, 2178.72, 2225, 2220.71, 2210.64, 57.91224564]
[1497646800, 2200.1, 2228.17, 2228.16, 2220.7, 59.42766684]
[1497643200, 2224.12, 2249.99, 2241, 2228.16, 68.15889695]
[1497639600, 2199.65, 2242, 2209.32, 2242, 55.5606995]
[1497636000, 2208, 2236.74, 2232.69, 2209.38, 62.69778357]
[1497632400, 2215.71, 2242, 2235.01, 2229.12, 89.8560707]
[1497628800, 2188.37, 2242, 2196, 2235.01, 90.43618074]
[1497625200, 2182.43, 2212.76, 2209.9, 2196.14, 107.29503442]
[1497621600, 2172.33, 2210.59, 2179.83, 2209.6, 84.19860542]
[1497618000, 2150, 2183.8, 2166.1, 2179.91, 114.18111245]
[1497614400, 2166, 2229.52, 2204.54, 2166, 147.37135715]
[1497610800, 2173.52, 2269, 2257.78, 2207, 201.95817207]
[1497607200, 2241.2, 2262, 2243.84, 2259.55, 194.90086864]
[1497603600, 2226.11, 2250, 2226.11, 2243.84, 264.4532427]
[1497600000, 2208.65, 2231.99, 2208.65, 2229.69, 126.03940085]
[1497596400, 2201.2, 2229.24, 2217.74, 2209.43, 124.32742219]
[1497592800, 2178.23, 2230.08, 2183.46, 2217.77, 139.15634929]
[1497589200, 2160.38, 2195, 2160.55, 2183.48, 52.94354052]
[1497585600, 2139.35, 2191.56, 2139.4, 2160.58, 29.0738709]
[1497582000, 2106.89, 2148.04, 2115.73, 2139.92, 19.92018715]
[1497578400, 2066.62, 2115.49, 2100, 2115.49, 47.18546145]
[1497574800, 2100.01, 2150.96, 2121.1, 2100.01, 25.52379144]
[1497571200, 2103.79, 2173.71, 2171.3, 2122.3, 72.41635265]
[1497567600, 2147.76, 2190.44, 2168.53, 2172.5, 99.39836335]
[1497564000, 2111.27, 2169.9, 2148.75, 2169.9, 145.39406489]
[1497560400, 2093.88, 2161.7, 2120.73, 2148.76, 127.85577128]
[1497556800, 2089.62, 2150, 2110, 2119.19, 156.90481421]
[1497553200, 2051.71, 2110, 2054.47, 2110, 257.86423077]
[1497549600, 2001.02, 2067.12, 2024.32, 2054.34, 169.20679117]
[1497546000, 2024.32, 2100, 2092.71, 2024.32, 230.70953457]
[1497542400, 1983.99, 2100, 1983.99, 2091.71, 171.86762238]
[1497538800, 1954.67, 2022.47, 2008.09, 1983.99, 119.54929805]
[1497535200, 1837.17, 2044.96, 1900.01, 2009.35, 229.04634234]
[1497531600, 1900.01, 2074.42, 2052, 1900.01, 369.38825875]
[1497528000, 2043.99, 2113.85, 2048.55, 2052, 319.23236591]
[1497524400, 2021.83, 2105.94, 2084.27, 2051.07, 568.48111877]
[1497520800, 2071.05, 2180.47, 2141.02, 2084.31, 204.65468999]
[1497517200, 2136, 2203, 2200, 2140.38, 175.04519697]
[1497513600, 2175.76, 2246.47, 2179.8, 2200, 199.47109281]
[1497510000, 2110.01, 2192.33, 2134.62, 2179.83, 303.91677792]
[1497506400, 1982.35, 2134.62, 2094.12, 2134.62, 518.43899763]
[1497502800, 2096.03, 2167.08, 2163.94, 2096.03, 173.20368574]
[1497499200, 2156.91, 2206.78, 2206.78, 2164, 65.77622587]
[1497495600, 2196.84, 2235.34, 2235.32, 2206.78, 47.94699179]
[1497492000, 2230.87, 2241.99, 2231.26, 2237.52, 21.68372322]
[1497488400, 2178.62, 2235.92, 2188.81, 2230.63, 36.05156768]
[1497484800, 2114.82, 2190, 2185.77, 2186.68, 50.57812282]
[1497481200, 2137.31, 2190, 2139.99, 2183.48, 75.24993854]
[1497477600, 2090.85, 2230.55, 2198.86, 2139.99, 189.66931253]
[1497474000, 2167.53, 2309.71, 2292.54, 2198.86, 154.07091185]
[1497470400, 2257.55, 2300, 2284.52, 2292.55, 101.76150647]
[1497466800, 2272.7, 2330, 2316.26, 2284.52, 96.61477882]
[1497463200, 2301.14, 2333, 2308.14, 2315.39, 98.14115413]
[1497459600, 2251, 2314.3, 2299.03, 2308.05, 143.95175686]
[1497456000, 2256.01, 2363.27, 2363.27, 2298.91, 184.58217129]
[1497452400, 2331.69, 2374.82, 2365.15, 2363.27, 109.67801988]
[1497448800, 2264.09, 2400, 2344.87, 2374.82, 196.15162505]
[1497445200, 2272.92, 2450, 2449.97, 2344.98, 270.77297911]
[1497441600, 2446.91, 2476.59, 2476.48, 2449.98, 84.05600075]
[1497438000, 2464.15, 2483.4, 2473.5, 2475.58, 87.43157688]
[1497434400, 2469.35, 2476.37, 2474.83, 2473.5, 127.45764007]
[1497430800, 2468.98, 2480.43, 2468.99, 2472.9, 93.64547424]
[1497427200, 2465.84, 2485, 2482.64, 2468.99, 122.45674751]
[1497423600, 2466.27, 2511, 2501.57, 2482.64, 130.0174908]
[1497420000, 2484.99, 2511.3, 2485, 2501.57, 66.94950598]
[1497416400, 2469.08, 2485, 2469.11, 2485, 58.404353]
[1497412800, 2464.53, 2480, 2467.7, 2469.32, 33.40208859]
[1497409200, 2453.55, 2485.68, 2483.59, 2467.77, 26.27614627]
[1497405600, 2470.36, 2487.95, 2470.36, 2482.68, 8.63032696]
[1497402000, 2447.12, 2470.35, 2447.19, 2470.35, 34.0630571]
[1497398400, 2427.62, 2446.77, 2429.37, 2446.77, 32.6414371]
[1497394800, 2410.96, 2443.99, 2420.08, 2429.4, 52.10836597]
[1497391200, 2419.07, 2445.89, 2432.71, 2420.07, 46.70907024]
[1497387600, 2425.07, 2449.7, 2427.88, 2433.05, 114.50232625]
[1497384000, 2400.65, 2448.32, 2435.27, 2427.88, 162.52549028]
[1497380400, 2430, 2454.31, 2443.26, 2440.12, 227.67674564]
[1497376800, 2424.43, 2457.26, 2457.26, 2443.26, 130.74392387]
[1497373200, 2453.97, 2465.42, 2458.98, 2457.27, 69.22613882]
[1497369600, 2446.86, 2462.9, 2448.8, 2458.99, 52.07584008]
[1497366000, 2425, 2449.25, 2432.33, 2448.99, 64.53031428]
[1497362400, 2422.03, 2454.79, 2450.04, 2432.33, 65.38802467]
[1497358800, 2414.46, 2457.96, 2428.07, 2452.94, 80.97342208]
[1497355200, 2420.68, 2442.16, 2427, 2428.11, 89.54331561]
[1497351600, 2394.68, 2435.15, 2419.95, 2427, 73.57140432]
[1497348000, 2411.64, 2446.31, 2420.14, 2420.14, 69.18976206]
[1497344400, 2421.83, 2470, 2470, 2423.83, 88.4279419]
[1497340800, 2463.37, 2495.84, 2472.3, 2470, 93.32123083]
[1497337200, 2450.61, 2482.73, 2468.97, 2472.3, 91.74472254]
[1497333600, 2421.95, 2475, 2421.95, 2468.92, 127.30560412]
[1497330000, 2361.6, 2442.05, 2407.41, 2422.45, 115.82289417]
[1497326400, 2378.21, 2408.04, 2393.27, 2406.2, 69.56607431]
[1497322800, 2366.74, 2393.93, 2386.12, 2385.42, 33.07047681]
[1497319200, 2376.31, 2402.39, 2376.32, 2386.24, 25.87605603]
[1497315600, 2365.97, 2409, 2408.98, 2365.97, 44.07932332]
[1497312000, 2379.37, 2422.62, 2379.68, 2408.99, 57.19331114]
[1497308400, 2358.67, 2425.62, 2359.27, 2382.83, 147.21728595]
[1497304800, 2329, 2398.92, 2398.87, 2359.44, 101.90176769]
[1497301200, 2368.66, 2425, 2376.98, 2393.28, 94.491826]
[1497297600, 2266.19, 2393.4, 2266.19, 2376.99, 138.19350785]
[1497294000, 2231, 2342.19, 2342.19, 2266.39, 96.65250328]
[1497290400, 2282.26, 2370.71, 2291.57, 2342.19, 51.0063379]
[1497286800, 2210.47, 2414.16, 2414.16, 2292.31, 221.41496351]
[1497283200, 2391, 2528.99, 2515.29, 2414.23, 291.05208975]
[1497279600, 2485.03, 2530, 2529.08, 2515.27, 114.88431468]
[1497276000, 2490.29, 2545.83, 2497.95, 2529.25, 133.30695702]
[1497272400, 2497.09, 2543.23, 2540.19, 2497.6, 189.03410846]
[1497268800, 2469.72, 2555.63, 2474.47, 2540.19, 172.54061847]
[1497265200, 2441.99, 2550, 2450.86, 2474.57, 312.71898457]
[1497261600, 2448.43, 2624.13, 2621.3, 2450.75, 268.60345294]
[1497258000, 2600.01, 2626.1, 2615.03, 2621.3, 96.46401754]
[1497254400, 2601.82, 2630.77, 2620, 2615, 128.45636164]
[1497250800, 2608.66, 2641.81, 2638.1, 2620, 113.16383214]
[1497247200, 2635.97, 2655.24, 2655.24, 2638.1, 57.27884697]
[1497243600, 2634.18, 2662.98, 2660.27, 2655.98, 28.88061595]
[1497240000, 2649.08, 2666, 2649.09, 2661.58, 15.86667444]
[1497236400, 2635.19, 2662.41, 2662.41, 2649.08, 19.95634184]
[1497232800, 2660.87, 2665, 2661.52, 2662.41, 4.249147]
[1497229200, 2657.11, 2669.31, 2669.29, 2658.27, 16.67038423]
[1497225600, 2655.24, 2669.99, 2667.5, 2668.94, 8.83553628]
[1497222000, 2638.84, 2670, 2648.78, 2667.5, 23.54975956]
[1497218400, 2639.91, 2650, 2643.98, 2648.79, 31.65830427]
[1497214800, 2625.29, 2644, 2625.52, 2644, 164.42567689]
[1497211200, 2625, 2635.49, 2635.49, 2625.99, 109.47253287]
[1497207600, 2625.05, 2637, 2626.58, 2635.49, 61.59846877]
[1497204000, 2625, 2637, 2628.98, 2626.58, 97.55788966]
[1497200400, 2628.61, 2643.22, 2640.51, 2628.61, 71.45195382]
[1497196800, 2621.97, 2648, 2639.93, 2640.62, 133.87159445]
[1497193200, 2580.14, 2650, 2581.5, 2639.04, 183.10654997]
[1497189600, 2570.59, 2582, 2579.02, 2582, 61.2681613]
[1497186000, 2571.52, 2587.6, 2576.51, 2579.01, 91.33428575]
[1497182400, 2564.36, 2578, 2570.79, 2575.84, 87.13257083]
[1497178800, 2564.98, 2578.52, 2577.79, 2568.91, 67.87833351]
[1497175200, 2575, 2592.28, 2580, 2577.78, 56.49969187]
[1497171600, 2574.12, 2584.99, 2575.84, 2579.82, 70.85989971]
[1497168000, 2564, 2575.83, 2570.76, 2575.83, 94.30293022]
[1497164400, 2563.65, 2581.38, 2578.97, 2570.77, 89.13037895]
[1497160800, 2563.69, 2594.52, 2581.46, 2581, 36.07430153]
[1497157200, 2561.7, 2584.75, 2575, 2577.67, 34.67226155]
[1497153600, 2561.54, 2588.56, 2571.39, 2575, 94.5957928]
[1497150000, 2561.82, 2606.48, 2599, 2570.12, 31.94051776]
[1497146400, 2588.36, 2599, 2592.79, 2599, 23.01110974]
[1497142800, 2576.89, 2599, 2588.31, 2592.91, 15.5612321]
[1497139200, 2574.22, 2607, 2603.09, 2585.92, 31.53331967]
[1497135600, 2563.8, 2604.1, 2574.99, 2601.34, 109.39280999]
[1497132000, 2536.23, 2575, 2536.23, 2568.36, 58.52024903]
[1497128400, 2525, 2560.01, 2560, 2536.18, 64.43266501]
[1497124800, 2560, 2590, 2583.79, 2560.01, 50.31924382]
[1497121200, 2564.9, 2588.26, 2574.83, 2580.52, 38.23443299]
[1497117600, 2556.11, 2584.89, 2576.2, 2576.47, 67.39594245]
[1497114000, 2568, 2600, 2576, 2576.27, 101.34381269]
[1497110400, 2552.35, 2581.28, 2552.36, 2576, 55.0940498]
[1497106800, 2552.35, 2600.36, 2594.62, 2552.36, 53.61627203]
[1497103200, 2581, 2604.98, 2600, 2595.25, 53.114613]
[1497099600, 2579.98, 2609, 2599.5, 2599.99, 62.25087033]
[1497096000, 2585.99, 2600, 2591.73, 2600, 58.15172044]
[1497092400, 2572.28, 2595.02, 2580, 2591.92, 72.64841411]
[1497088800, 2537.76, 2580, 2540.13, 2580, 60.72016231]
[1497085200, 2533.02, 2543.93, 2537.26, 2540.13, 57.48809306]
[1497081600, 2527.38, 2542, 2532.57, 2537.26, 50.74370219]
[1497078000, 2530, 2540, 2532.57, 2532.57, 46.86719798]
[1497074400, 2520.9, 2537, 2524.43, 2531.52, 33.69992274]
[1497070800, 2520.88, 2535.56, 2535.15, 2524.44, 13.50088083]
[1497067200, 2526.93, 2547.16, 2545.23, 2535.4, 14.94987294]
[1497063600, 2541.04, 2553.28, 2553.1, 2545.23, 10.8095981]
[1497060000, 2539.9, 2554.19, 2540.77, 2553.77, 8.87939675]
[1497056400, 2521.95, 2542.93, 2528.59, 2540.34, 16.63898524]
[1497052800, 2529.93, 2542.93, 2531.46, 2529.93, 21.38327175]
[1497049200, 2516.05, 2539.07, 2531.57, 2531.48, 46.33546763]
[1497045600, 2523.83, 2545.4, 2543.99, 2531.32, 46.60607453]
[1497042000, 2530.01, 2557.37, 2554.8, 2544.28, 63.40937053]
[1497038400, 2544.61, 2555, 2549, 2555, 43.91222839]
[1497034800, 2539, 2556.9, 2540.83, 2549, 44.96775738]
[1497031200, 2531.5, 2563, 2562.98, 2539.32, 55.19417806]
[1497027600, 2544.62, 2565, 2555.24, 2562.99, 68.39444922]
[1497024000, 2535, 2567.92, 2564.79, 2555.24, 83.86900581]
[1497020400, 2554.1, 2574, 2555.11, 2565.5, 103.53640671]
[1497016800, 2549.21, 2569.12, 2550.2, 2555.11, 97.66817644]
[1497013200, 2539.53, 2568, 2543.22, 2549.59, 76.51551549]
[1497009600, 2520, 2549.99, 2534.38, 2545.27, 63.16967924]
[1497006000, 2524, 2540, 2535.8, 2534.54, 50.4059832]
[1497002400, 2516, 2535.8, 2520.91, 2535.8, 109.40564209]
[1496998800, 2513.96, 2534.86, 2530.22, 2525.67, 117.61014181]
[1496995200, 2513.19, 2535, 2514.03, 2530.77, 124.78701088]
[1496991600, 2487.92, 2520, 2509.43, 2520, 107.01805848]
[1496988000, 2506.44, 2522.31, 2513.72, 2509.43, 53.46780073]
[1496984400, 2510.62, 2526.66, 2524.4, 2519.72, 29.05288237]
[1496980800, 2507.72, 2524.98, 2510.46, 2524.4, 18.072757]
[1496977200, 2511.23, 2526.66, 2525.88, 2511.39, 16.84015712]
[1496973600, 2520.5, 2526.66, 2525.96, 2526.14, 5.54143589]
[1496970000, 2495.27, 2526.66, 2505, 2526.38, 35.57968828]
[1496966400, 2502.41, 2505, 2505, 2505, 11.36314763]
