[1503446400, 3490.02, 3499.74, 3498.84, 3493.66, 12.93335946]
[1503442800, 3445.2, 3508.39, 3468.64, 3495.25, 55.535259]
[1503439200, 3468.12, 3518.29, 3514.97, 3472.88, 35.89741983]
[1503435600, 3475.53, 3516.77, 3482.23, 3514.31, 76.24541661]
[1503432000, 3473.59, 3539.15, 3539.15, 3482.22, 69.79478001]
[1503428400, 3500, 3553.5, 3504.72, 3540.32, 78.3014302]
[1503424800, 3429.13, 3548.82, 3430.47, 3506.99, 197.94914362]
[1503421200, 3389.08, 3447, 3390.8, 3430.46, 107.98748116]
[1503417600, 3351.44, 3404.31, 3355, 3391.95, 86.4586656]
[1503414000, 3344.04, 3379.65, 3344.04, 3355, 79.35950212]
[1503410400, 3322.3, 3369, 3360.03, 3344.05, 78.54919079]
[1503406800, 3361.75, 3417.23, 3417.11, 3361.78, 97.0734038]
[1503403200, 3365.84, 3439.99, 3365.85, 3417.17, 164.06086346]
[1503399600, 3347.25, 3389.27, 3347.68, 3365.85, 182.47139075]
[1503396000, 3342.01, 3397.66, 3391.29, 3347.7, 103.78814865]
[1503392400, 3285.04, 3393.5, 3290.8, 3393.5, 108.81643195]
[1503388800, 3262.65, 3300, 3272.4, 3290.79, 82.08963663]
[1503385200, 3230.84, 3275.18, 3264.33, 3272.4, 78.3929826]
[1503381600, 3216.25, 3330, 3216.25, 3264.33, 196.22962925]
[1503378000, 3050, 3248, 3099.99, 3216.26, 194.75676005]
[1503374400, 3099, 3250, 3250, 3114.55, 169.23739355]
[1503370800, 3219.54, 3326.1, 3313.92, 3250, 66.13643818]
[1503367200, 3260.47, 3330, 3287.74, 3313.24, 30.69775195]
[1503363600, 3257, 3339.28, 3316.41, 3287.74, 87.35836884]
[1503360000, 3311.53, 3405.56, 3403, 3316.41, 78.5900029]
[1503356400, 3400.2, 3425.88, 3425.88, 3403, 35.77610444]
[1503352800, 3416.53, 3440.87, 3439.75, 3423.81, 48.50751329]
[1503349200, 3407.26, 3442.15, 3407.27, 3439.75, 49.79594611]
[1503345600, 3405.01, 3433.74, 3429.97, 3407.27, 66.55076546]
[1503342000, 3408.87, 3435.08, 3408.87, 3429.97, 75.84708966]
[1503338400, 3388.99, 3414.73, 3410.99, 3409.85, 80.44574971]
[1503334800, 3407.42, 3425.24, 3418.99, 3410.99, 94.61038202]
[1503331200, 3400, 3448.64, 3425.53, 3419.18, 109.98499876]
[1503327600, 3421.88, 3455.58, 3427.23, 3426.79, 97.56929576]
[1503324000, 3393.06, 3444.34, 3426.26, 3422.58, 158.81798371]
[1503320400, 3418.56, 3460.74, 3458.4, 3426.27, 179.18819816]
[1503316800, 3455, 3467.93, 3457.09, 3458.17, 90.01325959]
[1503313200, 3454.27, 3498.8, 3492.12, 3457.14, 80.81117875]
[1503309600, 3472.2, 3499.91, 3496.05, 3496.19, 93.34614419]
[1503306000, 3470.22, 3499.91, 3486.02, 3496.05, 118.17130958]
[1503302400, 3442.79, 3494.97, 3449.88, 3486.02, 152.60514018]
[1503298800, 3411.66, 3453.22, 3411.66, 3450, 87.05078041]
[1503295200, 3371.1, 3438.91, 3422.37, 3411.66, 232.7074766]
[1503291600, 3401.01, 3492.31, 3492.31, 3418.54, 98.82604361]
[1503288000, 3482.02, 3498.82, 3484.76, 3497.41, 13.92129048]
[1503284400, 3481.98, 3490.14, 3482.8, 3481.99, 4.08924856]
[1503280800, 3470.37, 3498.67, 3497.77, 3481.27, 13.80089246]
[1503277200, 3489.11, 3503.73, 3489.11, 3499.9, 4.93385481]
[1503273600, 3475.15, 3505.62, 3475.15, 3489.1, 21.61419006]
[1503270000, 3474.06, 3554.99, 3554.99, 3475.15, 72.30470044]
[1503266400, 3545.11, 3559.52, 3545.12, 3554.99, 17.69308001]
[1503262800, 3531.75, 3548.32, 3542.1, 3543.41, 34.41977407]
[1503259200, 3521.07, 3556, 3548.14, 3541, 31.22957189]
[1503255600, 3539.7, 3573.93, 3540, 3548.14, 55.30668833]
[1503252000, 3506.49, 3540, 3511, 3540, 44.29578177]
[1503248400, 3500.12, 3521.57, 3508.09, 3511, 31.57074648]
[1503244800, 3487.19, 3507.59, 3490, 3507.22, 48.535086]
[1503241200, 3489.99, 3509.06, 3504.31, 3489.99, 47.40552842]
[1503237600, 3490.33, 3513.41, 3501.18, 3504.3, 45.62251114]
[1503234000, 3491.04, 3522.65, 3521.2, 3501.19, 38.65902317]
[1503230400, 3491.48, 3523.71, 3507.24, 3521.2, 54.19354325]
[1503226800, 3480.22, 3509.82, 3502.05, 3507.24, 78.76631485]
[1503223200, 3502.46, 3540.61, 3529.1, 3503.53, 40.09114244]
[1503219600, 3513, 3549, 3548.98, 3531.74, 43.18094485]
[1503216000, 3526.14, 3555.91, 3541.12, 3548.98, 44.1127396]
[1503212400, 3503.88, 3549.32, 3514.53, 3540.86, 22.65043499]
[1503208800, 3495.39, 3515.54, 3498.9, 3514.53, 19.73695629]
[1503205200, 3497.82, 3525.28, 3508.1, 3498.9, 10.22329156]
[1503201600, 3500.29, 3508.19, 3500.29, 3508.1, 2.03935185]
[1503198000, 3500.3, 3529.99, 3519.08, 3500.3, 12.69004644]
[1503194400, 3506.8, 3529.17, 3512.52, 3519.8, 5.53117237]
[1503190800, 3481, 3518.38, 3518.38, 3512.52, 16.00378352]
[1503187200, 3505.1, 3563.8, 3563.79, 3518.38, 30.14853936]
[1503183600, 3561.51, 3580.01, 3565.94, 3565.35, 21.81354127]
[1503180000, 3537.21, 3575, 3537.21, 3565.94, 30.67285063]
[1503176400, 3533.28, 3560, 3540.2, 3537.24, 31.82946558]
[1503172800, 3502.74, 3540.25, 3512.31, 3540.2, 37.26710752]
[1503169200, 3501.18, 3516.01, 3510, 3512.31, 32.81733756]
[1503165600, 3478.09, 3510, 3489.01, 3510, 36.75635032]
[1503162000, 3461.43, 3495.21, 3462.83, 3489.01, 38.56767037]
[1503158400, 3443, 3489.41, 3456.3, 3462.84, 53.31803203]
[1503154800, 3438.97, 3500, 3489.95, 3456.3, 71.84816541]
[1503151200, 3487.01, 3515.51, 3498.38, 3489.95, 47.81019015]
[1503147600, 3495.57, 3536.48, 3532.29, 3497.97, 60.75705402]
[1503144000, 3440.01, 3555, 3450.01, 3532.96, 95.85403256]
[1503140400, 3426.22, 3481.41, 3481.37, 3450.91, 76.64406548]
[1503136800, 3463.17, 3507.75, 3507.74, 3480.15, 58.47565668]
[1503133200, 3458.29, 3520, 3461.33, 3507.62, 62.96578038]
[1503129600, 3460, 3512.22, 3501.44, 3461.34, 75.61483949]
[1503126000, 3425.61, 3501.84, 3445.87, 3501.84, 63.28062469]
[1503122400, 3441.96, 3511.57, 3504.17, 3445.86, 61.60828048]
[1503118800, 3490.01, 3538.08, 3523.45, 3504.17, 26.58547711]
[1503115200, 3524.32, 3556.93, 3538.28, 3526.25, 6.29857023]
[1503111600, 3534.36, 3580.51, 3579.84, 3540.57, 10.05284746]
[1503108000, 3549.09, 3583.17, 3550.92, 3580.4, 20.45575402]
[1503104400, 3550.87, 3587.83, 3574.08, 3550.87, 22.23753158]
[1503100800, 3517.01, 3578.54, 3517.56, 3573.64, 36.55311919]
[1503097200, 3500, 3533.18, 3524.6, 3517.59, 70.83089831]
[1503093600, 3488.59, 3559.74, 3490.04, 3524.13, 106.95689487]
[1503090000, 3410.01, 3490.9, 3450.01, 3490.9, 201.65642245]
[1503086400, 3450.47, 3548.48, 3539.08, 3452.03, 167.4636613]
[1503082800, 3450, 3545.01, 3545.01, 3540.85, 250.01384656]
[1503079200, 3545, 3607.53, 3599.99, 3545.01, 110.40448227]
[1503075600, 3550, 3645, 3644.15, 3600, 168.10063498]
[1503072000, 3632.56, 3670, 3639.56, 3644.15, 88.11764318]
[1503068400, 3625, 3674.94, 3654.56, 3639.56, 133.9530251]
[1503064800, 3633.16, 3689.88, 3678.69, 3654.58, 118.95432704]
[1503061200, 3663.26, 3709.21, 3700, 3678.74, 82.36731577]
[1503057600, 3691.3, 3733.01, 3710.51, 3700, 66.30618586]
[1503054000, 3700, 3734.75, 3729.44, 3710.05, 100.36954585]
[1503050400, 3694.13, 3738.23, 3695.23, 3729.44, 98.09885271]
[1503046800, 3680.68, 3699.57, 3681.61, 3695.25, 76.36386641]
[1503043200, 3641.87, 3710, 3694.35, 3681.63, 159.33112392]
[1503039600, 3657, 3700, 3682.21, 3699, 107.51923259]
[1503036000, 3659.69, 3696.71, 3683.5, 3677.34, 33.53174493]
[1503032400, 3664.35, 3699.44, 3664.36, 3683.51, 25.74354476]
[1503028800, 3632.01, 3672.93, 3663.39, 3666.7, 15.969552]
[1503025200, 3640, 3676.63, 3647.47, 3663.39, 12.2971342]
[1503021600, 3637.45, 3669.74, 3648.97, 3652.06, 28.26062593]
[1503018000, 3613.03, 3665.34, 3665.34, 3648.98, 31.99853648]
[1503014400, 3665.33, 3699.99, 3682.15, 3665.33, 17.88529522]
[1503010800, 3681.04, 3723.58, 3709.97, 3682.39, 28.93715175]
[1503007200, 3686.72, 3723.23, 3702.01, 3709.97, 46.71270556]
[1503003600, 3700.68, 3733.56, 3710.35, 3702.01, 51.58144482]
[1503000000, 3656.2, 3713.77, 3710.6, 3710.16, 95.32909417]
[1502996400, 3601.01, 3713.76, 3640.46, 3712.06, 168.40261844]
[1502992800, 3625, 3686.26, 3670.14, 3640.7, 173.68330493]
[1502989200, 3669.5, 3736.14, 3736.13, 3670.14, 125.59057409]
[1502985600, 3655, 3752.93, 3744.93, 3733.19, 255.09933125]
[1502982000, 3725.02, 3841.23, 3838.56, 3744.98, 154.07542546]
[1502978400, 3810.59, 3852, 3849.89, 3838.7, 157.02804548]
[1502974800, 3800.05, 3850, 3804.24, 3847.84, 164.60499223]
[1502971200, 3788.53, 3822.64, 3804.21, 3804.24, 126.94249253]
[1502967600, 3800.05, 3865.12, 3840.54, 3800.05, 203.34298757]
[1502964000, 3797.78, 3848.8, 3797.8, 3841.63, 150.33869889]
[1502960400, 3725.19, 3797.8, 3727.97, 3797.8, 197.62098914]
[1502956800, 3709.61, 3741.26, 3716.7, 3728.43, 186.48581994]
[1502953200, 3668.53, 3718.41, 3690.14, 3718.41, 89.41716336]
[1502949600, 3678.12, 3704.16, 3686.54, 3693.05, 80.45101559]
[1502946000, 3660.76, 3698.22, 3680.03, 3685.53, 28.82879923]
[1502942400, 3629.21, 3685, 3652.12, 3685, 19.81320875]
[1502938800, 3624.98, 3696.44, 3696.44, 3655, 30.59540844]
[1502935200, 3680, 3696.82, 3692.41, 3696.44, 9.10185767]
[1502931600, 3688.02, 3709.99, 3705.96, 3693.76, 14.74326342]
[1502928000, 3690.06, 3731.08, 3714.99, 3706, 22.68346399]
[1502924400, 3696.37, 3730, 3701.1, 3726.75, 41.66449112]
[1502920800, 3650.02, 3701.1, 3697.49, 3701.1, 48.03539371]
[1502917200, 3689.15, 3719.85, 3710.04, 3697.54, 76.81354543]
[1502913600, 3682.62, 3710.05, 3685.42, 3710.05, 89.32216757]
[1502910000, 3669.95, 3703, 3690, 3684.34, 79.8804568]
[1502906400, 3639.92, 3699.75, 3684, 3689.95, 97.74579018]
[1502902800, 3680.06, 3717, 3688.01, 3691.88, 108.04917838]
[1502899200, 3675, 3746.99, 3700, 3688.37, 188.98068347]
[1502895600, 3545.09, 3711.68, 3545.1, 3700, 189.28108492]
[1502892000, 3530, 3583, 3555.3, 3545.1, 139.22624378]
[1502888400, 3537.02, 3565, 3551.72, 3554.27, 111.2556469]
[1502884800, 3480.05, 3555, 3513.17, 3551.72, 123.31820824]
[1502881200, 3495.01, 3539.24, 3520, 3514.31, 137.45021325]
[1502877600, 3522, 3564.98, 3554.49, 3522, 100.24613471]
[1502874000, 3533.75, 3569.99, 3567.72, 3554.49, 86.5616534]
[1502870400, 3481.97, 3578.59, 3495.66, 3568.38, 164.81114975]
[1502866800, 3468.72, 3534.26, 3468.75, 3495.66, 63.91039161]
[1502863200, 3365.92, 3482.98, 3395.71, 3467.59, 85.09246002]
[1502859600, 3371.75, 3480.82, 3475.75, 3395.86, 85.44675453]
[1502856000, 3450, 3495.4, 3485.8, 3475.72, 25.49065515]
[1502852400, 3460.55, 3505.37, 3460.55, 3485.81, 10.85068222]
[1502848800, 3464.54, 3548.3, 3539.77, 3464.63, 14.19666766]
[1502845200, 3475.01, 3544.74, 3540.74, 3539.86, 22.03392955]
[1502841600, 3530, 3599.49, 3569.68, 3540.74, 42.06295473]
[1502838000, 3546.53, 3596.69, 3587.62, 3566.81, 30.89832268]
[1502834400, 3541.36, 3600, 3547.68, 3586.12, 62.42063291]
[1502830800, 3483.08, 3558.29, 3488.78, 3544.38, 80.8596479]
[1502827200, 3412.66, 3500, 3478.27, 3487.86, 125.83832626]
[1502823600, 3465.84, 3529.33, 3500.17, 3478.49, 101.42386808]
[1502820000, 3480.55, 3588.95, 3524.49, 3488.32, 181.32691439]
[1502816400, 3483.13, 3534.99, 3521.22, 3524.49, 123.50942685]
[1502812800, 3397.07, 3529.91, 3439.86, 3526.56, 182.76924907]
[1502809200, 3305.94, 3477.28, 3342.43, 3437.23, 351.49258519]
[1502805600, 3248.52, 3430.57, 3421.17, 3358.99, 481.72128598]
[1502802000, 3393.04, 3497.24, 3486.47, 3421.33, 217.33993252]
[1502798400, 3446, 3562.67, 3532.37, 3486.22, 181.86531821]
[1502794800, 3365.41, 3576.05, 3479.98, 3544.8, 286.14454666]
[1502791200, 3317, 3555.45, 3553.76, 3480, 467.66730845]
[1502787600, 3500, 3650.04, 3595.11, 3555.48, 336.08119078]
[1502784000, 3474.67, 3719.23, 3689.6, 3595.14, 351.54025443]
[1502780400, 3620.08, 3705, 3639.67, 3689.6, 180.99222926]
[1502776800, 3605.03, 3747.99, 3747.99, 3639.79, 164.23331283]
[1502773200, 3728.56, 3752.78, 3733.59, 3747.99, 57.42767822]
[1502769600, 3702.08, 3793.28, 3776.55, 3738.7, 41.83386536]
[1502766000, 3747.84, 3788.9, 3771.66, 3773, 20.80895447]
[1502762400, 3724.74, 3772.11, 3724.74, 3768.85, 38.70329601]
[1502758800, 3700.54, 3725, 3708.44, 3724.74, 26.92453503]
[1502755200, 3678.37, 3708.44, 3678.37, 3708.44, 29.72131706]
[1502751600, 3634.06, 3678.37, 3645.45, 3678.36, 44.17111701]
[1502748000, 3592.88, 3668.96, 3668.51, 3645.45, 94.22244045]
[1502744400, 3642.05, 3673.04, 3646.6, 3668.8, 99.57982191]
[1502740800, 3600, 3660, 3600.29, 3646.36, 104.91159456]
[1502737200, 3600, 3670.65, 3660.03, 3600.3, 201.53041885]
[1502733600, 3650, 3687, 3669.94, 3665.23, 128.03312118]
[1502730000, 3640, 3700, 3660, 3669.97, 145.41342596]
[1502726400, 3615, 3670.62, 3632.98, 3660, 131.84249828]
