[1486166400, 939.39, 946.01, 945.22, 946.01, 8.55975221]
[1486162800, 940.56, 946.01, 945.12, 942.93, 23.55]
[1486159200, 940.59, 946, 944.23, 944.46, 24.45530484]
[1486155600, 935, 946.1, 942.95, 944.99, 26.15887985]
[1486152000, 942.95, 946.28, 945.94, 942.95, 21.54426262]
[1486148400, 945.27, 948, 947.99, 946.86, 13.11143886]
[1486144800, 946.23, 949.13, 948.43, 947.46, 10.922544]
[1486141200, 940.07, 949.15, 946.83, 948.98, 51.80679038]
[1486137600, 945.27, 949, 947.26, 946.91, 24.7312306]
[1486134000, 942.02, 947.84, 945, 947.25, 27.79917298]
[1486130400, 940, 945, 941.31, 945, 21.796325]
[1486126800, 933.52, 942, 933.52, 941.31, 41.12118552]
[1486123200, 927.89, 942.54, 941.3, 933.51, 33.54664031]
[1486119600, 935.4, 944.67, 942.54, 940.86, 45.96840165]
[1486116000, 942.25, 952.04, 950.09, 942.53, 89.53827054]
[1486112400, 941.57, 950.09, 944.25, 950.09, 58.87720671]
[1486108800, 944.99, 951.07, 944.99, 945.04, 91.18706355]
[1486105200, 934.44, 945, 934.54, 945, 20.73443754]
[1486101600, 928.03, 952.47, 949.13, 933.27, 119.24144917]
[1486098000, 947, 949.99, 949.85, 949.34, 4.87974628]
[1486094400, 946.18, 949.96, 946.19, 949.89, 6.29342105]
[1486090800, 945.99, 946.19, 945.99, 946.19, 4.28923952]
[1486087200, 942.29, 946, 942.3, 945.99, 18.4642863]
[1486083600, 935.57, 942.3, 935.6, 942.29, 12.01653898]
[1486080000, 932.36, 939.25, 936.58, 935.61, 14.86671254]
[1486076400, 934.01, 940.87, 936.25, 936.6, 32.70279242]
[1486072800, 934.55, 939.99, 938.2, 936.33, 14.97204046]
[1486069200, 932.16, 938.2, 932.83, 938.2, 39.09758024]
[1486065600, 930.37, 933.16, 933.15, 933.06, 23.1807459]
[1486062000, 930.37, 933.15, 932.63, 933.15, 28.83836423]
[1486058400, 930.04, 932.63, 930.81, 932.5, 35.4633071]
[1486054800, 929.9, 934.69, 933.04, 930.03, 39.54393833]
[1486051200, 924.4, 934.4, 924.76, 932.89, 32.50883053]
[1486047600, 922.05, 925.46, 922.05, 925.46, 44.73]
[1486044000, 910.97, 923.49, 923.02, 922.05, 103.95568882]
[1486040400, 920.56, 924.64, 921.14, 923, 19.92730172]
[1486036800, 919.88, 924.39, 922.55, 921.73, 28.81367257]
[1486033200, 919.55, 922.55, 921.09, 922.54, 19.27411505]
[1486029600, 918.1, 921.1, 920.41, 921.09, 32.091076]
[1486026000, 917.45, 920.42, 919.8, 920.41, 61.49062258]
[1486022400, 918.69, 919.8, 919.15, 919.8, 23.58636071]
[1486018800, 918.3, 919.24, 918.38, 919.05, 4.72689789]
[1486015200, 916.82, 919.23, 918.55, 918.38, 11.02935036]
[1486011600, 914.03, 918.59, 914.03, 917.75, 13.18751687]
[1486008000, 912.74, 915, 914.99, 913.94, 2.06]
[1486004400, 908.69, 917.01, 917.01, 912.39, 21.64127896]
[1486000800, 916.42, 924, 923.96, 917.99, 7.70410575]
[1485997200, 922.54, 923.8, 923, 923.8, 1.40069353]
[1485993600, 918.84, 923, 919.9, 922.92, 12.80521918]
[1485990000, 917, 920.99, 917, 920.03, 31.34149781]
[1485986400, 911.26, 917, 913.66, 917, 27.7417145]
[1485982800, 908.04, 915.88, 910.98, 912.75, 39.20646165]
[1485979200, 910.09, 913, 910.96, 910.97, 16.92988523]
[1485975600, 909.6, 913, 909.99, 910.99, 68.67700264]
[1485972000, 909.64, 909.99, 909.99, 909.98, 7.07818453]
[1485968400, 907.34, 911.62, 907.73, 909.99, 62.12142022]
[1485964800, 905.16, 907.73, 906.32, 907.73, 43.74644503]
[1485961200, 902.96, 906.32, 903.62, 906.32, 66.11200466]
[1485957600, 902.71, 905.73, 902.72, 904.06, 36.17035098]
[1485954000, 896.28, 902.72, 896.28, 902.72, 73.30845427]
[1485950400, 896.06, 904.71, 903.92, 897.36, 41.82793115]
[1485946800, 900.73, 906.88, 903, 901.02, 62.69669456]
[1485943200, 896, 906.89, 906.47, 904.42, 64.5191311]
[1485939600, 901.4, 912.22, 910.31, 906.89, 143.68777355]
[1485936000, 908.75, 912.2, 910.32, 910.81, 29.85402075]
[1485932400, 906.6, 910.32, 907.74, 910.32, 40.29950049]
[1485928800, 905.09, 908.74, 907.32, 908.21, 29.09961829]
[1485925200, 904.95, 908.76, 905.72, 908.06, 17.8189]
[1485921600, 902.51, 906.46, 905.33, 904.95, 5.40639417]
[1485918000, 903.19, 906.44, 903.21, 906.44, 2.34835104]
[1485914400, 903.2, 907.52, 905.54, 903.52, 9.47834671]
[1485910800, 904.33, 910, 904.99, 908.66, 7.02491152]
[1485907200, 900.46, 904.88, 902.34, 904.25, 25.27142745]
[1485903600, 900, 905.78, 900.26, 902.41, 27.53658341]
[1485900000, 892.91, 902.49, 893.64, 900.69, 14.08306305]
[1485896400, 887.78, 893.95, 890.09, 893.66, 50.00025563]
[1485892800, 885, 891.3, 890.19, 889.13, 71.39945702]
[1485889200, 887.25, 892.45, 892.44, 890.18, 81.27293074]
[1485885600, 890.26, 895.27, 891.76, 892.45, 66.77639782]
[1485882000, 886.54, 896.86, 896.63, 891.76, 44.17533087]
[1485878400, 892.14, 900.48, 892.86, 896.58, 153.29601265]
[1485874800, 888.2, 895.21, 889.34, 892.03, 79.71370088]
[1485871200, 885.58, 890.99, 890.81, 889.14, 21.63229102]
[1485867600, 886.59, 895.06, 887.49, 888.78, 52.79088298]
[1485864000, 880, 897.56, 880, 885.99, 78.24164893]
[1485860400, 876.79, 880, 877.5, 880, 31.2230252]
[1485856800, 875.55, 878.69, 876.44, 877.63, 33.73372113]
[1485853200, 875.86, 878.48, 876.8, 876.44, 38.91802338]
[1485849600, 874.36, 877.34, 874.96, 876.34, 39.78983393]
[1485846000, 865.71, 874.97, 865.71, 874.97, 25.60497136]
[1485842400, 865.15, 866.99, 866.04, 865.8, 2.19835945]
[1485838800, 866.06, 866.99, 866.12, 866.06, 0.73895054]
[1485835200, 866.03, 866.96, 866.32, 866.22, 0.71]
[1485831600, 865.74, 866.99, 866.35, 866.1, 6.19843745]
[1485828000, 865.84, 866.7, 866.09, 866.64, 1.6899]
[1485824400, 863.64, 866.49, 865.75, 865.84, 7.52998983]
[1485820800, 863.02, 865.4, 864.13, 865.4, 5.67907879]
[1485817200, 864, 866.57, 864, 864.36, 10.04497221]
[1485813600, 864.34, 866.51, 865.86, 865.3, 9.97595169]
[1485810000, 863.98, 865.93, 864.65, 865.86, 6.0542]
[1485806400, 862.52, 865.24, 864.58, 864.64, 43.39887707]
[1485802800, 862.3, 864.58, 862.67, 864.58, 26.71445394]
[1485799200, 861.55, 864.46, 862.33, 862.65, 43.21767276]
[1485795600, 862.38, 866.46, 865.92, 862.39, 31.84948511]
[1485792000, 863.87, 867.31, 865.82, 865.94, 45.5089348]
[1485788400, 864.9, 866.92, 865.53, 866.11, 32.75015485]
[1485784800, 863.3, 866.76, 863.62, 865.53, 31.52603666]
[1485781200, 862.92, 864.88, 864.88, 863.62, 26.35136964]
[1485777600, 862.91, 865, 863.3, 864.88, 21.6241345]
[1485774000, 862.16, 863.35, 862.17, 863.34, 23.93]
[1485770400, 861.12, 862.18, 861.81, 862.17, 17.33952888]
[1485766800, 860.66, 861.97, 861.83, 861.79, 11.36754104]
[1485763200, 861.3, 862.76, 861.61, 861.9, 14.6672]
[1485759600, 860.62, 861.87, 860.82, 861.59, 17.42242322]
[1485756000, 859.74, 861.76, 859.74, 860.81, 5.23160864]
[1485752400, 859.19, 860.33, 859.91, 860.01, 5.87315722]
[1485748800, 859, 862.53, 859.05, 862.53, 10.1]
[1485745200, 858.06, 859.11, 858.69, 859.11, 1.96]
[1485741600, 857.35, 857.97, 857.63, 857.7, 2.38963503]
[1485738000, 856.57, 857.98, 857.71, 857.35, 2.96234474]
[1485734400, 857.5, 860.14, 858.22, 858.14, 5.31561885]
[1485730800, 857.54, 861.35, 860.18, 858, 21.40422104]
[1485727200, 858.73, 862.47, 861.33, 860.26, 9.08594425]
[1485723600, 859.07, 863.23, 859.14, 861.35, 16.80635495]
[1485720000, 857.5, 860.66, 860.66, 860, 7.35]
[1485716400, 855.11, 862.35, 860.04, 856.18, 26.61878285]
[1485712800, 860, 864, 862.81, 860.72, 22.24986354]
[1485709200, 862.56, 865.95, 864.96, 863.83, 15.80739244]
[1485705600, 864.82, 866.47, 866.11, 865.4, 8.74769008]
[1485702000, 865, 866.49, 866.29, 866.14, 17.37364867]
[1485698400, 865.42, 867.33, 866.95, 866.39, 8.19950162]
[1485694800, 866.11, 868.08, 867.95, 867.6, 9.43272025]
[1485691200, 866.2, 868.5, 868.48, 867.87, 12.71]
[1485687600, 866.01, 868.69, 866.02, 868.5, 11.60671679]
[1485684000, 865.9, 868.6, 867.89, 866.01, 6.55207217]
[1485680400, 865.66, 868.74, 867.12, 867.94, 12.23966665]
[1485676800, 865.77, 868.57, 866.85, 868.34, 14.1]
[1485673200, 864.04, 866.82, 866.79, 866.79, 2.45]
[1485669600, 864.65, 867.79, 864.73, 866.85, 1.03]
[1485666000, 865.74, 867.9, 867.84, 865.74, 1.894]
[1485662400, 866.32, 867.98, 867.2, 866.45, 3.5748]
[1485658800, 865.93, 867.77, 867.77, 866.37, 2.086]
[1485655200, 866.84, 867.77, 867.62, 867.77, 1.8121]
[1485651600, 866.37, 867.62, 866.54, 867.29, 1.1662]
[1485648000, 865.9, 867.18, 866.66, 866.57, 5.69650073]
[1485644400, 866.55, 867.5, 867.49, 867.18, 5.51]
[1485640800, 860, 867.97, 867.95, 867.17, 25.31774062]
[1485637200, 865.4, 867.97, 866.3, 867.55, 9.76912038]
[1485633600, 865.32, 866.35, 866.28, 866.32, 4.21]
[1485630000, 865.47, 866.28, 865.47, 866.27, 5.511]
[1485626400, 864.27, 866.28, 864.99, 865.98, 21.40569276]
[1485622800, 864.19, 866.42, 865.39, 865, 4.407]
[1485619200, 864.15, 866.49, 864.67, 865.52, 5.33]
[1485615600, 864, 866.56, 864.66, 864.75, 19.45]
[1485612000, 860, 868.01, 868.01, 865.11, 35.66084833]
[1485608400, 866.02, 869, 867.47, 867.88, 20.48192037]
[1485604800, 865, 868.86, 865.32, 868.86, 20.04]
[1485601200, 865, 867.9, 865.32, 865.4, 9.78679444]
[1485597600, 865.06, 868.21, 867.78, 865.32, 13.06]
[1485594000, 867, 868.86, 867.21, 867.05, 6.63360597]
[1485590400, 864.99, 868.59, 866.08, 868.49, 16.8686]
[1485586800, 864.89, 866.92, 865.54, 865.51, 1.4379]
[1485583200, 864.91, 866.99, 865.1, 865.59, 5.9865]
[1485579600, 865.15, 866.58, 866.58, 865.15, 0.18]
[1485576000, 864.54, 866.47, 865.55, 865.87, 2.63]
[1485572400, 864.75, 865.75, 865.75, 864.75, 0.22]
[1485568800, 864.07, 866.26, 865.64, 866.26, 1.41]
[1485565200, 864.19, 867, 864.33, 864.19, 3.090414]
[1485561600, 862.25, 864.67, 864.45, 864.66, 12.137]
[1485558000, 863.01, 864.79, 863.55, 863.93, 14.04281282]
[1485554400, 863, 865.41, 864.21, 863.64, 11.36]
[1485550800, 861.04, 866, 865.99, 864.03, 25.48422236]
[1485547200, 861.77, 865.87, 861.77, 865.87, 13.96]
[1485543600, 862.31, 864.08, 863.69, 863.99, 12.9087176]
[1485540000, 863.17, 866.97, 866.65, 864.64, 17.4361]
[1485536400, 862.69, 866.64, 865, 866.64, 27.95]
[1485532800, 862.5, 865, 863.48, 865, 16.62]
[1485529200, 860, 863.5, 861.27, 863.48, 15.9864]
[1485525600, 859.64, 863.5, 862.93, 861.34, 39.9895]
[1485522000, 861.34, 862.89, 862.5, 861.84, 11.27]
[1485518400, 861.14, 862.53, 861.46, 862.52, 15.07747691]
[1485514800, 860.66, 862, 860.79, 860.66, 20.69]
[1485511200, 860.26, 862.86, 860.6, 861.75, 29.7102871]
[1485507600, 860.29, 861.71, 861.64, 860.6, 18.02818603]
[1485504000, 860.5, 864, 862.45, 861.67, 23.351764]
[1485500400, 859.31, 862.45, 859.36, 862.45, 14.42752103]
[1485496800, 857.72, 859.6, 857.74, 859.36, 4.80209068]
[1485493200, 857.73, 858.38, 858.31, 857.74, 1.08]
[1485489600, 857.05, 859.9, 859.9, 858.15, 5.26]
[1485486000, 859.66, 860.94, 860.63, 859.9, 4.61]
[1485482400, 859.75, 863.98, 863.23, 860.74, 1.22800934]
[1485478800, 859.8, 864, 860.03, 863.97, 8.564]
[1485475200, 859.85, 860.82, 859.99, 860.82, 2.7216]
[1485471600, 858.85, 861.78, 858.85, 859.99, 6.698]
[1485468000, 856.45, 860.44, 859.18, 859.61, 32.9817158]
[1485464400, 857.06, 860.04, 859.27, 859.11, 11.20683]
[1485460800, 857.44, 861.59, 859.73, 859.52, 18.12]
[1485457200, 854.78, 860.59, 856.45, 859.22, 64.11967224]
[1485453600, 855.67, 860.49, 860.3, 856.69, 36.5874813]
[1485450000, 856.23, 861.67, 861.5, 860.48, 34.59854248]
[1485446400, 857.98, 862.5, 859, 861.66, 29.69729114]
