[1508486400, 4810, 4830.74, 4822.72, 4817, 63.97126703]
[1508482800, 4810, 4826.01, 4810.25, 4822.75, 65.56682332]
[1508479200, 4810.2, 4844.6, 4826.16, 4810.99, 43.8746481]
[1508475600, 4816.47, 4834.99, 4830.63, 4826.15, 18.3715304]
[1508472000, 4825.84, 4836, 4836, 4831.48, 4.56640733]
[1508468400, 4820.01, 4836, 4820.01, 4836, 3.29556747]
[1508464800, 4820, 4843.54, 4823.55, 4820.01, 6.00936185]
[1508461200, 4810, 4839.99, 4839.45, 4823.57, 9.48204003]
[1508457600, 4822.36, 4840, 4822.37, 4840, 4.93817513]
[1508454000, 4820.04, 4845.02, 4837.5, 4822.37, 21.12746706]
[1508450400, 4822, 4845.13, 4836.99, 4841.99, 25.4043908]
[1508446800, 4832, 4840, 4836.1, 4835.48, 39.66209034]
[1508443200, 4794.48, 4836.1, 4802.87, 4836.1, 58.73082381]
[1508439600, 4793.7, 4832, 4830.45, 4802.83, 51.19176788]
[1508436000, 4815, 4832, 4829.76, 4830.44, 37.26996663]
[1508432400, 4809.35, 4832, 4829.98, 4829.76, 50.46348984]
[1508428800, 4788.92, 4838, 4788.93, 4829.99, 89.88328435]
[1508425200, 4786.01, 4837.2, 4837.2, 4788.93, 79.16529657]
[1508421600, 4833.88, 4851, 4850, 4837.2, 71.49130973]
[1508418000, 4826.55, 4851, 4839, 4849.99, 81.84627828]
[1508414400, 4818, 4839, 4832.17, 4839, 65.07108736]
[1508410800, 4811.44, 4837, 4827, 4832.16, 70.80033833]
[1508407200, 4806.77, 4835, 4828.99, 4826.99, 80.45119362]
[1508403600, 4783.05, 4830, 4818.93, 4828.99, 123.99313275]
[1508400000, 4765.25, 4825, 4797.87, 4818.93, 111.29124862]
[1508396400, 4730.01, 4798.5, 4748.6, 4797.89, 74.50386394]
[1508392800, 4730.01, 4795.81, 4795.81, 4748.59, 46.21286474]
[1508389200, 4790, 4799, 4791.48, 4795.81, 32.25418337]
[1508385600, 4782.26, 4791.49, 4785, 4791.49, 11.19960105]
[1508382000, 4760.01, 4788.75, 4760.01, 4786.57, 14.61410771]
[1508378400, 4760.03, 4791.47, 4777.35, 4760.03, 61.87454432]
[1508374800, 4733, 4792, 4733, 4777.37, 23.02321189]
[1508371200, 4730.01, 4777.53, 4775.96, 4731.11, 15.98215477]
[1508367600, 4743.67, 4795, 4789.99, 4775.96, 68.80944388]
[1508364000, 4711.59, 4791.5, 4712, 4790, 71.6531992]
[1508360400, 4700, 4758.1, 4735.01, 4712, 119.37427618]
[1508356800, 4639, 4739.98, 4640.12, 4739.98, 103.01450012]
[1508353200, 4634.84, 4657.92, 4635.88, 4640.12, 66.70280605]
[1508349600, 4621.9, 4679.5, 4634.65, 4635.88, 62.4519577]
[1508346000, 4612.94, 4679.5, 4614.95, 4634.66, 113.17984631]
[1508342400, 4600, 4699.47, 4609.99, 4614.95, 277.62739962]
[1508338800, 4450.04, 4610, 4461.96, 4609.99, 194.13560553]
[1508335200, 4351, 4485, 4429.6, 4464.55, 368.17428809]
[1508331600, 4411.78, 4560.01, 4558.78, 4430, 178.00155528]
[1508328000, 4540.77, 4598.36, 4574.07, 4558.78, 94.01974842]
[1508324400, 4510, 4591.31, 4591.31, 4568.63, 169.76317655]
[1508320800, 4554.4, 4650, 4647, 4591.31, 126.65562866]
[1508317200, 4615.2, 4671.24, 4616.04, 4638.75, 127.75824528]
[1508313600, 4479.24, 4626.57, 4556.07, 4617.83, 276.35192075]
[1508310000, 4544.98, 4636.98, 4588.75, 4557.53, 158.94090239]
[1508306400, 4572.9, 4744.02, 4743.99, 4588.75, 230.24228747]
[1508302800, 4738.89, 4768.73, 4752.04, 4744, 29.81227421]
[1508299200, 4719.82, 4773.32, 4721.99, 4755.66, 32.39302071]
[1508295600, 4710.8, 4725.91, 4725.91, 4722, 13.85845985]
[1508292000, 4716.56, 4740.13, 4740.13, 4727.69, 26.96301187]
[1508288400, 4735.01, 4757.2, 4755.26, 4740.13, 30.37045696]
[1508284800, 4755.01, 4805.44, 4800.46, 4755.26, 48.10925223]
[1508281200, 4790, 4809, 4792.01, 4800.5, 11.51086086]
[1508277600, 4790.01, 4806.45, 4795.02, 4792.01, 25.54384047]
[1508274000, 4789.99, 4813.96, 4797.58, 4795.02, 41.3478423]
[1508270400, 4790, 4830.76, 4829.11, 4797.58, 50.68472339]
[1508266800, 4813.13, 4831, 4831, 4829.11, 47.44961453]
[1508263200, 4810.16, 4833.38, 4814.41, 4830.99, 48.70682938]
[1508259600, 4784.4, 4823.98, 4793, 4810.12, 67.54397658]
[1508256000, 4772, 4810, 4800.53, 4791.08, 61.86021232]
[1508252400, 4775.05, 4810, 4793.06, 4800.53, 65.07384027]
[1508248800, 4785.01, 4831, 4809.04, 4795.65, 114.48563884]
[1508245200, 4784.99, 4820, 4785, 4810, 107.7165789]
[1508241600, 4752.5, 4791.59, 4791.59, 4785, 168.28064685]
[1508238000, 4778.44, 4858.35, 4853.94, 4791.51, 158.14710205]
[1508234400, 4852.78, 4872.91, 4865, 4853.95, 85.81980217]
[1508230800, 4851, 4865, 4859.99, 4865, 57.35325517]
[1508227200, 4833.99, 4860.15, 4834, 4860, 63.75553455]
[1508223600, 4830, 4860.14, 4857.75, 4834, 99.90115065]
[1508220000, 4827.16, 4861.16, 4829.81, 4856.5, 73.99039443]
[1508216400, 4824.99, 4862.11, 4862.11, 4829.81, 33.83243874]
[1508212800, 4828.98, 4873, 4828.99, 4856.02, 8.74616807]
[1508209200, 4824.99, 4839.61, 4825, 4828.99, 9.4959842]
[1508205600, 4810, 4855.58, 4810.01, 4825, 12.81245408]
[1508202000, 4810, 4894.25, 4894.24, 4810, 39.27482283]
[1508198400, 4885.98, 4898, 4885.99, 4894.24, 29.15006411]
[1508194800, 4863.74, 4888, 4866.83, 4885.99, 58.57491973]
[1508191200, 4848.5, 4866.84, 4854.26, 4866.83, 16.81311174]
[1508187600, 4840.56, 4857.68, 4840.57, 4854.21, 44.85819933]
[1508184000, 4840, 4874.43, 4850.01, 4840.59, 75.94836481]
[1508180400, 4830.09, 4852.82, 4845.47, 4850.01, 73.62191614]
[1508176800, 4825.79, 4847.99, 4843.13, 4845.47, 69.39655629]
[1508173200, 4811.78, 4855.55, 4813.99, 4843.12, 116.77104308]
[1508169600, 4804.48, 4829.9, 4828.2, 4813.99, 66.70658784]
[1508166000, 4819.34, 4850.54, 4850.54, 4828.2, 92.48099058]
[1508162400, 4836.43, 4860, 4840.09, 4850.95, 59.44674058]
[1508158800, 4839.51, 4865, 4862.23, 4840, 93.58433788]
[1508155200, 4861.22, 4880, 4879.99, 4862.24, 116.51320183]
[1508151600, 4827.62, 4880, 4832.99, 4880, 101.34835251]
[1508148000, 4790.6, 4849.99, 4796.53, 4833.42, 129.65852878]
[1508144400, 4770, 4800, 4792.65, 4796.48, 80.03754952]
[1508140800, 4776, 4795, 4790.19, 4792.69, 59.72859227]
[1508137200, 4760, 4811.93, 4799, 4792.04, 102.42915136]
[1508133600, 4754.43, 4800, 4777.68, 4799, 62.78965456]
[1508130000, 4702.33, 4792.73, 4717.75, 4777.67, 56.60754329]
[1508126400, 4702.33, 4752, 4752, 4714.51, 11.13535119]
[1508122800, 4752, 4788.58, 4788.57, 4752.01, 10.61617559]
[1508119200, 4769.35, 4802.41, 4771.87, 4786.89, 22.71552942]
[1508115600, 4765.09, 4805.81, 4805.81, 4771.83, 7.06083569]
[1508112000, 4773.3, 4809.65, 4791.59, 4805.81, 8.3729553]
[1508108400, 4770.06, 4823.5, 4800, 4791.59, 26.25748262]
[1508104800, 4702.33, 4800, 4704.97, 4800, 66.65826752]
[1508101200, 4665.13, 4704.99, 4673.26, 4704.98, 53.87214436]
[1508097600, 4650.99, 4696.58, 4688.66, 4670.39, 52.76368401]
[1508094000, 4683.02, 4697.67, 4685.21, 4689.14, 37.93753355]
[1508090400, 4661.99, 4688, 4677.9, 4682.94, 50.65638649]
[1508086800, 4663.82, 4710.01, 4689.33, 4677.52, 66.36244849]
[1508083200, 4650.3, 4716.95, 4700, 4689.29, 54.57455677]
[1508079600, 4700.01, 4749, 4703.74, 4700.02, 55.03679834]
[1508076000, 4684.37, 4725.54, 4722.65, 4703.74, 44.75993928]
[1508072400, 4655.85, 4738.56, 4655.86, 4722.65, 84.32588668]
[1508068800, 4607.81, 4699.99, 4623.65, 4655.85, 205.78695739]
[1508065200, 4620.9, 4733, 4729.69, 4626.05, 128.97210955]
[1508061600, 4709, 4736.03, 4735.59, 4729.69, 84.81267668]
[1508058000, 4653.57, 4754.16, 4743.89, 4735.34, 187.35871019]
[1508054400, 4728.22, 4869.37, 4869.37, 4742.46, 219.55235214]
[1508050800, 4856.35, 4885.5, 4856.66, 4869.36, 44.46215883]
[1508047200, 4852.23, 4862.74, 4859.08, 4856.61, 13.76431408]
[1508043600, 4850, 4859.07, 4850.01, 4859.05, 11.8945877]
[1508040000, 4850, 4884.48, 4865.69, 4850.01, 9.77257985]
[1508036400, 4861.81, 4905.05, 4900.01, 4861.81, 6.38780205]
[1508032800, 4900, 4908.99, 4902.92, 4900.01, 17.00325204]
[1508029200, 4867.9, 4903, 4888.2, 4902.92, 17.66524403]
[1508025600, 4880, 4903, 4899, 4888.2, 21.89410545]
[1508022000, 4849.06, 4912.25, 4849.07, 4899, 103.80236357]
[1508018400, 4840.37, 4850, 4840.47, 4849.06, 22.40866375]
[1508014800, 4823.99, 4840.48, 4823.99, 4840.48, 24.1070219]
[1508011200, 4820, 4828.55, 4825.21, 4823.99, 31.6338662]
[1508007600, 4810.74, 4843.48, 4838.99, 4825.21, 32.74999986]
[1508004000, 4816.6, 4850, 4848.25, 4838.99, 62.10564322]
[1508000400, 4831.8, 4853.41, 4852.02, 4848.26, 33.45687327]
[1507996800, 4827.99, 4860, 4827.99, 4851.93, 50.67072706]
[1507993200, 4824, 4856.99, 4842, 4828.88, 90.14589065]
[1507989600, 4824.54, 4842, 4829.99, 4842, 41.04949227]
[1507986000, 4816.6, 4830, 4816.61, 4829.99, 29.74679627]
[1507982400, 4801, 4825.22, 4801.01, 4816.89, 62.00414461]
[1507978800, 4781, 4833.03, 4781, 4801.11, 118.01983798]
[1507975200, 4728.27, 4781, 4746.49, 4781, 65.46816303]
[1507971600, 4727.65, 4763.16, 4763.16, 4746.82, 47.08441136]
[1507968000, 4744, 4775.99, 4764.91, 4766.46, 42.13911924]
[1507964400, 4726.04, 4769.96, 4727.86, 4763.03, 44.18023755]
[1507960800, 4701.01, 4731.45, 4728.03, 4727.88, 33.03296935]
[1507957200, 4702.04, 4744.94, 4743, 4728.03, 29.73266007]
[1507953600, 4728.59, 4780, 4778.8, 4743, 17.52616729]
[1507950000, 4755.5, 4779.99, 4776.76, 4778.23, 21.54136762]
[1507946400, 4755.5, 4780.42, 4755.92, 4776.76, 28.83142063]
[1507942800, 4729.69, 4760.71, 4746.53, 4755.91, 14.6316654]
[1507939200, 4743.27, 4780, 4773.42, 4746.54, 14.2755927]
[1507935600, 4742.99, 4774, 4743, 4774, 26.99153874]
[1507932000, 4702.29, 4745.82, 4745.82, 4743, 52.48728649]
[1507928400, 4729.08, 4774, 4774, 4745.82, 83.64761584]
[1507924800, 4659.55, 4774, 4664.91, 4773.99, 98.08200773]
[1507921200, 4623.99, 4810.01, 4810, 4659.43, 295.34442912]
[1507917600, 4802, 4850, 4847.99, 4812.96, 101.2554139]
[1507914000, 4801, 4858, 4804.06, 4847.99, 179.75546897]
[1507910400, 4790.08, 4844.89, 4840.88, 4806.99, 107.45642584]
[1507906800, 4821.98, 4850, 4843.08, 4840.91, 92.5789847]
[1507903200, 4775.12, 4858, 4775.12, 4843.08, 194.63911458]
[1507899600, 4672.79, 4775.09, 4672.79, 4775.09, 171.82961509]
[1507896000, 4651, 4788.59, 4778.28, 4672.8, 195.7998937]
[1507892400, 4730, 4786.25, 4784.27, 4779, 125.94885106]
[1507888800, 4760, 4848.89, 4848.38, 4784.26, 160.27189852]
[1507885200, 4773, 4850.96, 4773.18, 4845.59, 215.82642545]
[1507881600, 4749.58, 4864.22, 4777.3, 4773.29, 273.11356353]
[1507878000, 4646.68, 4790.99, 4664.27, 4777.01, 195.57733535]
[1507874400, 4505, 4728.67, 4626.42, 4666.92, 359.92375006]
[1507870800, 4600, 4856.5, 4839.67, 4626.55, 287.71603289]
[1507867200, 4820, 4899.72, 4828.77, 4839.67, 121.45493139]
[1507863600, 4730, 4846.84, 4800.18, 4831.32, 146.63147411]
[1507860000, 4650, 4950, 4650, 4800.18, 213.95583145]
[1507856400, 4463, 4650, 4560, 4650, 87.85573028]
[1507852800, 4541.17, 4600, 4570, 4560, 57.30943365]
[1507849200, 4490.24, 4570, 4492.7, 4570, 66.7170875]
[1507845600, 4475.01, 4504.5, 4475.02, 4492.7, 36.13703539]
[1507842000, 4473.2, 4506.74, 4484.27, 4475.01, 88.94437459]
[1507838400, 4479.24, 4506.9, 4482.01, 4484.27, 86.84041943]
[1507834800, 4460.01, 4498, 4478.08, 4482.01, 89.61975517]
[1507831200, 4375, 4479.81, 4444.99, 4478.08, 185.31231132]
[1507827600, 4415.34, 4547.08, 4523.07, 4444.99, 260.8089373]
[1507824000, 4463, 4550, 4470.96, 4523.07, 297.68941304]
[1507820400, 4374.51, 4498, 4374.51, 4471, 207.00155397]
[1507816800, 4353, 4377.47, 4353.02, 4374.47, 79.16286203]
[1507813200, 4350.02, 4377.51, 4365.59, 4353.02, 113.46493028]
[1507809600, 4342.9, 4386, 4344.27, 4365.74, 126.5218809]
[1507806000, 4292.28, 4398.99, 4359.79, 4344.27, 276.47456587]
[1507802400, 4285.54, 4360, 4334.35, 4358.72, 164.469347]
[1507798800, 4262.08, 4344, 4290.39, 4335.41, 222.52746674]
[1507795200, 4190, 4362.39, 4199.83, 4290.4, 530.18390672]
[1507791600, 4137.95, 4199.83, 4139, 4199.83, 125.93870422]
[1507788000, 4117.13, 4139, 4117.14, 4139, 66.69769388]
[1507784400, 4099.98, 4117.14, 4099.99, 4117.14, 22.83646148]
[1507780800, 4097.98, 4099.99, 4097.99, 4099.98, 5.37686962]
[1507777200, 4097.46, 4097.99, 4097.53, 4097.99, 8.46046786]
[1507773600, 4096.82, 4099.83, 4097.98, 4097.53, 8.29422456]
[1507770000, 4095.92, 4100, 4095.93, 4099.98, 4.55979159]
[1507766400, 4082.12, 4099.5, 4087.09, 4096.17, 5.15910538]
