[1493366400, 1228.86, 1241.5, 1241.23, 1229.96, 53.13593624]
[1493362800, 1222.3, 1247.32, 1232.59, 1241.4, 93.87039865]
[1493359200, 1232.2, 1246.99, 1246.67, 1233.5, 47.11870146]
[1493355600, 1241.45, 1247.8, 1247.71, 1242.33, 15.49458348]
[1493352000, 1241, 1249.01, 1248.99, 1247.7, 21.56506355]
[1493348400, 1246.21, 1258.33, 1254.97, 1246.21, 60.91849348]
[1493344800, 1237.09, 1259.99, 1240.69, 1254.97, 65.18524167]
[1493341200, 1227.52, 1241.63, 1228.05, 1241.49, 65.62335889]
[1493337600, 1228.43, 1238.5, 1235.73, 1229.43, 21.32428121]
[1493334000, 1232.17, 1244.76, 1236.71, 1238.12, 25.91497486]
[1493330400, 1232.52, 1242.57, 1234.77, 1242.57, 69.45209061]
[1493326800, 1228.41, 1244.33, 1236.42, 1232.07, 60.83899364]
[1493323200, 1223.71, 1239.99, 1225, 1238.04, 107.16113449]
[1493319600, 1219.5, 1225, 1219.83, 1225, 36.00700722]
[1493316000, 1219.83, 1225.17, 1224.88, 1220.46, 40.67095342]
[1493312400, 1222.75, 1226.06, 1226.06, 1225.24, 44.1861242]
[1493308800, 1221.9, 1229.9, 1225.86, 1226.06, 57.92262842]
[1493305200, 1216.01, 1234.31, 1222.9, 1226.79, 89.72862064]
[1493301600, 1214.28, 1227, 1214.35, 1222.9, 57.80759131]
[1493298000, 1196.61, 1216.02, 1199.53, 1214.78, 67.15799291]
[1493294400, 1195.01, 1202.99, 1202.99, 1199.52, 40.07318843]
[1493290800, 1192, 1203.97, 1199.8, 1202.99, 58.90392669]
[1493287200, 1193.8, 1206.1, 1206.08, 1199.8, 57.39946696]
[1493283600, 1196.53, 1207.3, 1204.72, 1206.1, 40.54152429]
[1493280000, 1194.54, 1211.6, 1201.98, 1204.71, 90.3969162]
[1493276400, 1185.12, 1207.41, 1200, 1205, 92.53529897]
[1493272800, 1197.5, 1201.56, 1198.99, 1200, 30.81404915]
[1493269200, 1193.36, 1199, 1194.58, 1197.39, 12.17854749]
[1493265600, 1190.19, 1196.12, 1190.36, 1194.97, 8.65473979]
[1493262000, 1188.61, 1190.98, 1188.61, 1190.36, 0.45]
[1493258400, 1183.77, 1189.97, 1184.42, 1188.95, 11.35317229]
[1493254800, 1179.49, 1184.66, 1182.01, 1184.53, 12.63149266]
[1493251200, 1180.67, 1189.8, 1189.8, 1183.28, 22.4981176]
[1493247600, 1188.51, 1198.52, 1197.33, 1188.69, 13.3047562]
[1493244000, 1189.51, 1199, 1189.54, 1197.33, 12.4186718]
[1493240400, 1183.49, 1190.54, 1186.13, 1189.53, 38.79884402]
[1493236800, 1181.05, 1194.17, 1192.99, 1185.74, 40.54935234]
[1493233200, 1191.35, 1201.54, 1197.12, 1192.99, 40.33341657]
[1493229600, 1195.64, 1206.39, 1206.36, 1197.22, 68.07866731]
[1493226000, 1202.73, 1207.58, 1207.14, 1206.36, 43.326]
[1493222400, 1197.29, 1211.16, 1200, 1207.12, 77.68310792]
[1493218800, 1193.83, 1205, 1195, 1200, 60.70640222]
[1493215200, 1189.46, 1195, 1190.97, 1194.99, 50.32796506]
[1493211600, 1188.08, 1191.84, 1188.99, 1189.37, 32.10759828]
[1493208000, 1183, 1189, 1184.22, 1188.91, 61.0819193]
[1493204400, 1183, 1186.27, 1183, 1184.29, 25.37824337]
[1493200800, 1180.2, 1183.43, 1181.12, 1183.01, 27.01380856]
[1493197200, 1180.85, 1187.93, 1183.16, 1182.02, 54.27412388]
[1493193600, 1180, 1187.98, 1184.38, 1183.14, 49.47572991]
[1493190000, 1179.05, 1184.4, 1179.06, 1182.3, 39.8718202]
[1493186400, 1174.67, 1181.52, 1174.68, 1179.08, 30.42076873]
[1493182800, 1173.14, 1176.45, 1175.39, 1175.87, 26.95483018]
[1493179200, 1172.73, 1175.63, 1173.57, 1175.49, 7.95519193]
[1493175600, 1172.63, 1173.64, 1173.64, 1173.59, 3.25170175]
[1493172000, 1173.64, 1176.66, 1176.66, 1173.7, 2.893544]
[1493168400, 1176.38, 1177.8, 1176.99, 1176.86, 2.58628179]
[1493164800, 1172.95, 1178.77, 1174.22, 1176.98, 17.51999479]
[1493161200, 1172.62, 1175, 1174.12, 1174.28, 9.02212511]
[1493157600, 1172.3, 1174.23, 1172.97, 1174.11, 11.03]
[1493154000, 1172.18, 1178.99, 1176, 1172.22, 56.15396937]
[1493150400, 1173.4, 1178.97, 1174.3, 1175.61, 41.86137451]
[1493146800, 1172.53, 1174.87, 1172.53, 1174.87, 27.59080197]
[1493143200, 1170.8, 1174.2, 1174.19, 1172.26, 19.88146039]
[1493139600, 1172, 1174.24, 1173.75, 1174.2, 33.1663453]
[1493136000, 1164.25, 1173.99, 1165.38, 1173.56, 59.62907677]
[1493132400, 1164.2, 1165.39, 1165.38, 1165.3, 32.97082763]
[1493128800, 1164.53, 1169.69, 1168.3, 1165.39, 40.3737549]
[1493125200, 1165.01, 1174.24, 1170.56, 1168.3, 43.42786871]
[1493121600, 1170, 1173.4, 1172.96, 1170.49, 55.30022922]
[1493118000, 1167.39, 1173, 1167.39, 1172.96, 71.09234393]
[1493114400, 1162.56, 1169.1, 1163.39, 1168.92, 47.50087668]
[1493110800, 1161.46, 1163.39, 1163.39, 1163.39, 54.00994933]
[1493107200, 1162.71, 1163.39, 1163.18, 1163.38, 22.25733982]
[1493103600, 1161.47, 1163.37, 1162.38, 1163.19, 26.27008561]
[1493100000, 1160.03, 1163.37, 1163.37, 1163.37, 26.68748955]
[1493096400, 1162.55, 1163.39, 1163.38, 1163.37, 10.65659062]
[1493092800, 1161.12, 1164.56, 1161.12, 1163.39, 5.52998527]
[1493089200, 1160.09, 1161.34, 1160.09, 1161.12, 4.44]
[1493085600, 1160.06, 1160.39, 1160.39, 1160.1, 1.9]
[1493082000, 1160, 1160.42, 1160.2, 1160.41, 6.68161715]
[1493078400, 1160.01, 1164.71, 1164.71, 1160.2, 5.77014476]
[1493074800, 1163.54, 1165, 1164.74, 1163.82, 13.55953549]
[1493071200, 1160.71, 1165, 1164.98, 1164.75, 12.09]
[1493067600, 1163.73, 1165, 1164.64, 1164.98, 15.97]
[1493064000, 1163.57, 1165, 1164.85, 1164.64, 14.03496613]
[1493060400, 1161.96, 1165, 1162.99, 1164.85, 25.72705047]
[1493056800, 1158.69, 1163, 1158.69, 1163, 24.09267543]
[1493053200, 1155.16, 1158.71, 1157.1, 1158.7, 29.40304983]
[1493049600, 1154.7, 1157.86, 1155.51, 1156.61, 22.92954871]
[1493046000, 1155, 1156.27, 1156.25, 1155.52, 20.81315745]
[1493042400, 1153.74, 1157.79, 1153.74, 1156.25, 34.04338529]
[1493038800, 1152.13, 1155.2, 1152.79, 1155.2, 30.89462712]
[1493035200, 1150.18, 1157.34, 1152.63, 1151.67, 102.72352683]
[1493031600, 1150.44, 1157.46, 1151.45, 1152.64, 38.57517167]
[1493028000, 1149.28, 1155.69, 1150.08, 1151.45, 23.64827752]
[1493024400, 1148.07, 1155.1, 1151.32, 1150.91, 46.42064844]
[1493020800, 1150.8, 1155.46, 1154.76, 1153.3, 42.97795155]
[1493017200, 1154.77, 1155.69, 1155.68, 1154.78, 43.08224479]
[1493013600, 1154.84, 1155.69, 1155, 1155.68, 24.85]
[1493010000, 1154.86, 1155.68, 1155.68, 1155.06, 4.56]
[1493006400, 1155.11, 1155.72, 1155.71, 1155.67, 2.68]
[1493002800, 1154.22, 1156.87, 1154.22, 1156.87, 2.39]
[1492999200, 1153.55, 1154.25, 1154.21, 1154.22, 0.27]
[1492995600, 1151.76, 1154.25, 1152.6, 1154.24, 3.26]
[1492992000, 1152, 1157.03, 1155.05, 1152.6, 20.74331955]
[1492988400, 1153.59, 1157.33, 1154.77, 1155.06, 13.83031557]
[1492984800, 1152.01, 1157.58, 1154.69, 1153.54, 21.47138066]
[1492981200, 1152.08, 1157.86, 1155.82, 1155.29, 82.97187623]
[1492977600, 1151.82, 1157.57, 1156.68, 1155.99, 86.22344291]
[1492974000, 1153.64, 1161.75, 1161.73, 1155.83, 101.6057399]
[1492970400, 1157.09, 1162.21, 1157.09, 1161.73, 16.69183475]
[1492966800, 1157.32, 1164, 1162.74, 1157.36, 24.11161258]
[1492963200, 1160.95, 1163, 1160.99, 1161.71, 14.03075196]
[1492959600, 1160.08, 1161, 1160.85, 1160.95, 10.63325663]
[1492956000, 1158.01, 1161, 1159.62, 1160.76, 21.60535148]
[1492952400, 1159.1, 1160.66, 1160, 1159.63, 30.52797017]
[1492948800, 1159.21, 1160.02, 1159.6, 1160.01, 12.34858541]
[1492945200, 1156.89, 1160.01, 1159.49, 1159.94, 11.2860294]
[1492941600, 1158.15, 1160, 1160, 1158.47, 12.15204518]
[1492938000, 1158.2, 1160, 1158.5, 1160, 10.85172173]
[1492934400, 1158.27, 1160, 1159.19, 1159.09, 12.73465922]
[1492930800, 1157.53, 1159.98, 1157.53, 1159.97, 3.97462257]
[1492927200, 1151.2, 1157.84, 1151.2, 1157.51, 6.37092467]
[1492923600, 1150.89, 1152.62, 1151.61, 1152.14, 4.84]
[1492920000, 1151.3, 1151.92, 1151.49, 1151.92, 1.44]
[1492916400, 1151.3, 1152.88, 1152.88, 1151.31, 0.73007792]
[1492912800, 1153.82, 1155.43, 1154.23, 1154.82, 1.15]
[1492909200, 1151.3, 1156.58, 1156.19, 1154.29, 7.48305147]
[1492905600, 1156.05, 1159.18, 1158.22, 1156.37, 2.69355218]
[1492902000, 1158.38, 1160.46, 1159.15, 1158.39, 3.08870656]
[1492898400, 1158.07, 1160.43, 1159.99, 1160.16, 3.89438772]
[1492894800, 1159.04, 1160, 1159.91, 1160, 8.46545922]
[1492891200, 1156.13, 1160, 1159.42, 1159.38, 25.14202713]
[1492887600, 1157.89, 1160, 1157.89, 1159.99, 13.23915487]
[1492884000, 1156, 1159.24, 1156.41, 1157.9, 8.99226561]
[1492880400, 1150, 1160, 1158.99, 1156.41, 25.23829327]
[1492876800, 1151.52, 1159.99, 1151.52, 1157.59, 22.94555433]
[1492873200, 1147.51, 1153.55, 1148.27, 1151.56, 21.3733841]
[1492869600, 1147.23, 1149.48, 1147.62, 1148.27, 33.10802876]
[1492866000, 1147.61, 1157.83, 1154.96, 1147.62, 50.04619786]
[1492862400, 1154.96, 1160.5, 1160.01, 1154.96, 39.96213418]
[1492858800, 1160, 1160.1, 1160.09, 1160.01, 23.13887748]
[1492855200, 1160, 1162.08, 1161.79, 1160.09, 22.0768708]
[1492851600, 1160.99, 1163.86, 1162.38, 1161.78, 22.07852423]
[1492848000, 1162, 1164.12, 1163.66, 1162.3, 11.60727227]
[1492844400, 1162.02, 1164.02, 1162.02, 1163.66, 9.80602861]
[1492840800, 1161.69, 1162.67, 1161.81, 1162.03, 9.19003354]
[1492837200, 1160.34, 1162.05, 1160.88, 1162.05, 5.94]
[1492833600, 1160.22, 1162, 1162, 1160.99, 4.81172766]
[1492830000, 1161.69, 1163.39, 1163.38, 1161.96, 3.09872243]
[1492826400, 1162.98, 1164.3, 1164.04, 1163.23, 3.052]
[1492822800, 1162.52, 1163.47, 1163.37, 1162.56, 4.35]
[1492819200, 1160.22, 1163.77, 1161.45, 1161.95, 2.40281613]
[1492815600, 1160, 1163.79, 1160.25, 1163.79, 12.80423925]
[1492812000, 1160.26, 1160.34, 1160.29, 1160.26, 4.88977266]
[1492808400, 1160.2, 1164.34, 1164.34, 1160.29, 11.82218917]
[1492804800, 1163.7, 1164.8, 1164.8, 1164.37, 14.42598814]
[1492801200, 1164.11, 1165.22, 1165.01, 1164.8, 32.16676399]
[1492797600, 1164, 1166.48, 1166.48, 1165.02, 31.54261017]
[1492794000, 1165.25, 1166.49, 1165.63, 1166.48, 22.76]
[1492790400, 1164.09, 1165.99, 1164.91, 1165.63, 40.74208325]
[1492786800, 1163.2, 1167.89, 1167.89, 1164.51, 38.76556402]
[1492783200, 1163.56, 1172.44, 1167.73, 1167.52, 75.57957577]
[1492779600, 1164.52, 1170, 1165.8, 1166.2, 65.10859059]
[1492776000, 1162.45, 1171.93, 1170.97, 1167.11, 46.52667215]
[1492772400, 1166.85, 1171.34, 1169.99, 1171, 45.08337297]
[1492768800, 1166.55, 1172.43, 1167.6, 1170, 50.66566197]
[1492765200, 1162.51, 1168.52, 1162.51, 1166.75, 42.30105118]
[1492761600, 1155.41, 1163.2, 1160, 1163, 44.933298]
[1492758000, 1156.42, 1161.01, 1156.42, 1160, 24.65419635]
[1492754400, 1154.95, 1156.5, 1155.92, 1156.5, 12.66583403]
[1492750800, 1154.84, 1156.5, 1155.18, 1156.28, 8.32233093]
[1492747200, 1154.48, 1155.18, 1155.16, 1155.08, 3.52013889]
[1492743600, 1154.68, 1155.17, 1154.68, 1155.01, 0.82141831]
[1492740000, 1153.22, 1154.5, 1153.22, 1154.48, 3.41060352]
[1492736400, 1151.99, 1153.23, 1152.92, 1153.23, 5.9]
[1492732800, 1150.93, 1153.04, 1150.94, 1152.98, 4.99012236]
[1492729200, 1150.93, 1150.94, 1150.94, 1150.94, 2.26126693]
[1492725600, 1148.25, 1152.99, 1150.01, 1150.94, 13.27450475]
[1492722000, 1150, 1156, 1155.97, 1150, 16.60432782]
[1492718400, 1147.18, 1157.12, 1149.57, 1155.05, 41.05625678]
[1492714800, 1148.08, 1156.23, 1152.69, 1149.58, 47.0394321]
[1492711200, 1150, 1157.48, 1152.27, 1152.69, 27.68156831]
[1492707600, 1146.65, 1160.92, 1156.68, 1153.78, 51.91573787]
[1492704000, 1147.61, 1161.83, 1147.65, 1156.69, 87.46584173]
[1492700400, 1143.99, 1152, 1143.99, 1147.84, 47.54563094]
[1492696800, 1140.58, 1145, 1140.58, 1143.99, 28.28815933]
[1492693200, 1140, 1141.83, 1141.81, 1141.42, 32.9907471]
[1492689600, 1140, 1143.56, 1142.98, 1141.83, 36.53089081]
[1492686000, 1142.73, 1147.06, 1144.03, 1143.01, 33.63981978]
[1492682400, 1138.39, 1151.49, 1138.39, 1144, 128.82934421]
[1492678800, 1131.95, 1142.8, 1142.8, 1138.37, 31.52814353]
[1492675200, 1136.59, 1150.94, 1136.59, 1142.8, 57.24889537]
[1492671600, 1136.05, 1138, 1137.99, 1137.08, 22.82927394]
[1492668000, 1134.15, 1138, 1135.5, 1138, 32.53430746]
[1492664400, 1130.1, 1138.6, 1131.23, 1135.31, 29.15092136]
[1492660800, 1130.23, 1136.45, 1131.8, 1131.74, 13.25113026]
[1492657200, 1130.22, 1133.77, 1133.77, 1130.7, 2.33857992]
[1492653600, 1132.38, 1133.8, 1132.72, 1132.66, 0.77]
[1492650000, 1132.01, 1136.83, 1136.65, 1133.73, 5.37454]
[1492646400, 1132, 1138.2, 1132, 1136.68, 25.06041628]
