[1492646400, 1132, 1138.2, 1132, 1136.68, 25.06041628]
[1492642800, 1129.34, 1132, 1129.36, 1132, 6.01275496]
[1492639200, 1126.43, 1131.04, 1128.01, 1130.18, 14.12]
[1492635600, 1125.02, 1131.45, 1128.1, 1128.02, 20.05390946]
[1492632000, 1126.59, 1131.81, 1129.99, 1127.93, 23.10572148]
[1492628400, 1127.72, 1130.94, 1129.78, 1129.95, 14.14642759]
[1492624800, 1125, 1130.94, 1130.47, 1130.56, 31.36062921]
[1492621200, 1127.21, 1130.55, 1128.74, 1127.21, 36.10545225]
[1492617600, 1127.46, 1129.03, 1128.01, 1129, 20.75125269]
[1492614000, 1126.7, 1129.77, 1128.13, 1128.02, 37.25302389]
[1492610400, 1126.7, 1130, 1127.51, 1128.13, 38.2615064]
[1492606800, 1121.2, 1128.78, 1127.65, 1127.53, 30.88934426]
[1492603200, 1121.04, 1130, 1125.54, 1127.71, 67.38823976]
[1492599600, 1121.65, 1129.81, 1123.56, 1126.19, 46.36320562]
[1492596000, 1120.7, 1127.55, 1124.73, 1123.56, 26.75963308]
[1492592400, 1119.58, 1126.31, 1119.97, 1125.61, 53.561877]
[1492588800, 1118.74, 1124.41, 1121.22, 1122.53, 48.12150588]
[1492585200, 1116.21, 1123.1, 1122.42, 1121.46, 49.93045824]
[1492581600, 1120.4, 1126.28, 1124.58, 1122.6, 49.72868948]
[1492578000, 1123.5, 1129.66, 1126.24, 1125.88, 11.64723117]
[1492574400, 1125.55, 1127.96, 1125.89, 1125.98, 4.37]
[1492570800, 1124.45, 1127, 1127, 1126.16, 6.63999494]
[1492567200, 1125.2, 1127, 1125.9, 1127, 3.19]
[1492563600, 1123.42, 1127, 1124.11, 1126.2, 3.6028108]
[1492560000, 1124.1, 1125.5, 1124.75, 1124.14, 5.12745784]
[1492556400, 1124.13, 1126.99, 1125.52, 1124.75, 8.97]
[1492552800, 1120.05, 1126.37, 1124.79, 1125.82, 6.07326961]
[1492549200, 1120.01, 1128.49, 1125.68, 1124.71, 28.54148344]
[1492545600, 1125, 1128.42, 1128, 1127.14, 27.98192449]
[1492542000, 1125.07, 1129.99, 1129.08, 1128, 31.36049802]
[1492538400, 1125.3, 1130.99, 1128.18, 1129.05, 33.31]
[1492534800, 1125.1, 1131.35, 1128.73, 1128.25, 26.49838974]
[1492531200, 1126.38, 1130.56, 1129.01, 1128.75, 39.74687338]
[1492527600, 1126, 1132.47, 1129.88, 1129.01, 35.94273843]
[1492524000, 1126.08, 1131.53, 1129.25, 1129.88, 41.121585]
[1492520400, 1127.62, 1134.87, 1132.6, 1129.32, 40.73652722]
[1492516800, 1131.57, 1137.11, 1133.33, 1132.59, 43.97752126]
[1492513200, 1131.77, 1134.99, 1132.08, 1133.33, 45.60781822]
[1492509600, 1129.18, 1134.22, 1132.72, 1132.02, 71.84967951]
[1492506000, 1131.93, 1134.38, 1132.91, 1132.73, 48.57369826]
[1492502400, 1130.66, 1134.79, 1132.93, 1132.91, 35.64635666]
[1492498800, 1127.79, 1133.96, 1129.56, 1132.98, 11.92611861]
[1492495200, 1124.2, 1129.88, 1124.2, 1129.88, 12.1566202]
[1492491600, 1123.87, 1125.07, 1125, 1124.17, 12.163489]
[1492488000, 1121.48, 1125, 1121.48, 1125, 7.20549189]
[1492484400, 1119.99, 1121.49, 1119.99, 1121.48, 0.77]
[1492480800, 1119.2, 1120, 1119.99, 1120, 3.3173]
[1492477200, 1119.19, 1120.5, 1120.43, 1119.23, 1.19]
[1492473600, 1119.47, 1121.5, 1120.2, 1120.46, 2.7974]
[1492470000, 1119.33, 1121.49, 1121.46, 1120.89, 13.15023115]
[1492466400, 1119.34, 1122.18, 1119.56, 1121.47, 7.23344242]
[1492462800, 1119.3, 1127.87, 1123.76, 1120.86, 25.94906943]
[1492459200, 1122.45, 1125, 1123.99, 1124.5, 14.53314772]
[1492455600, 1120.93, 1124.9, 1124.9, 1124, 9.43804845]
[1492452000, 1115, 1125, 1117.96, 1124.9, 17.20866733]
[1492448400, 1115.18, 1119.17, 1119.15, 1117.29, 15.52056237]
[1492444800, 1116.17, 1120.71, 1119.99, 1119.16, 10.37518486]
[1492441200, 1111.01, 1120.35, 1111.01, 1119.98, 24.68492908]
[1492437600, 1110, 1112.18, 1111.01, 1111.02, 12.05870042]
[1492434000, 1108.2, 1118.44, 1113.53, 1112.06, 25.90040305]
[1492430400, 1109.83, 1114, 1112.19, 1113.1, 18.8381982]
[1492426800, 1111.12, 1115.15, 1111.59, 1111.39, 15.12474611]
[1492423200, 1111.59, 1116, 1113.92, 1113.21, 6.45238906]
[1492419600, 1111.01, 1115.18, 1112.72, 1111.55, 16.91158452]
[1492416000, 1112.2, 1113.82, 1113.81, 1112.8, 9.35538921]
[1492412400, 1112.14, 1116.66, 1113.09, 1113.81, 19.3978982]
[1492408800, 1112.99, 1115.32, 1113.27, 1113.33, 7.46601414]
[1492405200, 1110, 1114.91, 1114.91, 1113.98, 20.48312689]
[1492401600, 1114, 1116.68, 1116.18, 1114, 11.14203229]
[1492398000, 1115.67, 1116.55, 1115.67, 1116.25, 0.79672039]
[1492394400, 1114, 1116.41, 1115.09, 1116.41, 2.99375521]
[1492390800, 1115, 1116.69, 1116.12, 1115.37, 2.6398896]
[1492387200, 1115.54, 1118.63, 1115.66, 1116.69, 4.85614559]
[1492383600, 1114.73, 1116.73, 1116.23, 1115.95, 2.49]
[1492380000, 1116.09, 1120.49, 1119.48, 1118.09, 5.15403147]
[1492376400, 1116.82, 1120.5, 1117.4, 1118.82, 16.05205751]
[1492372800, 1116.59, 1120, 1119.94, 1117.48, 7.049]
[1492369200, 1117.48, 1119.99, 1117.99, 1119.92, 6.96]
[1492365600, 1116.02, 1118.18, 1116.02, 1117.99, 8.609]
[1492362000, 1114.8, 1120.45, 1117.31, 1118.08, 14.4]
[1492358400, 1115.75, 1120.46, 1116.34, 1119.63, 15.78265706]
[1492354800, 1111.21, 1117.35, 1114.55, 1116.69, 17.52095974]
[1492351200, 1112, 1119.15, 1116.81, 1113.08, 19.86805076]
[1492347600, 1111.54, 1116.86, 1114.11, 1116.81, 10.67265124]
[1492344000, 1112.77, 1118.49, 1117.3, 1112.77, 6.20734951]
[1492340400, 1116.02, 1123.39, 1117.31, 1120.64, 9.77137438]
[1492336800, 1110.8, 1119.54, 1114.82, 1117.78, 10.34071421]
[1492333200, 1112.04, 1119.55, 1115.99, 1112.71, 23.42716116]
[1492329600, 1114.71, 1118.6, 1118.6, 1115.64, 3.50739163]
[1492326000, 1112.1, 1121.17, 1117.92, 1118.61, 8.168383]
[1492322400, 1110.75, 1117.93, 1112.43, 1117.92, 14.27322857]
[1492318800, 1110, 1115.97, 1111.85, 1110, 4.07]
[1492315200, 1106.9, 1114.26, 1111.34, 1113.96, 3.18]
[1492311600, 1110.48, 1113.84, 1110.5, 1111.28, 3.30725336]
[1492308000, 1107.15, 1113.23, 1109.97, 1109.95, 3.089219]
[1492304400, 1108.2, 1111.29, 1110.53, 1108.2, 5.33044267]
[1492300800, 1108.2, 1110.65, 1108.23, 1110.53, 3.04070728]
[1492297200, 1069.38, 1151.65, 1151.65, 1108.21, 10.23146518]
[1492282800, 1117.76, 1118.12, 1118.12, 1118.11, 0.1655]
[1492279200, 1114.81, 1121.78, 1121.06, 1117.81, 11.87110765]
[1492275600, 1121.07, 1124.86, 1124.21, 1121.67, 3.75123517]
[1492272000, 1121.79, 1124.48, 1121.79, 1124.25, 7.55485214]
[1492268400, 1118.6, 1122.76, 1119, 1121.8, 14.73086827]
[1492264800, 1114.02, 1119.01, 1114.12, 1118.22, 6.95751408]
[1492261200, 1112.96, 1114.78, 1112.96, 1114.12, 10.712552]
[1492257600, 1110.11, 1113.2, 1110.58, 1112.97, 9.96159897]
[1492254000, 1109.88, 1113.94, 1112.88, 1110.62, 12.17522122]
[1492250400, 1111.15, 1114, 1111.67, 1112.86, 10.71682194]
[1492246800, 1105.02, 1112.02, 1109.42, 1111.67, 7.69569448]
[1492243200, 1105.02, 1112.46, 1112.04, 1109.66, 12.64580188]
[1492239600, 1109.75, 1113.56, 1109.89, 1112.57, 7.26418461]
[1492236000, 1108.87, 1111.53, 1111.53, 1109.46, 2.22484336]
[1492232400, 1105.19, 1114.91, 1112.78, 1111.04, 20.43731481]
[1492228800, 1110.53, 1112.99, 1111.89, 1112.99, 3.596]
[1492225200, 1109.92, 1112.35, 1110.78, 1111.82, 2.4646605]
[1492221600, 1110.64, 1112.42, 1112.02, 1111.01, 3.36751221]
[1492218000, 1110.29, 1112.41, 1110.29, 1112.39, 0.66]
[1492214400, 1109.94, 1111.47, 1110.22, 1110.36, 2.32]
[1492210800, 1109.92, 1113.9, 1112.83, 1110.3, 5.92138316]
[1492207200, 1110.86, 1114.08, 1110.93, 1111.11, 3.610177]
[1492203600, 1110.17, 1116.68, 1114.37, 1110.89, 7.126372]
[1492200000, 1107.7, 1114.89, 1112.96, 1114.71, 11.7507977]
[1492196400, 1105.64, 1119.15, 1118.16, 1112.96, 19.27086474]
[1492192800, 1115.73, 1123.94, 1120.83, 1115.73, 25.29178927]
[1492189200, 1116.35, 1122.25, 1120.9, 1120.88, 16.47059334]
[1492185600, 1116.3, 1123.54, 1120.27, 1116.3, 16.72168546]
[1492182000, 1116.92, 1124.98, 1119.66, 1121.36, 9.92522306]
[1492178400, 1113.41, 1125, 1113.86, 1118.46, 32.21160143]
[1492174800, 1106.38, 1114.09, 1107.47, 1113.86, 10.67]
[1492171200, 1103.43, 1107.77, 1107.72, 1107.47, 15.94713]
[1492167600, 1103, 1108.76, 1107.65, 1107.72, 10.2335006]
[1492164000, 1099.99, 1108.8, 1100, 1107.49, 25.43610523]
[1492160400, 1094.07, 1115.83, 1115.83, 1099.99, 32.46758703]
[1492156800, 1107.21, 1123.3, 1120.02, 1115.84, 31.36005523]
[1492153200, 1118.18, 1127, 1126.87, 1119.58, 23.74915762]
[1492149600, 1119.42, 1126.98, 1120, 1126.98, 20.68467345]
[1492146000, 1112.61, 1119.93, 1114.6, 1119.93, 5.85593774]
[1492142400, 1110.12, 1115.55, 1110.12, 1114.56, 10.68540426]
[1492138800, 1109.95, 1110.13, 1109.99, 1110, 1.67]
[1492135200, 1109.89, 1110.01, 1109.93, 1109.99, 2.2866021]
[1492131600, 1108.68, 1109.87, 1108.68, 1109.85, 1.40956181]
[1492128000, 1108.3, 1109.98, 1109.16, 1108.71, 2.57742919]
[1492124400, 1105.8, 1109.17, 1106, 1108.47, 12.97176492]
[1492120800, 1104, 1106, 1104.87, 1106, 5.51152023]
[1492117200, 1100.01, 1105, 1102.87, 1104.88, 20.40474935]
[1492113600, 1096.63, 1103.91, 1101.55, 1102.54, 23.18455184]
[1492110000, 1095.09, 1105.99, 1095.5, 1101.56, 45.00464666]
[1492106400, 1082.44, 1096.44, 1089.18, 1095.94, 42.85641115]
[1492102800, 1080.17, 1101.36, 1101.36, 1089.32, 79.3838137]
[1492099200, 1098.73, 1110.07, 1105.93, 1101.5, 34.85]
[1492095600, 1092.62, 1115, 1103.68, 1105.19, 61.65086838]
[1492092000, 1101.53, 1125.77, 1125.77, 1103.49, 51.44598023]
[1492088400, 1120, 1133.22, 1131.12, 1125.77, 31.92367]
[1492084800, 1127.98, 1133.63, 1130, 1131.03, 27.85607315]
[1492081200, 1124.35, 1130, 1124.99, 1130, 18.03126786]
[1492077600, 1116.27, 1125, 1118.92, 1124.99, 44.54411013]
[1492074000, 1115.27, 1124.94, 1121.9, 1116.75, 27.73780228]
[1492070400, 1116, 1126.88, 1124.39, 1122.14, 37.9846289]
[1492066800, 1109.88, 1123.13, 1109.88, 1123.13, 47.16418534]
[1492063200, 1076.3, 1140.63, 1140.58, 1112.44, 129.82167429]
[1492059600, 1139.95, 1142.03, 1141.84, 1140.55, 8.11]
[1492056000, 1139.21, 1142.05, 1140.02, 1141.86, 4.49409328]
[1492052400, 1140, 1143.16, 1142.99, 1140, 24.56569983]
[1492048800, 1142.98, 1143, 1142.99, 1143, 1.28]
[1492045200, 1142.57, 1143, 1142.98, 1143, 1.98]
[1492041600, 1142.05, 1143.64, 1142.07, 1142.99, 1.48313526]
[1492038000, 1142, 1143.09, 1142.04, 1143.09, 4.38565061]
[1492034400, 1140.01, 1143.22, 1142.34, 1142.71, 24.92716311]
[1492030800, 1140, 1147.01, 1147.01, 1142.34, 24.87036094]
[1492027200, 1145.15, 1149.98, 1147.94, 1147, 29.33198149]
[1492023600, 1147, 1153, 1152.37, 1147.95, 41.47227825]
[1492020000, 1151.04, 1152.38, 1151.04, 1152.38, 13.03335142]
[1492016400, 1149.29, 1151.28, 1149.3, 1151.1, 33.28536396]
[1492012800, 1147, 1151.51, 1150.49, 1149.3, 31.10488787]
[1492009200, 1148, 1152.5, 1151.38, 1150.5, 38.98311631]
[1492005600, 1148.1, 1152.99, 1151, 1151.39, 24.29173072]
[1492002000, 1147, 1152, 1148.68, 1150.16, 32.26113666]
[1491998400, 1148.6, 1155, 1153.71, 1148.71, 21.64554209]
[1491994800, 1149.23, 1154.99, 1151.99, 1153.67, 54.00326365]
[1491991200, 1148.11, 1152, 1151.98, 1152, 38.38270168]
[1491987600, 1145.39, 1156.48, 1155.94, 1152.34, 40.62865815]
[1491984000, 1143.5, 1156.45, 1145.86, 1155.97, 101.08601508]
[1491980400, 1145, 1150.01, 1150.01, 1145.87, 32.11784144]
[1491976800, 1150, 1150.02, 1150.02, 1150, 28.41612853]
[1491973200, 1150.02, 1153.37, 1152.92, 1150.17, 11.42659467]
[1491969600, 1153.69, 1156.48, 1156.48, 1153.69, 4.082004]
[1491966000, 1156.47, 1157.5, 1156.64, 1156.47, 5.13]
[1491962400, 1156.64, 1157.51, 1157.5, 1156.64, 1.39258713]
[1491958800, 1157.5, 1157.61, 1157.61, 1157.5, 2.49]
[1491955200, 1157.5, 1157.64, 1157.57, 1157.61, 7.55441589]
[1491951600, 1157.52, 1159.63, 1158.09, 1157.6, 8.596213]
[1491948000, 1157.5, 1160.19, 1157.52, 1157.55, 13.06741136]
[1491944400, 1154.91, 1159.19, 1155.83, 1157.63, 26.36033691]
[1491940800, 1153.15, 1156.87, 1155.01, 1155.88, 13.60988217]
[1491937200, 1152.81, 1158.25, 1158.25, 1154.64, 33.0139836]
[1491933600, 1156.21, 1160.71, 1159.39, 1158.25, 30.31449977]
[1491930000, 1153, 1160, 1159.15, 1159.45, 37.03322971]
[1491926400, 1149.99, 1159.17, 1150, 1159.17, 39.1757]
