[1514246400, 12210, 12399, 12306.01, 12290.5, 47.36648568]
[1514242800, 12301, 12450, 12309.08, 12306.01, 62.97180295]
[1514239200, 12205, 12324.72, 12255.57, 12310, 77.76914438]
[1514235600, 12200, 12399, 12265.94, 12255.57, 83.98388125]
[1514232000, 12250.87, 12488.96, 12488.96, 12266.98, 89.13895006]
[1514228400, 12410, 12512, 12446.5, 12488.96, 59.41626592]
[1514224800, 12389.87, 12590.01, 12392.09, 12446.5, 71.46407041]
[1514221200, 12364, 12580, 12450.36, 12392.22, 135.52621927]
[1514217600, 12330, 12600, 12384.22, 12450.36, 100.53497272]
[1514214000, 12114.36, 12501.03, 12209.29, 12383.82, 138.72434094]
[1514210400, 12150, 12514.2, 12364.53, 12209.98, 241.58499204]
[1514206800, 12250, 13055.01, 13055.01, 12364.52, 299.8459949]
[1514203200, 12752.1, 13114.99, 12776.31, 13055.01, 206.24962689]
[1514199600, 12585.93, 12850, 12620.82, 12776.31, 130.00323335]
[1514196000, 12373.82, 12671.77, 12373.83, 12620.82, 111.22295729]
[1514192400, 12373.82, 12850, 12680, 12373.83, 193.30672985]
[1514188800, 12337.16, 12686.59, 12412.11, 12678.41, 79.20028518]
[1514185200, 12211.01, 12462.28, 12211.01, 12412.02, 49.95375158]
[1514181600, 12149.99, 12344.64, 12150, 12211.01, 37.01121239]
[1514178000, 12100.1, 12377.84, 12377.83, 12150, 21.67418212]
[1514174400, 12000.01, 12482.09, 12010.01, 12377.83, 41.96162204]
[1514170800, 12010, 12264.99, 12156.66, 12010.01, 58.08268154]
[1514167200, 12100, 12318.1, 12300, 12156.66, 68.69823142]
[1514163600, 12300, 12665, 12649.98, 12300, 110.51827912]
[1514160000, 12250, 12650, 12525.66, 12649.99, 147.26611841]
[1514156400, 12121, 12681.94, 12170.27, 12507.68, 228.3503368]
[1514152800, 11883.86, 12228, 11941.63, 12170.27, 132.88855318]
[1514149200, 11866.18, 12087.53, 12086.01, 11941.62, 113.38364873]
[1514145600, 11597.87, 12130.11, 11597.88, 12086.01, 140.49043186]
[1514142000, 11310, 11750, 11737.6, 11597.88, 167.21669064]
[1514138400, 11655.55, 11933.12, 11869.12, 11737.6, 149.27444317]
[1514134800, 11869.11, 12091.01, 12003.15, 11869.12, 93.60597102]
[1514131200, 11819.97, 12130.11, 11819.97, 12003.15, 141.5119802]
[1514127600, 11700, 12299, 12291.54, 11819.98, 230.56140648]
[1514124000, 11900, 12348.97, 12124, 12291.53, 199.98979536]
[1514120400, 11599.99, 12371, 11600, 12124, 412.98856028]
[1514116800, 11121, 11975.9, 11815.23, 11600, 432.68747433]
[1514113200, 11207.81, 12100.61, 12088, 11815.23, 506.35221524]
[1514109600, 11800, 12399.96, 12375.63, 12088, 422.74131572]
[1514106000, 12300, 12927.99, 12927.99, 12375.64, 198.16878525]
[1514102400, 12541.17, 13000, 12611.87, 12927.98, 145.34407709]
[1514098800, 12528.64, 13179, 12974.19, 12611.87, 169.47488401]
[1514095200, 12416.03, 12991.93, 12617.03, 12974.73, 163.72502752]
[1514091600, 11999.9, 12694.31, 12054.36, 12617.33, 128.22344003]
[1514088000, 11900, 12451.33, 12309, 12055.18, 163.78727402]
[1514084400, 12235.01, 12660, 12264.07, 12309.01, 264.87319427]
[1514080800, 12265.68, 12710.82, 12708.45, 12265.68, 204.01816874]
[1514077200, 12526.27, 13128.9, 13099, 12700, 183.07252381]
[1514073600, 12850, 13249, 13247.61, 13099, 288.77566769]
[1514070000, 12801.03, 13650, 13553.48, 13247.66, 384.32165584]
[1514066400, 13409, 13839, 13816.58, 13553.47, 143.78042794]
[1514062800, 13677.09, 13867.98, 13677.09, 13816.61, 125.30369738]
[1514059200, 13386.91, 13867.98, 13474.18, 13677.08, 202.1825801]
[1514055600, 13331, 13780, 13767.5, 13474.18, 207.21180317]
[1514052000, 13733.02, 13915.57, 13849, 13767.5, 130.0845615]
[1514048400, 13700, 13995, 13994.92, 13849, 228.58716953]
[1514044800, 13655.09, 13995, 13859.38, 13994.92, 305.15112363]
[1514041200, 13651, 14465.33, 14290.09, 13859.09, 613.62523407]
[1514037600, 13690, 14300, 13700, 14290.08, 419.44139474]
[1514034000, 13600.01, 13821.64, 13742.88, 13700, 248.49715064]
[1514030400, 13531.97, 13893.87, 13893.83, 13742.88, 360.64825525]
[1514026800, 13450, 13900.41, 13486.5, 13893.87, 438.55074605]
[1514023200, 13087.52, 13486.5, 13226.04, 13486.5, 271.40007325]
[1514019600, 12938.44, 13349.9, 13220.05, 13226.25, 385.93231064]
[1514016000, 13063.48, 13500, 13063.49, 13220.05, 389.53581709]
[1514012400, 12620, 13199.99, 12730.36, 13063.63, 278.6261651]
[1514008800, 12317.05, 12773.77, 12718.66, 12729.46, 113.62028921]
[1514005200, 12500, 13171.84, 12999.53, 12755.65, 120.55594259]
[1514001600, 12863.2, 13000, 13000, 12999.54, 68.35348206]
[1513998000, 12547.28, 13000, 12607.07, 13000, 87.95457084]
[1513994400, 12299.96, 12700, 12299.96, 12607.07, 118.09225423]
[1513990800, 12150.03, 12587.45, 12587.44, 12299.96, 216.53311002]
[1513987200, 12439.35, 13200, 12702.35, 12587.45, 349.12923554]
[1513983600, 12118.02, 13555, 13550, 12703.79, 771.92884192]
[1513980000, 12772.53, 13562, 12786.39, 13549.99, 685.52469833]
[1513976400, 12452.89, 12900, 12882.14, 12785.68, 610.88485261]
[1513972800, 11811.78, 12900, 11898.85, 12900, 781.58400972]
[1513969200, 11572.41, 12200, 11899.99, 11898.85, 717.84848955]
[1513965600, 10850, 11949, 11477.68, 11900, 760.65161465]
[1513962000, 10825, 11650, 10995.91, 11467.12, 506.213207]
[1513958400, 10506, 11700, 11447.6, 10995.91, 621.43915195]
[1513954800, 9800, 11898.23, 10177.41, 11447.6, 1874.29597211]
[1513951200, 8610, 10590.48, 10192.9, 10177.41, 3035.87046895]
[1513947600, 10120, 11800, 11750.38, 10192.48, 1360.62949479]
[1513944000, 11600, 11999.99, 11945.65, 11750.66, 395.37507045]
[1513940400, 11520, 12467.56, 12467.56, 11945.68, 662.92524837]
[1513936800, 11662.79, 13000, 11800, 12467.56, 1180.70466728]
[1513933200, 10850, 11800, 10999.99, 11800, 1113.94329791]
[1513929600, 10711, 11450, 11258.32, 10998.22, 1157.46313569]
[1513926000, 8500, 11848, 10201.01, 11258.32, 2681.00437432]
[1513922400, 10201, 12095.44, 11602.77, 10201, 820.7049019]
[1513918800, 11405.06, 12550, 12549.96, 11614.95, 369.42113797]
[1513915200, 11750.01, 13182.97, 12206.77, 12549.96, 458.81190121]
[1513911600, 11330, 12822.25, 12171.6, 12206.78, 765.8893687]
[1513908000, 11807.84, 12834.09, 12652.6, 12172.23, 493.69687926]
[1513904400, 12520, 13100, 12951.98, 12652.18, 292.30022782]
[1513900800, 12950, 13599.63, 13440.61, 12963.14, 145.65212893]
[1513897200, 13210, 13443.99, 13346.4, 13443.99, 166.25349101]
[1513893600, 13200, 13749, 13390.27, 13346.4, 358.39657282]
[1513890000, 12822.16, 13490, 12879.99, 13390.84, 337.29374879]
[1513886400, 12800, 13078.66, 12868.76, 12879.41, 282.56441576]
[1513882800, 12660, 12969.47, 12888.04, 12868.76, 435.79546855]
[1513879200, 12660, 13100, 12930, 12880.08, 475.09023106]
[1513875600, 12644.6, 13443.56, 13407.44, 12929.99, 608.77390113]
[1513872000, 13060.01, 13823.54, 13229.97, 13412.72, 603.40858747]
[1513868400, 13150, 13951.02, 13900.18, 13229.97, 813.05226881]
[1513864800, 13888, 14300, 14042.89, 13900.3, 240.43536585]
[1513861200, 14000, 14323.61, 14311.52, 14045.18, 245.69541953]
[1513857600, 14154, 14429, 14374.16, 14311.52, 133.2109845]
[1513854000, 14182.39, 14497, 14484, 14374.16, 158.20457523]
[1513850400, 14380, 14710, 14625.43, 14484, 178.95189362]
[1513846800, 14312.22, 14771.29, 14406.99, 14628.19, 184.33410086]
[1513843200, 14379, 14890, 14887.53, 14406.99, 191.45104161]
[1513839600, 14500, 15056.27, 14810, 14887.53, 254.23379499]
[1513836000, 14167.04, 14810, 14370.79, 14810, 165.45367172]
[1513832400, 14307.1, 14445, 14444.02, 14334.62, 63.65575566]
[1513828800, 14369.94, 14486.86, 14399, 14444.02, 55.68525206]
[1513825200, 14010, 14399, 14225.02, 14398.99, 46.92019136]
[1513821600, 14216.33, 14310.12, 14216.34, 14225.01, 27.62666236]
[1513818000, 14097.12, 14268.32, 14230, 14216.34, 45.4399185]
[1513814400, 14050, 14300, 14167.86, 14230, 91.68975023]
[1513810800, 13901, 14260, 14049, 14167.86, 198.36808663]
[1513807200, 13600, 14150, 14101, 14049, 578.91609297]
[1513803600, 14065.01, 14503.14, 14503.11, 14101, 311.23199679]
[1513800000, 14325, 14577, 14399.99, 14503.1, 200.15200862]
[1513796400, 14207.06, 14450.66, 14400, 14399.99, 260.35139616]
[1513792800, 14180, 14500, 14494.95, 14400, 207.89460689]
[1513789200, 13849.13, 14618, 13859.98, 14494.95, 519.99710724]
[1513785600, 13600, 14290, 14187.86, 13860, 707.28227223]
[1513782000, 14115.44, 14700, 14670.68, 14187.61, 423.68905685]
[1513778400, 14614.41, 15060, 14800, 14670.69, 347.92458717]
[1513774800, 14700, 15488.59, 15488.59, 14799.99, 369.18784543]
[1513771200, 15120.81, 15500, 15145.97, 15488.59, 330.87963621]
[1513767600, 15030, 15290, 15289.94, 15145.98, 291.14308009]
[1513764000, 14699.77, 15490, 14750, 15289.97, 487.96467533]
[1513760400, 14275.82, 14900, 14848.99, 14750, 367.05574372]
[1513756800, 14001, 14850, 14100, 14849, 510.61069896]
[1513753200, 13636.69, 14700, 13955, 14100, 630.78223162]
[1513749600, 12630.11, 13999.99, 13826.01, 13955.01, 995.01786306]
[1513746000, 13750, 14499.99, 14425.64, 13825.4, 260.61203007]
[1513742400, 14150, 14795.96, 14510.01, 14499.47, 156.52758206]
[1513738800, 14510, 14850, 14710.06, 14534.97, 91.93171972]
[1513735200, 14006.96, 14796.76, 14006.96, 14796.76, 247.20975617]
[1513731600, 13592.98, 14750, 14750, 14006.97, 445.64045469]
[1513728000, 12899.99, 15322.91, 15322.91, 14750, 899.12347205]
[1513724400, 15100, 15350, 15167.75, 15322.91, 176.21300697]
[1513720800, 14868.72, 15351, 14868.73, 15146.25, 526.31091519]
[1513717200, 14500.99, 15350, 15299.99, 14868.73, 877.76908842]
[1513713600, 15171.42, 15595.45, 15478.93, 15300, 399.30190022]
[1513710000, 15427, 15818, 15720.08, 15478.95, 269.75437511]
[1513706400, 15620, 15740, 15661, 15720.14, 153.05776521]
[1513702800, 15650, 15750, 15730, 15661, 154.26741052]
[1513699200, 15439, 15740, 15439.39, 15730, 153.40363475]
[1513695600, 15241.99, 15553.99, 15242, 15440, 169.05571736]
[1513692000, 15205.05, 15615.44, 15615.44, 15242, 262.02532222]
[1513688400, 15420, 15789.68, 15420, 15615.44, 208.21041508]
[1513684800, 15150, 15590, 15200, 15420, 266.89660747]
[1513681200, 15000, 15798.99, 15630.14, 15195.49, 636.01841238]
[1513677600, 15500, 15970.62, 15966.73, 15634.22, 417.94882035]
[1513674000, 15900, 16119.45, 16106.9, 15966.73, 216.10691575]
[1513670400, 16070, 16121.5, 16089.96, 16106.09, 120.3396142]
[1513666800, 16050, 16120.21, 16056.99, 16089.96, 99.72428316]
[1513663200, 16055, 16144.44, 16100.54, 16056.99, 79.34053788]
[1513659600, 16090, 16199.93, 16176.01, 16100.5, 45.86214581]
[1513656000, 16090, 16241.54, 16241.54, 16174, 34.73794405]
[1513652400, 16052, 16249, 16106.02, 16241.53, 24.76600693]
[1513648800, 16042.99, 16123.97, 16062.45, 16106.02, 50.60369459]
[1513645200, 16062.44, 16191.75, 16118, 16062.45, 35.56616595]
[1513641600, 16030, 16209.5, 16184.78, 16118, 75.05159981]
[1513638000, 16000.33, 16184.79, 16027.99, 16184.79, 149.18340753]
[1513634400, 15909.22, 16087.98, 16075.67, 16028, 207.01712857]
[1513630800, 16010, 16144.25, 16044.99, 16075.72, 163.2202943]
[1513627200, 15935, 16167.05, 16098.99, 16044.99, 215.62057032]
[1513623600, 15795.45, 16099, 15795.49, 16099, 205.84362448]
[1513620000, 15755, 15948.97, 15948.97, 15795.49, 252.37961336]
[1513616400, 15870.05, 16000.01, 16000.01, 15948.97, 145.0074076]
[1513612800, 15950.83, 16197.5, 16128.31, 16000.01, 125.54782083]
[1513609200, 16074.65, 16236.34, 16146.76, 16128.32, 131.73391431]
[1513605600, 15700, 16210, 16210, 16130.36, 399.35685662]
[1513602000, 16205.35, 16365, 16325.01, 16210, 146.67335803]
[1513598400, 16318.5, 16435, 16318.51, 16325.01, 123.23980355]
[1513594800, 16164, 16320, 16276.01, 16318.5, 154.91411739]
[1513591200, 16130.03, 16279.44, 16188.01, 16276.01, 111.22068846]
[1513587600, 16085, 16260.02, 16260.02, 16188.01, 129.046121]
[1513584000, 16047.61, 16300, 16047.61, 16260.02, 131.72774999]
[1513580400, 15903, 16400, 16400, 16066.65, 114.99836405]
[1513576800, 16325.15, 16410, 16380.99, 16400, 58.98767438]
[1513573200, 16188.58, 16391.89, 16229.78, 16381, 34.54999874]
[1513569600, 16157.65, 16300, 16177.26, 16229.84, 32.15615877]
[1513566000, 15950.1, 16249.98, 15966.36, 16174.28, 68.59520714]
[1513562400, 15901, 16397.98, 16065.41, 15963.09, 91.80639894]
[1513558800, 15505.18, 16329.99, 15554.92, 16065.41, 296.41649023]
[1513555200, 15550, 16395.1, 16381.85, 15554.92, 411.24770388]
[1513551600, 16200.1, 16680, 16621.8, 16381.84, 343.63599595]
[1513548000, 16300, 16698, 16357.01, 16621.8, 207.73458674]
[1513544400, 16357, 16477.87, 16474.99, 16357.01, 124.50010942]
[1513540800, 16261.58, 16617.5, 16261.58, 16474.99, 208.23851666]
[1513537200, 16155, 16463.12, 16228.88, 16261.58, 284.69274173]
[1513533600, 16210.01, 16593.94, 16593.93, 16230, 168.78160762]
[1513530000, 16500, 16646, 16500.02, 16597.23, 130.00798033]
[1513526400, 16500, 16779.99, 16674.01, 16500.02, 173.22682676]
