[1506326400, 3191.03, 3193.39, 3193.39, 3191.03, 3.67092111]
[1506322800, 3181.62, 3199.98, 3193.94, 3193.25, 34.37605739]
[1506319200, 3181, 3197.51, 3183.21, 3194.18, 29.13991873]
[1506315600, 3181, 3200, 3187.42, 3181.12, 20.04593446]
[1506312000, 3168.9, 3197, 3168.9, 3186.2, 16.034285]
[1506308400, 3152.61, 3170.51, 3166.66, 3164.37, 7.88400424]
[1506304800, 3114.01, 3166.67, 3114.01, 3166.67, 14.59349894]
[1506301200, 3113.51, 3114.02, 3114.02, 3114.02, 1.33004804]
[1506297600, 3107.03, 3114.02, 3107.03, 3114.02, 6.37866702]
[1506294000, 3107.02, 3124.99, 3124.98, 3107.03, 8.55399793]
[1506290400, 3104.65, 3125, 3104.81, 3124.99, 16.90392288]
[1506286800, 3102.77, 3111.79, 3102.78, 3104.81, 26.17865056]
[1506283200, 3100, 3108.86, 3107.11, 3102.78, 45.76271888]
[1506279600, 3101, 3107.11, 3105.02, 3107.11, 30.77009246]
[1506276000, 3101, 3117.71, 3115.59, 3105.01, 29.32392997]
[1506272400, 3112.75, 3125.21, 3125.21, 3119, 24.56517764]
[1506268800, 3122.12, 3149.87, 3140.93, 3125.2, 37.4244022]
[1506265200, 3140.89, 3153.65, 3153.65, 3141, 30.97659856]
[1506261600, 3153.12, 3169, 3162.61, 3153.64, 18.82471156]
[1506258000, 3127.22, 3174.58, 3133.09, 3162.81, 40.64778115]
[1506254400, 3119.49, 3135.25, 3124.71, 3133.09, 21.93935443]
[1506250800, 3118.26, 3139.1, 3118.27, 3120.08, 29.92128184]
[1506247200, 3116, 3128.13, 3116.01, 3118.27, 26.05572386]
[1506243600, 3113.93, 3129, 3128.58, 3116.01, 21.27518839]
[1506240000, 3110.58, 3140, 3110.59, 3128.58, 30.98285585]
[1506236400, 3110.54, 3130.56, 3127.13, 3110.59, 34.24403349]
[1506232800, 3127.11, 3171.33, 3171.32, 3127.13, 37.26386368]
[1506229200, 3171.31, 3178.21, 3178.21, 3171.32, 25.53734558]
[1506225600, 3178.2, 3185.26, 3185.26, 3178.2, 26.25658395]
[1506222000, 3180.16, 3196.41, 3191.41, 3184.5, 14.31221713]
[1506218400, 3180.15, 3191.41, 3189.88, 3191.41, 25.12315741]
[1506214800, 3177.98, 3196.23, 3178, 3187.42, 15.26159529]
[1506211200, 3175.49, 3200, 3199.98, 3179.37, 11.56336283]
[1506207600, 3179.26, 3199.98, 3180.93, 3199.98, 8.93861602]
[1506204000, 3170.06, 3179.93, 3170.06, 3179.93, 10.00735256]
[1506200400, 3170, 3175.16, 3175.16, 3170.06, 21.25735579]
[1506196800, 3150, 3192.04, 3170.3, 3175.16, 32.39869757]
[1506193200, 3170, 3204.09, 3174.99, 3170.29, 51.25720509]
[1506189600, 3173.47, 3205, 3190.64, 3175, 31.07068191]
[1506186000, 3190.63, 3212.85, 3209.94, 3190.64, 45.00267477]
[1506182400, 3180.5, 3210, 3192.69, 3209.37, 46.32708352]
[1506178800, 3175, 3209.5, 3200.02, 3192.69, 41.90137862]
[1506175200, 3200, 3248.9, 3240.73, 3200.02, 73.52098684]
[1506171600, 3194.56, 3242.12, 3227.58, 3240.73, 83.13107853]
[1506168000, 3220.8, 3295.01, 3262, 3227.59, 94.55234004]
[1506164400, 3217.01, 3262, 3249.04, 3262, 80.51628407]
[1506160800, 3180.95, 3258.98, 3184.09, 3249, 123.85757407]
[1506157200, 3158, 3189.13, 3165.3, 3175.14, 41.82873128]
[1506153600, 3119.99, 3177.89, 3119.99, 3165.32, 67.66814118]
[1506150000, 3118, 3132, 3128.63, 3124.22, 18.2253901]
[1506146400, 3124.08, 3140, 3135.1, 3126.54, 32.0285119]
[1506142800, 3116.45, 3137.79, 3125.19, 3135.1, 15.49342826]
[1506139200, 3094.64, 3134.38, 3094.64, 3125.19, 28.75910412]
[1506135600, 3090.47, 3110.93, 3110.78, 3094.69, 3.39539174]
[1506132000, 3064.93, 3111.85, 3064.95, 3100.99, 7.09891851]
[1506128400, 3060, 3087.91, 3085.48, 3065, 14.93201452]
[1506124800, 3060.53, 3097.66, 3097.66, 3081.32, 22.24231413]
[1506121200, 3073.93, 3101.05, 3088.16, 3097.93, 29.48261666]
[1506117600, 3072.71, 3095, 3073.95, 3086.45, 76.85454404]
[1506114000, 3031.26, 3093.74, 3075, 3074.83, 93.28319982]
[1506110400, 3039.16, 3094.99, 3043.64, 3075, 116.45392872]
[1506106800, 3014.64, 3045, 3014.64, 3044.08, 75.10751177]
[1506103200, 3000, 3029.44, 3000, 3014.68, 50.49696721]
[1506099600, 2933.75, 3023.3, 3021.03, 3000.01, 106.93107682]
[1506096000, 2991, 3034.53, 2991, 3021.03, 65.13990992]
[1506092400, 2990, 3055.42, 3055.39, 2991, 127.57862589]
[1506088800, 3025.76, 3099, 3025.76, 3056.77, 104.73341023]
[1506085200, 3023.3, 3049, 3047.46, 3032.97, 69.47190449]
[1506081600, 3001, 3047.49, 3005.01, 3047.49, 72.99391294]
[1506078000, 3005, 3048, 3048, 3005, 81.93736372]
[1506074400, 3039.95, 3074.5, 3055, 3048, 83.90196285]
[1506070800, 3055, 3087.96, 3087.06, 3073.8, 55.49945459]
[1506067200, 3059.29, 3096.75, 3092.24, 3088.5, 81.71506192]
[1506063600, 3083.94, 3165.91, 3163.46, 3089.18, 64.85144002]
[1506060000, 3108.62, 3166.4, 3108.63, 3166.4, 45.63967204]
[1506056400, 3091.73, 3108.63, 3091.73, 3108.62, 36.89575866]
[1506052800, 3056.58, 3091.73, 3056.58, 3091.73, 96.89282292]
[1506049200, 3055.45, 3056.58, 3055.45, 3056.58, 40.67525896]
[1506045600, 3055.44, 3056.35, 3056.34, 3055.44, 7.6785632]
[1506042000, 3052.75, 3056.34, 3052.75, 3056.34, 32.56373196]
[1506038400, 3045.46, 3052.75, 3051.68, 3052.75, 19.73919585]
[1506034800, 3038.28, 3070.73, 3060.02, 3051.68, 30.74193397]
[1506031200, 3060, 3099.96, 3074.99, 3060.01, 53.20261927]
[1506027600, 3060.01, 3124.91, 3065.77, 3075, 118.73858001]
[1506024000, 3020, 3075.29, 3071.44, 3065.77, 154.87030488]
[1506020400, 3045.91, 3120.94, 3120.92, 3071.56, 175.96884695]
[1506016800, 3088, 3134.99, 3095.36, 3120.91, 113.36478561]
[1506013200, 3085.69, 3159.22, 3119.36, 3095.36, 210.30793813]
[1506009600, 3037.38, 3148.01, 3144.04, 3119.99, 435.21855218]
[1506006000, 3099, 3211.6, 3195.35, 3144.04, 222.45866193]
[1506002400, 3190.85, 3273.27, 3267.44, 3191.41, 132.9148266]
[1505998800, 3262.55, 3281.43, 3266.92, 3267.23, 34.31560564]
[1505995200, 3259.01, 3275.72, 3271.01, 3266.91, 35.85815016]
[1505991600, 3263.1, 3279.99, 3279.96, 3271.01, 29.09382484]
[1505988000, 3264.53, 3285.37, 3269.72, 3279.96, 31.0644983]
[1505984400, 3257.22, 3277.01, 3270.1, 3270.79, 71.57551283]
[1505980800, 3264.01, 3306.32, 3300.06, 3270.1, 63.36063769]
[1505977200, 3282.15, 3309.91, 3282.54, 3300.06, 61.48003269]
[1505973600, 3275, 3294.81, 3286.35, 3282.92, 43.82681908]
[1505970000, 3268.91, 3291.28, 3276.73, 3286.45, 43.87993117]
[1505966400, 3240, 3282.44, 3250.02, 3276.74, 28.01658449]
[1505962800, 3250.02, 3280.15, 3280.15, 3250.02, 13.33533912]
[1505959200, 3276.03, 3290.68, 3279.04, 3280.15, 13.35983076]
[1505955600, 3239.11, 3275.28, 3256.35, 3254.84, 7.13644806]
[1505952000, 3235.45, 3307.74, 3288.79, 3246.32, 80.03172766]
[1505948400, 3288.78, 3338.49, 3332.24, 3290.74, 46.3446836]
[1505944800, 3327.73, 3343.55, 3329.93, 3331.51, 20.08829327]
[1505941200, 3329, 3354.7, 3345.15, 3329.95, 51.93817833]
[1505937600, 3331, 3352.84, 3343.8, 3350.54, 42.30142905]
[1505934000, 3327.4, 3360, 3360, 3344.1, 42.1670438]
[1505930400, 3344.16, 3360, 3344.96, 3360, 64.18951492]
[1505926800, 3341.26, 3355, 3352, 3344.97, 43.72583077]
[1505923200, 3341.21, 3352, 3344.19, 3352, 42.11031071]
[1505919600, 3340.71, 3352, 3351.98, 3347.98, 49.5481269]
[1505916000, 3325.45, 3369, 3325.46, 3351.99, 87.02385836]
[1505912400, 3293.51, 3325.46, 3300.59, 3325.46, 56.8789077]
[1505908800, 3284.05, 3316.84, 3294.33, 3299.48, 49.78551721]
[1505905200, 3275.98, 3299.24, 3290.23, 3290.7, 37.15914547]
[1505901600, 3275.92, 3295, 3294.98, 3290.24, 33.5925622]
[1505898000, 3293.42, 3308, 3306.53, 3295, 40.11485347]
[1505894400, 3291.9, 3318.63, 3314.84, 3306.53, 40.5798731]
[1505890800, 3301.57, 3321.85, 3301.57, 3314.85, 21.82171487]
[1505887200, 3260, 3301.57, 3266.09, 3301.57, 44.33886429]
[1505883600, 3220, 3266.11, 3222.6, 3266.09, 44.88413416]
[1505880000, 3217.46, 3258.68, 3258.68, 3223, 39.72354209]
[1505876400, 3258.67, 3265.24, 3265.23, 3258.68, 6.43960921]
[1505872800, 3258.67, 3282.97, 3265.01, 3265.24, 6.62811612]
[1505869200, 3265.01, 3288.72, 3285.42, 3265.01, 19.17930232]
[1505865600, 3273.78, 3285.69, 3285.69, 3285.42, 14.29656629]
[1505862000, 3289.5, 3299.99, 3289.96, 3289.5, 14.69412984]
[1505858400, 3269, 3298.67, 3283.51, 3289.96, 37.85780109]
[1505854800, 3269.58, 3314.99, 3278.77, 3284.05, 72.03781614]
[1505851200, 3254.83, 3300, 3286.62, 3278.72, 124.22925923]
[1505847600, 3280.02, 3353.33, 3347.86, 3287.14, 158.73725771]
[1505844000, 3345, 3369.43, 3365.54, 3347.86, 70.14990788]
[1505840400, 3360, 3399.97, 3360, 3366.38, 85.79305188]
[1505836800, 3350, 3367.11, 3356.19, 3360.01, 48.22690742]
[1505833200, 3334.89, 3356.19, 3348, 3356.19, 65.44096115]
[1505829600, 3330, 3359.95, 3330.43, 3348, 66.23443967]
[1505826000, 3330, 3382.29, 3381.02, 3330, 83.07084315]
[1505822400, 3357.99, 3400, 3358, 3382.34, 71.68239576]
[1505818800, 3350.75, 3385.06, 3375, 3358, 86.27828154]
[1505815200, 3334.92, 3375, 3334.92, 3375, 79.04301395]
[1505811600, 3309.15, 3344.19, 3333.99, 3335.48, 91.53858948]
[1505808000, 3280.94, 3359.91, 3283.13, 3334, 130.07100173]
[1505804400, 3264.11, 3330, 3328.36, 3283.78, 86.79451398]
[1505800800, 3274.03, 3337.03, 3280.33, 3328.22, 75.20995542]
[1505797200, 3237, 3306.07, 3289.02, 3280.33, 95.51242867]
[1505793600, 3280.02, 3361.92, 3361.8, 3291.49, 75.99923918]
[1505790000, 3332.56, 3369, 3358.04, 3364.4, 15.71892425]
[1505786400, 3313.14, 3359.51, 3335.77, 3359.4, 20.39616225]
[1505782800, 3325.01, 3395.59, 3374.99, 3349.1, 49.97493184]
[1505779200, 3370, 3456.96, 3444.18, 3372.15, 44.41519672]
[1505775600, 3413.93, 3444.32, 3429.29, 3444.26, 28.29948507]
[1505772000, 3414.98, 3458, 3433.24, 3429.29, 89.67394445]
[1505768400, 3380.41, 3438.43, 3380.41, 3433.24, 79.34491623]
[1505764800, 3370, 3393.22, 3393.22, 3380.41, 63.51311423]
[1505761200, 3367.03, 3397, 3396.69, 3394, 75.05920691]
[1505757600, 3376.41, 3403.42, 3376.41, 3396.7, 81.87446145]
[1505754000, 3330.84, 3376.41, 3376.38, 3373.88, 117.1690557]
[1505750400, 3372.32, 3412.32, 3407.38, 3376.38, 105.6269419]
[1505746800, 3334.77, 3434.38, 3384.01, 3407.78, 168.58733525]
[1505743200, 3327, 3457.99, 3445.54, 3384.99, 261.94416953]
[1505739600, 3414.62, 3467, 3415.04, 3444.37, 221.14205095]
[1505736000, 3341.98, 3450, 3343.24, 3415.05, 280.31371311]
[1505732400, 3333.01, 3350, 3336.32, 3343.24, 108.17181217]
[1505728800, 3266.73, 3336.33, 3300.02, 3336.33, 140.42173326]
[1505725200, 3291.15, 3377.31, 3353.7, 3300.03, 210.26677491]
[1505721600, 3314.26, 3364, 3346.88, 3357.27, 190.23365483]
[1505718000, 3288.03, 3429.22, 3317.35, 3346.89, 308.0893804]
[1505714400, 3227.04, 3317.65, 3251.72, 3317.65, 152.13198148]
[1505710800, 3191.05, 3257.81, 3191.05, 3251.03, 78.94093995]
[1505707200, 3190.01, 3202.59, 3200.67, 3191.03, 12.55208574]
[1505703600, 3182.58, 3205, 3205, 3204.7, 11.54346376]
[1505700000, 3165.45, 3205, 3165.45, 3205, 26.85809109]
[1505696400, 3165.45, 3197.54, 3177.48, 3165.46, 11.07943749]
[1505692800, 3142.06, 3175.01, 3142.14, 3175.01, 15.32463167]
[1505689200, 3141.17, 3166.8, 3166.49, 3141.17, 15.16784506]
[1505685600, 3154.77, 3182.45, 3154.77, 3166.28, 46.24950686]
[1505682000, 3134.03, 3172.42, 3172.42, 3153.09, 42.42063087]
[1505678400, 3166.37, 3198.28, 3182.3, 3172.42, 43.11066655]
[1505674800, 3155.39, 3188.14, 3163.19, 3183.16, 52.8595514]
[1505671200, 3130.14, 3226.99, 3192.24, 3163.19, 112.96657225]
[1505667600, 3163.68, 3209.81, 3172.53, 3190.68, 94.50597027]
[1505664000, 3135.93, 3189, 3139.97, 3172.52, 98.30027956]
[1505660400, 3102.55, 3145.57, 3104.58, 3137.93, 62.32882097]
[1505656800, 3085.18, 3120, 3097.32, 3104.58, 71.80429068]
[1505653200, 3043.41, 3099.99, 3046.5, 3097.32, 46.32098581]
[1505649600, 3020.76, 3050, 3025.14, 3046.5, 35.92648859]
[1505646000, 3008.71, 3049.99, 3028, 3027.08, 53.26998057]
[1505642400, 3013.85, 3074.57, 3036.92, 3028, 91.26684886]
[1505638800, 2972.86, 3049.92, 2984.95, 3035.15, 214.13493608]
[1505635200, 2922.58, 2987.11, 2969.69, 2984.95, 175.27741256]
[1505631600, 2966.5, 3021.86, 3000.23, 2966.92, 76.94258737]
[1505628000, 2997, 3029.66, 3022.12, 3000.21, 65.08772812]
[1505624400, 3018.01, 3056.76, 3052.04, 3022.12, 35.89438855]
[1505620800, 3018, 3071.18, 3071.18, 3048.87, 41.47887144]
[1505617200, 3063.46, 3092.97, 3092.97, 3075.83, 7.54670205]
[1505613600, 3050.17, 3099.98, 3071.54, 3092.97, 24.13507896]
[1505610000, 3056.09, 3102.84, 3101.79, 3069.73, 55.90843047]
[1505606400, 3101.01, 3138.5, 3138.5, 3101.78, 21.48706391]
