[1507046400, 3678.09, 3720, 3703, 3686.65, 68.83314994]
[1507042800, 3684.52, 3703.95, 3684.99, 3703, 79.53115475]
[1507039200, 3631, 3687.77, 3658.16, 3684.54, 108.02705163]
[1507035600, 3645, 3681.19, 3675, 3658.17, 100.35706684]
[1507032000, 3675, 3694.1, 3694.09, 3675.01, 51.56449354]
[1507028400, 3676.89, 3695.91, 3694.99, 3694, 67.99252946]
[1507024800, 3661, 3709.79, 3706.27, 3694.99, 107.55879859]
[1507021200, 3700.01, 3740.49, 3727.42, 3710.66, 104.09503698]
[1507017600, 3701.7, 3728, 3725.01, 3727.9, 107.81374935]
[1507014000, 3701.12, 3737.36, 3727.65, 3725.01, 81.61765446]
[1507010400, 3724.8, 3762.97, 3725, 3729.56, 114.97589363]
[1507006800, 3725, 3785.71, 3785.71, 3725.01, 44.44478904]
[1507003200, 3760, 3810.57, 3810.57, 3782, 38.57799754]
[1506999600, 3806.11, 3810.63, 3810.62, 3810.56, 6.48083272]
[1506996000, 3809.18, 3814.99, 3812.46, 3810.63, 14.54104194]
[1506992400, 3802, 3812.5, 3802.02, 3812.47, 9.98595516]
[1506988800, 3802, 3809.84, 3809.84, 3802.99, 7.85929821]
[1506985200, 3791.41, 3809.93, 3792.51, 3809.82, 10.66935063]
[1506981600, 3791.49, 3801.99, 3801.2, 3792.59, 23.87607591]
[1506978000, 3800.13, 3813.43, 3812.55, 3801.21, 29.17598326]
[1506974400, 3803.43, 3825, 3821.27, 3811.67, 75.50876787]
[1506970800, 3790, 3829.99, 3790.02, 3821.27, 82.0385886]
[1506967200, 3775, 3799.8, 3781, 3790.02, 36.60779389]
[1506963600, 3781, 3800, 3793.31, 3781, 52.65794852]
[1506960000, 3775.2, 3808, 3784, 3793.33, 64.54264395]
[1506956400, 3770, 3808.23, 3808.01, 3784.01, 76.52846311]
[1506952800, 3793.2, 3812.8, 3806.16, 3808.22, 96.32301308]
[1506949200, 3776.16, 3825, 3776.6, 3806.89, 113.30991108]
[1506945600, 3762.75, 3800.89, 3786.71, 3776.16, 155.53070171]
[1506942000, 3785.61, 3832, 3831.02, 3786.12, 115.78214304]
[1506938400, 3821.2, 3848, 3844.63, 3831.02, 92.69922606]
[1506934800, 3809.98, 3859, 3809.98, 3845.82, 138.75590618]
[1506931200, 3786.83, 3809.99, 3786.84, 3809.97, 78.63598213]
[1506927600, 3775.12, 3800, 3775.12, 3786.84, 95.08876457]
[1506924000, 3750.01, 3785.83, 3778.91, 3785.83, 124.54294029]
[1506920400, 3730.99, 3779, 3730.99, 3779, 44.92841892]
[1506916800, 3715.16, 3730.99, 3719.37, 3730.99, 25.85270691]
[1506913200, 3707.91, 3719.37, 3710.8, 3719.37, 4.74567258]
[1506909600, 3700.51, 3719.58, 3700.51, 3711.75, 10.72618397]
[1506906000, 3700.18, 3725, 3724.99, 3700.51, 27.00537288]
[1506902400, 3711.62, 3724.99, 3711.62, 3724.99, 26.59909617]
[1506898800, 3698.22, 3712.99, 3698.22, 3711.63, 15.81523588]
[1506895200, 3675, 3714.99, 3690, 3697.65, 65.67296282]
[1506891600, 3679.02, 3690, 3685.84, 3690, 40.21134764]
[1506888000, 3660, 3689, 3678.92, 3685.84, 47.01699935]
[1506884400, 3670.3, 3690, 3670.3, 3679.14, 35.80093345]
[1506880800, 3662.8, 3670.3, 3664, 3670.29, 20.62308982]
[1506877200, 3660.09, 3679.89, 3679.89, 3664, 24.56665791]
[1506873600, 3679.79, 3687, 3684, 3679.89, 32.98383147]
[1506870000, 3675.88, 3684, 3675.89, 3684, 27.59705076]
[1506866400, 3664.93, 3675.89, 3664.93, 3675.89, 34.90172365]
[1506862800, 3640.92, 3664.94, 3664.77, 3664.93, 46.10502289]
[1506859200, 3663.35, 3699.98, 3699.97, 3664.77, 62.37660023]
[1506855600, 3694.84, 3699.99, 3699.99, 3699.98, 18.15786127]
[1506852000, 3692.89, 3705, 3693.16, 3699.99, 28.31865782]
[1506848400, 3693.11, 3698.02, 3698.02, 3693.92, 25.95831764]
[1506844800, 3698, 3700, 3699.85, 3698.02, 18.96156972]
[1506841200, 3688.97, 3699.97, 3699.61, 3699.86, 20.01067412]
[1506837600, 3692.96, 3709.93, 3693, 3696.18, 34.73396667]
[1506834000, 3680, 3695.68, 3683.74, 3688.85, 16.29851124]
[1506830400, 3674.14, 3684.26, 3674.14, 3681.17, 3.61214464]
[1506826800, 3670.41, 3675.75, 3675.75, 3671, 7.03198783]
[1506823200, 3675.75, 3688.3, 3686.26, 3675.75, 6.81813893]
[1506819600, 3681, 3689.99, 3689.93, 3686.24, 5.65845393]
[1506816000, 3675.29, 3700, 3675.29, 3689.99, 20.75622795]
[1506812400, 3674, 3694.17, 3690.99, 3675.29, 22.33687852]
[1506808800, 3675, 3690.99, 3676.28, 3690.99, 11.87832027]
[1506805200, 3675, 3702.2, 3692.4, 3675, 26.18122423]
[1506801600, 3690.05, 3706.99, 3693.82, 3693, 59.78806605]
[1506798000, 3684, 3697.96, 3685, 3693.82, 27.24762392]
[1506794400, 3663.71, 3712.91, 3694.32, 3685, 56.97208187]
[1506790800, 3674.95, 3694.67, 3674.95, 3694.31, 45.88610724]
[1506787200, 3647, 3715, 3712.36, 3674.95, 112.86999196]
[1506783600, 3668.99, 3725, 3668.99, 3712.37, 117.97256158]
[1506780000, 3654.02, 3670, 3658, 3669, 63.99283594]
[1506776400, 3657.61, 3668.11, 3658.38, 3658.01, 48.08761642]
[1506772800, 3648.08, 3660, 3649, 3659.42, 30.39403024]
[1506769200, 3644, 3650, 3649, 3649.01, 44.97608371]
[1506765600, 3625.04, 3649, 3635, 3648.99, 38.20027648]
[1506762000, 3633.97, 3642, 3634.98, 3635.01, 41.58105487]
[1506758400, 3629.99, 3642, 3629.99, 3634.99, 55.36732193]
[1506754800, 3615, 3630, 3615, 3630, 50.25163169]
[1506751200, 3582.89, 3615, 3582.89, 3615, 37.11131761]
[1506747600, 3577.21, 3584, 3578.02, 3582.89, 15.45212574]
[1506744000, 3558.18, 3581.01, 3558.22, 3578.01, 6.27946658]
[1506740400, 3558.22, 3568.1, 3568.1, 3558.22, 5.92762804]
[1506736800, 3565.01, 3588, 3588, 3568.25, 10.11367801]
[1506733200, 3549.38, 3590, 3549.38, 3588, 12.33916504]
[1506729600, 3540, 3549.4, 3545.58, 3548.97, 14.33855907]
[1506726000, 3535.91, 3545.59, 3545.5, 3545.59, 7.3883018]
[1506722400, 3545.56, 3566.97, 3562.99, 3545.58, 29.10133438]
[1506718800, 3558.04, 3565, 3562.98, 3564.72, 27.90241779]
[1506715200, 3550.01, 3568.75, 3563.78, 3561.15, 29.8135625]
[1506711600, 3548, 3564.23, 3548.56, 3563.78, 42.60449187]
[1506708000, 3548.22, 3552.69, 3552.68, 3548.58, 40.96336119]
[1506704400, 3551, 3599.49, 3590.02, 3552.69, 53.46632841]
[1506700800, 3565.5, 3604.3, 3565.72, 3590.02, 64.28242335]
[1506697200, 3560.04, 3590, 3581.52, 3565.72, 40.63245253]
[1506693600, 3565.41, 3597.99, 3585.91, 3580.94, 45.13424082]
[1506690000, 3525, 3613.96, 3611.07, 3585.91, 73.01166286]
[1506686400, 3586.81, 3617.43, 3596.1, 3611.06, 87.40892919]
[1506682800, 3527.7, 3599, 3548.12, 3597.06, 99.87400284]
[1506679200, 3489.11, 3557.47, 3509.82, 3547.91, 86.24886315]
[1506675600, 3500, 3531.8, 3522.77, 3500, 75.04823236]
[1506672000, 3507.23, 3538.09, 3509.74, 3517.99, 70.88018874]
[1506668400, 3476.5, 3570, 3476.51, 3509.75, 94.80317583]
[1506664800, 3400.82, 3485.37, 3408.26, 3476.5, 95.08181927]
[1506661200, 3400, 3508.79, 3508.79, 3400.75, 93.93120485]
[1506657600, 3496.99, 3525.54, 3497, 3508.79, 54.73883972]
[1506654000, 3491.15, 3536.96, 3517.82, 3497, 50.89340417]
[1506650400, 3510.47, 3551.09, 3550, 3515.85, 71.85616055]
[1506646800, 3550, 3577.63, 3577.63, 3550.01, 14.25433905]
[1506643200, 3567.44, 3577.63, 3568.03, 3577.63, 13.37819641]
[1506639600, 3557.24, 3575, 3559.3, 3568.44, 10.58732137]
[1506636000, 3551.36, 3573.67, 3562.91, 3559.31, 27.62832051]
[1506632400, 3549.22, 3568.2, 3549.23, 3562.91, 38.55784444]
[1506628800, 3546.29, 3550, 3548.99, 3549.23, 26.75950104]
[1506625200, 3540, 3550, 3546.82, 3549, 30.51745472]
[1506621600, 3546.74, 3583, 3582.14, 3546.94, 63.12033931]
[1506618000, 3555.11, 3597.06, 3555.11, 3582.14, 57.6327126]
[1506614400, 3537.1, 3573.34, 3539.8, 3555.07, 67.59428725]
[1506610800, 3530.03, 3558.4, 3550.01, 3539.8, 77.73883855]
[1506607200, 3550, 3588.9, 3588.9, 3550, 83.33419865]
[1506603600, 3583, 3616.19, 3609.44, 3588.99, 68.24136445]
[1506600000, 3564.05, 3615.62, 3584.58, 3615.62, 69.17574571]
[1506596400, 3555, 3598.02, 3569.44, 3584.99, 123.12285878]
[1506592800, 3568.53, 3668, 3667.15, 3569.43, 124.85391984]
[1506589200, 3661.49, 3679.27, 3679.26, 3667.15, 68.93726861]
[1506585600, 3634.51, 3680, 3636.98, 3679.27, 124.00228212]
[1506582000, 3625.02, 3669.3, 3667.78, 3632.58, 109.97930685]
[1506578400, 3645.51, 3679.99, 3648.45, 3669, 124.73528131]
[1506574800, 3605.38, 3650, 3615.7, 3645.57, 68.6503899]
[1506571200, 3573.35, 3625, 3574.11, 3615.69, 47.03851811]
[1506567600, 3544.26, 3573.75, 3548.68, 3573.74, 15.99759102]
[1506564000, 3519, 3550.8, 3549.82, 3547.64, 31.98963185]
[1506560400, 3500, 3580.74, 3580.74, 3546.41, 69.94291418]
[1506556800, 3575.01, 3599, 3594.75, 3580.74, 17.5748444]
[1506553200, 3576.74, 3595, 3576.75, 3594.86, 36.90300781]
[1506549600, 3572.99, 3585.86, 3579.43, 3576.75, 59.94223422]
[1506546000, 3559, 3589.22, 3572.04, 3579.57, 137.0936728]
[1506542400, 3560, 3640.5, 3640.01, 3572.22, 133.53350879]
[1506538800, 3565, 3648, 3603.33, 3640.5, 251.53845289]
[1506535200, 3490, 3604.51, 3496.21, 3600.11, 263.62247666]
[1506531600, 3494.04, 3499, 3494.22, 3497.68, 58.217424]
[1506528000, 3479.62, 3495.42, 3485.2, 3494.1, 70.77642926]
[1506524400, 3480, 3495.98, 3495.98, 3484.27, 101.52946948]
[1506520800, 3466.7, 3496.99, 3467.13, 3495.97, 94.00431971]
[1506517200, 3445.31, 3489.99, 3488.96, 3467.12, 125.26903147]
[1506513600, 3477, 3500, 3482.27, 3488.98, 91.82216611]
[1506510000, 3453, 3499.95, 3453, 3482.26, 162.6015542]
[1506506400, 3381.61, 3453, 3381.62, 3453, 167.06357772]
[1506502800, 3370.94, 3384.51, 3370.94, 3381.61, 67.99137298]
[1506499200, 3363.47, 3379, 3365.59, 3370.95, 36.04673856]
[1506495600, 3362.04, 3380, 3375.6, 3365.55, 58.14682551]
[1506492000, 3349.98, 3379, 3349.99, 3375.89, 68.0952052]
[1506488400, 3336.02, 3349.99, 3336.02, 3349.99, 29.37750423]
[1506484800, 3317.89, 3340.98, 3317.89, 3336.03, 20.84967602]
[1506481200, 3300.4, 3315.99, 3300.41, 3315.99, 4.99844648]
[1506477600, 3293.38, 3300.41, 3293.98, 3300.41, 6.76559163]
[1506474000, 3293.38, 3293.98, 3293.39, 3293.98, 5.99438384]
[1506470400, 3293.38, 3299.01, 3299.01, 3293.39, 9.35048952]
[1506466800, 3300, 3315.99, 3315.99, 3300, 41.47208951]
[1506463200, 3310.21, 3326.37, 3326.37, 3315.98, 34.51423438]
[1506459600, 3317.99, 3328.69, 3317.99, 3326.37, 25.17031868]
[1506456000, 3311.19, 3328, 3327.86, 3317.98, 43.96101044]
[1506452400, 3313.22, 3331.05, 3313.23, 3327.74, 37.83433165]
[1506448800, 3306.49, 3316.32, 3315.62, 3313, 35.2071387]
[1506445200, 3305.88, 3335.18, 3334.31, 3315.63, 59.19128574]
[1506441600, 3319.98, 3353.95, 3343.49, 3334.31, 69.83333513]
[1506438000, 3340, 3363.51, 3362.94, 3343.49, 43.4086246]
[1506434400, 3340.01, 3370.69, 3350.09, 3361.92, 93.87433952]
[1506430800, 3340, 3390, 3385.99, 3350.09, 118.53817462]
[1506427200, 3374.19, 3389, 3374.2, 3385.99, 62.58751716]
[1506423600, 3348.08, 3375, 3362.01, 3374.19, 80.72916508]
[1506420000, 3338.24, 3362.47, 3346.93, 3362.08, 64.25418442]
[1506416400, 3346, 3363.78, 3358.77, 3347.1, 89.091604]
[1506412800, 3344.96, 3358.99, 3347.93, 3356.51, 46.1790074]
[1506409200, 3322.53, 3347.95, 3323.42, 3347.92, 56.03935165]
[1506405600, 3303.01, 3331.19, 3303.01, 3323.42, 49.01214017]
[1506402000, 3303, 3332.92, 3329.48, 3303, 35.97634537]
[1506398400, 3322, 3341.31, 3326.11, 3329.47, 15.6870803]
[1506394800, 3326.1, 3340.75, 3337.94, 3326.12, 6.18503427]
[1506391200, 3329.05, 3345.58, 3329.09, 3341.3, 27.66570452]
[1506387600, 3319.84, 3328.89, 3323.95, 3327.21, 1.68968901]
[1506384000, 3312.78, 3329.09, 3322.72, 3324.48, 8.94011995]
[1506380400, 3303, 3332.22, 3332.22, 3320.87, 17.64615666]
[1506376800, 3332.21, 3348.92, 3348.92, 3332.21, 32.8490702]
[1506373200, 3336.2, 3350, 3343.43, 3348.92, 55.63875679]
[1506369600, 3332.37, 3349, 3349, 3343.13, 68.50778747]
[1506366000, 3313.86, 3349, 3315.99, 3348.91, 62.1999799]
[1506362400, 3291.56, 3332.26, 3291.57, 3312.66, 79.46019819]
[1506358800, 3291.52, 3319.61, 3305.73, 3293.03, 79.79144263]
[1506355200, 3301.68, 3373.99, 3325.21, 3305.73, 203.16387838]
[1506351600, 3280.67, 3329.97, 3319.02, 3325.2, 177.33805953]
[1506348000, 3197.49, 3324.5, 3197.49, 3319.02, 221.83301518]
[1506344400, 3192, 3210, 3200, 3197.5, 64.45442971]
[1506340800, 3184.24, 3200, 3184.25, 3200, 77.03707168]
[1506337200, 3181.61, 3188.07, 3188.07, 3184.24, 43.6259051]
[1506326400, 3191.03, 3193.39, 3193.39, 3191.03, 3.67092111]
