[1495526400, 1937.06, 1970.36, 1954.96, 1959.86, 157.56656028]
[1495522800, 1942.79, 1955, 1950.65, 1954.97, 71.51606642]
[1495519200, 1940, 1979.9, 1979.9, 1950.65, 97.78603064]
[1495515600, 1951.04, 1979.9, 1967.22, 1979.9, 34.25542653]
[1495512000, 1937.65, 1980, 1937.65, 1968.7, 20.03315105]
[1495508400, 1915.16, 1950.65, 1917.78, 1940.21, 21.39270762]
[1495504800, 1839.99, 1924.07, 1915.99, 1918.54, 99.8424939]
[1495501200, 1916, 1965.76, 1929.02, 1916, 30.36662168]
[1495497600, 1884.82, 1941.13, 1884.83, 1929.02, 44.07453814]
[1495494000, 1780, 1894, 1800, 1877.12, 75.4973748]
[1495490400, 1800, 1919.49, 1919.49, 1800.02, 111.14075396]
[1495486800, 1880.04, 1947.91, 1947.91, 1921.61, 157.03968339]
[1495483200, 1930, 1989.27, 1939.19, 1947.93, 186.33706784]
[1495479600, 1935, 2035, 2021.98, 1949.39, 172.73921529]
[1495476000, 2003.56, 2036.42, 2013.5, 2021.64, 153.17388005]
[1495472400, 1999.92, 2028.76, 2002, 2013.5, 128.70776556]
[1495468800, 1995.07, 2600, 1995.07, 2002, 499.97088967]
[1495465200, 1970.66, 1995.08, 1975.19, 1995.07, 154.6059241]
[1495461600, 1936.85, 1976.09, 1937.63, 1974.11, 251.72862555]
[1495458000, 1924.46, 1938.89, 1936.74, 1937.63, 258.9618643]
[1495454400, 1923.44, 1944.77, 1938, 1936.86, 278.42698372]
[1495450800, 1900, 1957.9, 1912.69, 1938, 269.46128942]
[1495447200, 1882, 1925.41, 1888, 1912.76, 392.40074728]
[1495443600, 1866.46, 1933.09, 1926.93, 1888, 262.5530892]
[1495440000, 1912.57, 1951.85, 1949.34, 1926.93, 142.04612754]
[1495436400, 1922.35, 1954.64, 1927.24, 1949.57, 169.12566829]
[1495432800, 1907.07, 1928.72, 1928, 1927.24, 234.79218479]
[1495429200, 1872.97, 1928.72, 1889.72, 1926.59, 423.55370156]
[1495425600, 1864.3, 1894.99, 1865.2, 1890.3, 71.55025654]
[1495422000, 1846.72, 1868.19, 1848.2, 1868.19, 111.89069044]
[1495418400, 1839.99, 1849.32, 1840, 1848.21, 51.74221924]
[1495414800, 1834.95, 1849.32, 1845.99, 1840, 56.87919266]
[1495411200, 1815.27, 1846.04, 1818.24, 1845.99, 104.7953876]
[1495407600, 1815.95, 1818.25, 1816.12, 1818.24, 42.53974302]
[1495404000, 1810.59, 1818.25, 1816.98, 1817.3, 54.69295755]
[1495400400, 1794.65, 1817.99, 1807.04, 1816.95, 85.10362063]
[1495396800, 1806.24, 1820.48, 1811.86, 1808.33, 65.74399156]
[1495393200, 1807.29, 1823.74, 1816.01, 1810.37, 73.41126428]
[1495389600, 1799.97, 1823.65, 1801.82, 1816.03, 80.05758976]
[1495386000, 1787.62, 1800, 1799.99, 1800, 50.88478283]
[1495382400, 1786.43, 1810, 1805.99, 1799.96, 50.68188526]
[1495378800, 1785, 1811.78, 1789.09, 1805.9, 59.19739066]
[1495375200, 1785, 1834.26, 1820.7, 1790.01, 38.45113976]
[1495371600, 1780.33, 1827.74, 1805.5, 1822, 89.13121398]
[1495368000, 1797.12, 1859.89, 1857.13, 1805.47, 73.32226516]
[1495364400, 1850.31, 1864.56, 1862.15, 1857.52, 57.23821859]
[1495360800, 1843.09, 1864.55, 1843.78, 1862.15, 71.08251702]
[1495357200, 1842.72, 1845, 1842.74, 1843.99, 45.49014967]
[1495353600, 1831, 1845.95, 1845.95, 1843, 59.87716739]
[1495350000, 1845.94, 1854.15, 1845.95, 1845.95, 32.423989]
[1495346400, 1839.88, 1845.99, 1841.43, 1845.95, 18.43339767]
[1495342800, 1833.78, 1844.96, 1843.6, 1841.43, 14.54849345]
[1495339200, 1834.26, 1857, 1835, 1849.98, 12.51139588]
[1495335600, 1823.08, 1834.99, 1823.26, 1830.92, 55.59620833]
[1495332000, 1813.24, 1825, 1824.96, 1821.02, 21.20890873]
[1495328400, 1818.97, 1825, 1824.99, 1824.99, 13.49135805]
[1495324800, 1817.67, 1824.5, 1824.5, 1824.5, 17.25794353]
[1495321200, 1814.75, 1824.5, 1819.9, 1823.86, 35.5982583]
[1495317600, 1810.33, 1821.5, 1813, 1820, 87.8744175]
[1495314000, 1798.23, 1818.67, 1814.8, 1812.95, 105.27375235]
[1495310400, 1799.52, 1818.2, 1799.52, 1816.11, 146.38402472]
[1495306800, 1787.53, 1802, 1788, 1799.52, 148.98020679]
[1495303200, 1784.25, 1788.05, 1787.99, 1788, 30.96215706]
[1495299600, 1766.82, 1788, 1769.99, 1787.99, 53.90506242]
[1495296000, 1764.98, 1770, 1769.99, 1770, 19.35996575]
[1495292400, 1766.7, 1770, 1766.7, 1770, 19.44887482]
[1495288800, 1765.73, 1770, 1768.84, 1767.99, 31.22144169]
[1495285200, 1765.74, 1770, 1765.75, 1769.98, 16.78513977]
[1495281600, 1765.07, 1770, 1769.99, 1765.75, 42.18979961]
[1495278000, 1755.43, 1769.99, 1768, 1769.99, 36.23522794]
[1495274400, 1768, 1782.4, 1779.99, 1769.98, 35.04548608]
[1495270800, 1779.41, 1788, 1788, 1782.85, 48.29719607]
[1495267200, 1767.71, 1788, 1779.2, 1788, 64.94411446]
[1495263600, 1775.37, 1779.2, 1778.9, 1779.2, 27.85832784]
[1495260000, 1772.33, 1778.9, 1772.97, 1778.9, 52.57832467]
[1495256400, 1764, 1772.97, 1769.56, 1772.15, 26.12865351]
[1495252800, 1761.93, 1772.18, 1772.16, 1766, 18.10104729]
[1495249200, 1758.78, 1773, 1770.95, 1772.18, 19.0984916]
[1495245600, 1769.7, 1773, 1773, 1769.7, 10.97856575]
[1495242000, 1770.44, 1775, 1771.35, 1772.99, 6.514]
[1495238400, 1758.89, 1774, 1759.41, 1769.93, 25.53724703]
[1495234800, 1759.39, 1760, 1759.91, 1760, 22.34170962]
[1495231200, 1754.02, 1765, 1755.99, 1759.9, 63.24945706]
[1495227600, 1729.81, 1760, 1735.73, 1755.99, 78.19632699]
[1495224000, 1730.01, 1745, 1734.76, 1741.95, 43.33355878]
[1495220400, 1720.01, 1740.98, 1723.69, 1733.65, 43.63446456]
[1495216800, 1709.18, 1736.53, 1736.53, 1719.35, 56.24313263]
[1495213200, 1731.33, 1744.86, 1736.78, 1739.44, 38.82357874]
[1495209600, 1731.32, 1760.44, 1755.47, 1742.64, 66.74612461]
[1495206000, 1754.41, 1771.55, 1763, 1755.47, 55.10341536]
[1495202400, 1734.52, 1769.07, 1758, 1763, 86.89354282]
[1495198800, 1745.61, 1760, 1747, 1758, 63.52096377]
[1495195200, 1734.82, 1752.09, 1748.99, 1746.99, 47.52913206]
[1495191600, 1734.47, 1765.53, 1750.71, 1748.96, 103.72977639]
[1495188000, 1736.09, 1754.43, 1739.9, 1750.77, 73.4284445]
[1495184400, 1723.62, 1741.32, 1737, 1739.99, 77.12860545]
[1495180800, 1725.47, 1749.96, 1740.01, 1737, 89.07373515]
[1495177200, 1731.49, 1742.58, 1737.41, 1740.91, 80.68608753]
[1495173600, 1720.17, 1739.8, 1724.1, 1737.47, 57.94667918]
[1495170000, 1715.71, 1733.44, 1715.71, 1724.06, 38.9310075]
[1495166400, 1711.35, 1723, 1720.62, 1721.2, 16.623]
[1495162800, 1702.87, 1722.95, 1702.87, 1721.62, 10.10340781]
[1495159200, 1696.76, 1713.82, 1711.65, 1704.54, 7.72779704]
[1495155600, 1706.11, 1721.16, 1719.99, 1710.52, 43.64660956]
[1495152000, 1698.51, 1720, 1700, 1719.99, 20.03005513]
[1495148400, 1694.02, 1700, 1699.03, 1699.99, 19.17333563]
[1495144800, 1695.51, 1699.04, 1695.61, 1699.03, 26.98183701]
[1495141200, 1685.13, 1699.04, 1686.11, 1695.46, 42.68715878]
[1495137600, 1678.7, 1686.12, 1678.7, 1686.12, 49.00617004]
[1495134000, 1673.61, 1683.93, 1680.62, 1679.99, 40.55776165]
[1495130400, 1676.6, 1688.02, 1681.49, 1680.62, 39.02734744]
[1495126800, 1674.26, 1686.49, 1686.49, 1681.37, 46.12909809]
[1495123200, 1676.44, 1694.95, 1676.88, 1686.49, 45.93287133]
[1495119600, 1670.03, 1684.98, 1673.23, 1677.86, 48.80611757]
[1495116000, 1648.27, 1674.98, 1651, 1673.2, 47.12640092]
[1495112400, 1638.39, 1653.51, 1644.23, 1651, 53.95446222]
[1495108800, 1637.04, 1648.94, 1643.21, 1645.83, 46.19250587]
[1495105200, 1632.44, 1652.07, 1645.21, 1643.21, 98.18605139]
[1495101600, 1635.24, 1648.47, 1638.74, 1645.47, 98.42173288]
[1495098000, 1630.01, 1641.58, 1640.67, 1638.75, 60.3885232]
[1495094400, 1640.7, 1658.27, 1654.18, 1640.7, 77.98857728]
[1495090800, 1646.71, 1658.15, 1653.54, 1654.09, 73.37340175]
[1495087200, 1642.48, 1670, 1646.76, 1653.26, 78.39338534]
[1495083600, 1643.74, 1649.57, 1647.45, 1649.57, 18.71838886]
[1495080000, 1620.02, 1647.45, 1639.32, 1647.45, 23.28955416]
[1495076400, 1635.34, 1647.37, 1639.52, 1639.22, 5.85844168]
[1495072800, 1621.9, 1645, 1641.72, 1643.9, 4.72]
[1495069200, 1627.62, 1641.94, 1641.73, 1640.67, 10.4908618]
[1495065600, 1637.11, 1645, 1644.46, 1642.08, 3.03760455]
[1495062000, 1633.73, 1643.45, 1637.69, 1643.13, 13.89045438]
[1495058400, 1617.57, 1640, 1631.49, 1638.99, 25.67251706]
[1495054800, 1603.01, 1647.3, 1643.02, 1626.46, 63.06493476]
[1495051200, 1630, 1653.17, 1651.71, 1642.81, 36.35341727]
[1495047600, 1644.36, 1654.98, 1653.93, 1651.72, 44.6895613]
[1495044000, 1642.1, 1659.98, 1650.01, 1653.94, 59.21754075]
[1495040400, 1650, 1667.75, 1662.89, 1650.01, 59.53691436]
[1495036800, 1659.1, 1666.61, 1663.28, 1662.89, 74.58993246]
[1495033200, 1659.1, 1672.42, 1664.69, 1663.37, 106.04758553]
[1495029600, 1659.9, 1670, 1663.33, 1664.69, 50.41421832]
[1495026000, 1656.35, 1663.75, 1658.33, 1662.14, 79.10158678]
[1495022400, 1646.2, 1670.02, 1649.53, 1658.64, 119.69354278]
[1495018800, 1646.01, 1669.99, 1667.86, 1651.22, 97.42540066]
[1495015200, 1658.87, 1673.19, 1671.19, 1667.97, 80.85408079]
[1495011600, 1648.73, 1671.19, 1648.73, 1671.18, 84.75232475]
[1495008000, 1645.34, 1665, 1659.91, 1654.71, 94.82596113]
[1495004400, 1641.02, 1665.57, 1664.71, 1660, 97.86863827]
[1495000800, 1647, 1666, 1647, 1662.26, 81.32352976]
[1494997200, 1638.49, 1647, 1642.99, 1647, 28.60631583]
[1494993600, 1623.59, 1646.99, 1623.59, 1643, 21.23819574]
[1494990000, 1614.99, 1623.6, 1614.99, 1623.6, 10.00310823]
[1494986400, 1585.98, 1615, 1596.53, 1614.99, 12.82060662]
[1494982800, 1593.21, 1613.22, 1612.44, 1599.03, 14.59194756]
[1494979200, 1609.18, 1614.7, 1611, 1612.74, 13.1033162]
[1494975600, 1601.32, 1611, 1603.57, 1611, 10.3728064]
[1494972000, 1591.73, 1604.8, 1598.36, 1603.57, 32.43147856]
[1494968400, 1593.37, 1610.85, 1609.74, 1602.34, 34.39256507]
[1494964800, 1606.37, 1610.86, 1607.23, 1608.01, 35.59606804]
[1494961200, 1600, 1609.86, 1602.04, 1609.15, 37.08260773]
[1494957600, 1601.66, 1613.56, 1613.56, 1603.08, 50.20541937]
[1494954000, 1600, 1622.67, 1612.3, 1613.55, 66.15706626]
[1494950400, 1600, 1622.03, 1610.01, 1612.03, 73.82449154]
[1494946800, 1597.88, 1624.04, 1603.94, 1610.29, 98.39047538]
[1494943200, 1592, 1605, 1594.98, 1603.93, 206.70846246]
[1494939600, 1591.01, 1604.39, 1592.08, 1596.37, 71.36152869]
[1494936000, 1581.66, 1600, 1587.27, 1592.08, 40.99907242]
[1494932400, 1568.04, 1592, 1586.11, 1591.99, 98.95851562]
[1494928800, 1574.39, 1597.9, 1584.7, 1586.56, 68.8687937]
[1494925200, 1577, 1593.71, 1579.24, 1584.7, 78.56441201]
[1494921600, 1570.26, 1579.25, 1574.38, 1579.25, 120.48841654]
[1494918000, 1560, 1578.99, 1577.02, 1574.38, 73.05105746]
[1494914400, 1568.98, 1588.71, 1569.62, 1577.04, 88.13150536]
[1494910800, 1566.01, 1582.22, 1566.22, 1569.19, 42.27841381]
[1494907200, 1549.86, 1572.83, 1556.5, 1568.06, 22.23920116]
[1494903600, 1549.86, 1584.48, 1584.48, 1556.48, 46.76287871]
[1494900000, 1584.1, 1589.23, 1589.22, 1586.76, 0.654]
[1494896400, 1584.1, 1591.87, 1584.18, 1584.15, 7.99437484]
[1494892800, 1584.1, 1605.45, 1601.13, 1584.18, 13.43484155]
[1494889200, 1598.86, 1607.05, 1604.94, 1603.98, 14.72976209]
[1494885600, 1595.44, 1604.94, 1600, 1604.94, 26.81306232]
[1494882000, 1580.67, 1600, 1584.5, 1600, 34.73751631]
[1494878400, 1570.03, 1590.31, 1577.9, 1584.21, 50.84680637]
[1494874800, 1560.36, 1585.76, 1582.5, 1577.91, 58.07345523]
[1494871200, 1579.85, 1599.95, 1588.25, 1582.17, 42.6804023]
[1494867600, 1580.51, 1612.69, 1592.74, 1590.95, 125.34117805]
[1494864000, 1580.07, 1599.18, 1585.88, 1592.4, 56.987496]
[1494860400, 1560, 1593.19, 1591.38, 1585.88, 92.15329916]
[1494856800, 1580, 1613.86, 1613.04, 1593.51, 90.87923617]
[1494853200, 1598.29, 1614.34, 1610.09, 1611.94, 71.63085964]
[1494849600, 1602.1, 1621.8, 1621.7, 1610.27, 49.34691928]
[1494846000, 1603.96, 1621.7, 1609.66, 1621.7, 57.96552689]
[1494842400, 1600.03, 1619, 1609.26, 1609.86, 56.56131505]
[1494838800, 1564.49, 1619, 1586.52, 1611.8, 96.25180257]
[1494835200, 1580, 1613.9, 1613.85, 1586.61, 80.13208117]
[1494831600, 1613.05, 1621.77, 1620.99, 1613.87, 74.62638587]
[1494828000, 1613.33, 1626.65, 1615.97, 1621.02, 23.45360922]
[1494824400, 1609.63, 1619.14, 1609.89, 1610.72, 22.63721785]
[1494820800, 1608.75, 1638.62, 1638.62, 1610.15, 25.01192335]
[1494817200, 1638.63, 1644.08, 1640, 1638.63, 2.7107399]
[1494813600, 1640, 1644.15, 1643.87, 1640, 5.60505867]
[1494810000, 1642.97, 1653.99, 1648.28, 1645.58, 3.39086276]
[1494806400, 1648.13, 1654.99, 1654.96, 1654, 5.27886914]
