[1490486400, 890.5, 899.73, 897.86, 893.73, 27.0942647]
[1490482800, 886.75, 907.16, 888.35, 896.88, 61.16064784]
[1490479200, 876.44, 888.46, 886.63, 888.46, 24.01483271]
[1490475600, 877.3, 888.34, 877.3, 886.68, 30.70071101]
[1490472000, 867.33, 879.11, 877.38, 877.06, 62.43429575]
[1490468400, 876.94, 883.37, 881.88, 878.17, 23.73985186]
[1490464800, 875.23, 884.25, 880.27, 881.89, 57.109009]
[1490461200, 859.27, 880.27, 859.27, 879.89, 37.85546897]
[1490457600, 857, 869.98, 869.3, 859.9, 53.57048918]
[1490454000, 866.76, 878.94, 875, 868.72, 30.9834766]
[1490450400, 864.07, 875, 873.55, 874.71, 39.85716821]
[1490446800, 848.43, 877.57, 852.59, 875.57, 81.6328043]
[1490443200, 837, 853.84, 842.83, 853.84, 71.82608927]
[1490439600, 830.74, 845.01, 839.99, 842.83, 69.98795387]
[1490436000, 836.17, 849.28, 844.18, 840.58, 86.56589275]
[1490432400, 826.67, 844.2, 829.06, 844.18, 93.69543242]
[1490428800, 829.06, 864.63, 860.99, 829.06, 95.17948523]
[1490425200, 829.79, 875.08, 833.85, 858.07, 133.05450975]
[1490421600, 830, 839.44, 834.07, 833.9, 72.78070368]
[1490418000, 832, 846.67, 835.7, 833.06, 33.10375822]
[1490414400, 835.7, 853.95, 853.49, 836.5, 34.86616454]
[1490410800, 854.45, 868.68, 866.41, 854.48, 41.3124328]
[1490407200, 865.7, 869.65, 866.55, 865.73, 13.35792717]
[1490403600, 859.75, 870.69, 869.99, 867.18, 56.71883138]
[1490400000, 849.22, 877.15, 865.75, 869.98, 70.03239578]
[1490396400, 849.23, 874.06, 862.97, 865.85, 160.69803844]
[1490392800, 859.59, 884.58, 882.55, 863.7, 125.54250725]
[1490389200, 873.16, 892.74, 892.31, 877.74, 128.22398739]
[1490385600, 888.05, 905.7, 905.54, 891.23, 65.71347709]
[1490382000, 887, 907.05, 905.88, 907.02, 76.92677485]
[1490378400, 903.08, 914.91, 914.9, 905.93, 63.59057052]
[1490374800, 906.84, 914.91, 909.97, 914.91, 75.08820639]
[1490371200, 902.25, 921.2, 921.2, 909.99, 90.56297015]
[1490367600, 916.31, 924.29, 919.37, 920.91, 65.10905139]
[1490364000, 906.26, 929.99, 908.45, 919.41, 171.27107308]
[1490360400, 896.54, 914, 902.06, 908.45, 197.15338383]
[1490356800, 900, 925.64, 918.65, 902.07, 130.605371]
[1490353200, 906.88, 926.01, 925.69, 919.17, 120.7956222]
[1490349600, 925, 936.52, 934.58, 925.2, 104.34096581]
[1490346000, 930.04, 945.58, 940.48, 936.16, 72.93649633]
[1490342400, 939.07, 947.99, 946.93, 941.93, 56.64132773]
[1490338800, 937.84, 949.93, 941.31, 946.81, 39.14547218]
[1490335200, 932.77, 941.73, 937.08, 938.75, 22.43650805]
[1490331600, 923.68, 939.62, 923.68, 937.28, 34.32749641]
[1490328000, 923.68, 942.81, 942.81, 923.68, 32.9616956]
[1490324400, 943.9, 945.98, 943.91, 945.98, 4.3244]
[1490320800, 935.19, 945.33, 944.48, 944.42, 21.83327908]
[1490317200, 943.74, 949, 946.09, 944.48, 13.1066787]
[1490313600, 948.06, 956, 955.16, 948.06, 9.83459859]
[1490310000, 944.88, 956.17, 950.08, 954.97, 18.03500494]
[1490306400, 950.02, 960.94, 952.78, 951.26, 40.55440977]
[1490302800, 952.02, 967.26, 965.56, 954, 50.58289554]
[1490299200, 965.18, 969.53, 967.43, 965.93, 42.08837738]
[1490295600, 964, 969.97, 964.95, 967.98, 19.1724433]
[1490292000, 961.01, 969.43, 967.8, 965.65, 23.84498858]
[1490288400, 961.02, 971.88, 971.22, 967.8, 38.03346123]
[1490284800, 971, 974.79, 972.81, 971.49, 16.19324131]
[1490281200, 968.06, 976.17, 973.27, 973.69, 56.22607776]
[1490277600, 968.55, 976.84, 976.84, 974.31, 53.64691516]
[1490274000, 974.25, 978.17, 976.72, 976.84, 51.9761113]
[1490270400, 971.09, 980.51, 971.11, 975.96, 68.28396823]
[1490266800, 961.66, 977.87, 961.69, 972.96, 54.68039816]
[1490263200, 956.47, 962.26, 961.8, 961.7, 18.39843698]
[1490259600, 959.5, 969.03, 962.8, 961.77, 71.18479425]
[1490256000, 958.25, 965.99, 962.99, 962.8, 48.8800808]
[1490252400, 956.72, 963, 958.18, 963, 39.74262848]
[1490248800, 944.5, 958.9, 945.96, 957.95, 17.09444063]
[1490245200, 944.57, 951.01, 950.99, 946.64, 39.47619425]
[1490241600, 950.99, 961.02, 955.58, 950.99, 36.80701867]
[1490238000, 954.23, 957.53, 954.24, 956.4, 4.13551775]
[1490234400, 951.05, 958.39, 951.05, 953.09, 4.138637]
[1490230800, 951, 958.55, 957.32, 951.46, 18.71039321]
[1490227200, 957.68, 965.31, 959.01, 957.68, 18.26579144]
[1490223600, 947.95, 964.95, 948, 959.01, 75.03802052]
[1490220000, 937.65, 947.54, 939.22, 947.52, 39.30501863]
[1490216400, 927.33, 943.95, 938.1, 938.7, 42.87830183]
[1490212800, 928.56, 941.06, 937.59, 938.42, 49.01169044]
[1490209200, 922.89, 943.8, 930.95, 937.7, 74.2517209]
[1490205600, 913.7, 942.12, 941.04, 930.07, 64.94821506]
[1490202000, 934.05, 950.39, 950.39, 942.27, 65.33369237]
[1490198400, 936.56, 957.83, 942.42, 950.4, 91.76286294]
[1490194800, 922.69, 948.53, 946.12, 939.17, 101.03324947]
[1490191200, 930.01, 954.32, 945.07, 945.01, 84.74485179]
[1490187600, 945.04, 984.72, 980.48, 947.23, 96.57445136]
[1490184000, 979.48, 994.19, 993.61, 980.49, 57.54070956]
[1490180400, 990.11, 1008.09, 1003.5, 993.61, 78.45813379]
[1490176800, 980.63, 1005, 987.47, 1003.89, 74.15370027]
[1490173200, 973.25, 990.81, 975.77, 987.48, 144.8074057]
[1490169600, 975.77, 995.55, 982.59, 977.36, 84.48450874]
[1490166000, 982.61, 1013.76, 1012.79, 983, 88.25613861]
[1490162400, 1010.9, 1016.04, 1012.55, 1013.44, 29.89320136]
[1490158800, 1011.11, 1015.02, 1011.11, 1015.02, 7.91399352]
[1490155200, 1004.73, 1011.11, 1006.02, 1011.11, 6.03109777]
[1490151600, 1003.15, 1008.77, 1006.87, 1006.66, 14.17049964]
[1490148000, 1004.14, 1017.27, 1017.27, 1007.51, 13.89011317]
[1490144400, 1007.7, 1018.01, 1015.31, 1017.44, 21.61273672]
[1490140800, 1015.6, 1029.78, 1029.78, 1015.6, 27.82459718]
[1490137200, 1023.98, 1031.82, 1031.47, 1028.77, 36.28068622]
[1490133600, 1023.35, 1033.17, 1024.97, 1030.98, 34.61110172]
[1490130000, 1010.38, 1028.32, 1010.38, 1024.97, 38.70123695]
[1490126400, 1004.86, 1037.15, 1031.11, 1011.1, 107.72285522]
[1490122800, 1025, 1031.24, 1027.34, 1031.11, 78.74915042]
[1490119200, 1025.01, 1035.07, 1033.06, 1028.41, 76.8328554]
[1490115600, 1019.43, 1038.99, 1020, 1035.18, 94.23741946]
[1490112000, 1011, 1020, 1012.42, 1020, 27.9605136]
[1490108400, 1011.99, 1016.13, 1013.06, 1012.43, 64.89798665]
[1490104800, 1006.67, 1020.86, 1006.67, 1012.83, 127.12734818]
[1490101200, 1004.34, 1018.64, 1015.91, 1006.67, 53.09130626]
[1490097600, 1004.48, 1022.48, 1007.94, 1015.95, 77.9791179]
[1490094000, 993.44, 1007.99, 997.09, 1007.99, 73.44517404]
[1490090400, 990.82, 1003.99, 1001.97, 996.21, 74.60804662]
[1490086800, 998.99, 1008.36, 1005.89, 1002.49, 104.15012708]
[1490083200, 1002.93, 1008.6, 1008.01, 1005.84, 48.96255542]
[1490079600, 1006.54, 1011.23, 1007, 1008.7, 61.6753913]
[1490076000, 996.38, 1013.09, 1006.83, 1006.99, 42.58696296]
[1490072400, 997.71, 1009.39, 1000.08, 1008.03, 49.74073322]
[1490068800, 983.67, 1000.1, 986.43, 1000.09, 80.14871368]
[1490065200, 975.87, 986.43, 976.26, 986.43, 6.53532026]
[1490061600, 976.27, 978.46, 977.66, 976.35, 2.68432837]
[1490058000, 975.21, 979.67, 976.15, 978.29, 10.09913134]
[1490054400, 970.23, 976.63, 970.5, 975.6, 6.32394696]
[1490050800, 967.01, 976.49, 972.5, 971.87, 18.63431131]
[1490047200, 965.39, 975.18, 969.57, 971.96, 32.88789977]
[1490043600, 955.71, 974, 957.95, 970.31, 47.81121203]
[1490040000, 956.29, 972.03, 968.56, 956.59, 87.25086552]
[1490036400, 956, 979.7, 979.06, 968.57, 76.72233435]
[1490032800, 973.4, 980.21, 974.71, 979.83, 54.45548768]
[1490029200, 970.24, 978.99, 974.29, 974.71, 42.04133017]
[1490025600, 971.43, 976.45, 973.06, 974.29, 44.4840482]
[1490022000, 964.02, 974.95, 969.77, 972.44, 48.30232524]
[1490018400, 969.07, 979.41, 976, 969.77, 85.64732329]
[1490014800, 971.46, 980.93, 974.43, 976, 51.48429066]
[1490011200, 969.83, 977.51, 974.68, 974.42, 67.70481182]
[1490007600, 961.57, 974.8, 967.59, 973.71, 63.62321238]
[1490004000, 956.14, 970.16, 957, 967.59, 78.24789814]
[1490000400, 943.82, 957, 944.18, 957, 57.78934383]
[1489996800, 943.11, 957.84, 953.8, 943.11, 90.15075052]
[1489993200, 935.44, 958.74, 955.28, 954.57, 76.64324003]
[1489989600, 938.94, 963.95, 961.71, 952.69, 36.01084607]
[1489986000, 960.35, 970.62, 968.67, 963.99, 8.80139875]
[1489982400, 964.94, 971.42, 965.12, 968.3, 7.02603298]
[1489978800, 958.2, 968.12, 958.2, 965.52, 1.00023145]
[1489975200, 954.72, 968.4, 958.07, 962.05, 21.16853706]
[1489971600, 942.54, 959.31, 955.43, 954.2, 13.88658495]
[1489968000, 942.68, 955.76, 948.35, 955.76, 14.83619861]
[1489964400, 940, 972.1, 969.95, 946.78, 35.7795472]
[1489960800, 950.02, 974.76, 973.12, 969.02, 35.20829373]
[1489957200, 967.64, 988.74, 981.59, 973.49, 95.72972168]
[1489953600, 979.38, 988.31, 988.31, 981.59, 65.22975371]
[1489950000, 975, 995.17, 975.01, 988.3, 98.05120287]
[1489946400, 960.8, 977.36, 967.15, 975, 73.03477141]
[1489942800, 963.14, 980.26, 980.26, 970.68, 59.28561086]
[1489939200, 957.04, 982.26, 960.11, 980.26, 112.65465691]
[1489935600, 927.52, 980, 927.97, 980, 122.82642083]
[1489932000, 917.77, 929.55, 925.18, 927.97, 30.3883976]
[1489928400, 920.28, 933.48, 932.29, 925.72, 56.02448948]
[1489924800, 925.68, 934.97, 926.17, 931.02, 33.29739772]
[1489921200, 916.63, 930.54, 923.79, 928.13, 31.55398424]
[1489917600, 910.04, 926.56, 916.29, 924.09, 56.85487553]
[1489914000, 910, 943.16, 943.16, 916.54, 106.04284146]
[1489910400, 936.91, 946.1, 943, 943.16, 123.96797497]
[1489906800, 937.32, 945.41, 937.32, 943, 55.12037281]
[1489903200, 933, 938.08, 938.08, 937.32, 16.01083443]
[1489899600, 930.96, 941, 933.64, 934.01, 20.0283418]
[1489896000, 917.06, 934.64, 929.76, 931.64, 9.92683439]
[1489892400, 931.21, 941.41, 940, 931.21, 12.55149618]
[1489888800, 925.83, 940, 927.65, 940, 37.60086888]
[1489885200, 916.11, 936.58, 916.55, 927.65, 57.84644978]
[1489881600, 898.28, 925.79, 898.72, 918.98, 82.38775803]
[1489878000, 869.84, 900, 882.27, 900, 65.6771805]
[1489874400, 870, 916.44, 911.09, 882.26, 146.52057832]
[1489870800, 870, 915.4, 883.93, 906.93, 126.57607263]
[1489867200, 880.01, 917.78, 915.18, 884.19, 223.89819457]
[1489863600, 903.97, 921.75, 915.86, 915.18, 79.72122471]
[1489860000, 905.62, 940.17, 939.99, 909.16, 115.14487407]
[1489856400, 927.15, 941.7, 932.84, 940.36, 89.51032238]
[1489852800, 890.01, 938.88, 906.38, 938.88, 193.88108841]
[1489849200, 864.01, 942.94, 930.49, 907.4, 365.87190603]
[1489845600, 924.93, 967.28, 967.07, 933.62, 198.37869807]
[1489842000, 950, 996.15, 992.99, 965.54, 137.86102687]
[1489838400, 990.42, 1014.2, 1010.91, 993.14, 58.11693541]
[1489834800, 1004.79, 1016.16, 1014.23, 1011.21, 33.58357217]
[1489831200, 1006.92, 1022.8, 1009.11, 1010.02, 150.74142901]
[1489827600, 991.73, 1009.11, 998.79, 1007.91, 91.18800742]
[1489824000, 993.95, 1008.88, 996.5, 996.5, 71.99463677]
[1489820400, 983.26, 1003.31, 989.75, 996.45, 30.03238935]
[1489816800, 983.3, 999.74, 990.79, 984.34, 46.68920189]
[1489813200, 972.71, 999.94, 999.94, 985.59, 29.15285284]
[1489809600, 986.24, 1017.69, 986.24, 995.48, 50.17835205]
[1489806000, 985.25, 1000.63, 987.33, 986.84, 19.75100041]
[1489802400, 981.39, 1011.81, 1009.22, 989.25, 42.31673244]
[1489798800, 1003.36, 1022.09, 1009.4, 1007, 29.70772119]
[1489795200, 995.84, 1021.67, 996.71, 1005, 45.98574221]
[1489791600, 990.02, 1018.82, 1003.96, 996.03, 108.0875102]
[1489788000, 998, 1032.87, 1032.86, 1009.74, 92.01620512]
[1489784400, 1009.98, 1039.22, 1036.71, 1032.87, 75.50102212]
[1489780800, 1035.11, 1049.88, 1049.85, 1037.34, 37.91015451]
[1489777200, 1035.21, 1051.51, 1040.38, 1045.71, 160.28145024]
[1489773600, 1030.16, 1061.91, 1060.91, 1040.4, 39.28036637]
[1489770000, 1057.22, 1079.95, 1077.38, 1062.07, 68.07888489]
[1489766400, 1076.22, 1086.25, 1082.44, 1077.39, 113.89611531]
