[1509206400, 4981.7, 5004.78, 4989.51, 4995.01, 31.12179577]
[1509202800, 4955, 4995.18, 4995.18, 4989.51, 60.57963507]
[1509199200, 4987.7, 5006.83, 5006.83, 4995.17, 15.74107052]
[1509195600, 4995.04, 5012.48, 5012.32, 5006.83, 34.70393304]
[1509192000, 4987.12, 5012.53, 4989.83, 5012.32, 40.78149843]
[1509188400, 4980.1, 5010.07, 5010.07, 4989.83, 61.72071557]
[1509184800, 5000, 5052.9, 5031, 5010.07, 57.0510949]
[1509181200, 5020.02, 5059, 5041.99, 5031.01, 38.97883087]
[1509177600, 5029.24, 5054.72, 5054.72, 5041.99, 25.80753742]
[1509174000, 5038, 5056.99, 5048.12, 5054.72, 24.95690313]
[1509170400, 5025.69, 5048.68, 5048.21, 5048.12, 13.90392145]
[1509166800, 5020.8, 5050.01, 5021.74, 5049.73, 14.73844831]
[1509163200, 5000.03, 5022.7, 5000.03, 5021.4, 4.56500734]
[1509159600, 5000, 5029.92, 5024.68, 5000.03, 7.68780752]
[1509156000, 5030, 5081.25, 5081.25, 5030, 16.19634623]
[1509152400, 5080.6, 5082.99, 5082.98, 5081.25, 16.60945751]
[1509148800, 5030, 5085, 5030, 5082.99, 18.42007434]
[1509145200, 5018.12, 5050, 5050, 5029.99, 39.12512271]
[1509141600, 5027.11, 5050, 5046.7, 5050, 32.62903079]
[1509138000, 5033, 5050, 5040.28, 5047.32, 26.68366416]
[1509134400, 5018.12, 5046.69, 5039.95, 5044.98, 29.53986076]
[1509130800, 5010.02, 5049, 5019.28, 5033.63, 39.08724945]
[1509127200, 4980.5, 5020.78, 5000.01, 5019.99, 76.79816256]
[1509123600, 5000, 5021, 5019.59, 5000.01, 46.63707104]
[1509120000, 5015.5, 5038.98, 5027.07, 5019.59, 88.54671446]
[1509116400, 5025, 5038.98, 5027.57, 5027.07, 67.20612823]
[1509112800, 5015.01, 5038.99, 5038.98, 5027.56, 90.43464585]
[1509109200, 4987.76, 5062.1, 5059.99, 5038.99, 207.46826981]
[1509105600, 5040, 5100, 5086.01, 5060, 115.46448087]
[1509102000, 5072.12, 5120, 5075.01, 5085.66, 91.51743235]
[1509098400, 5075, 5130, 5128, 5075.01, 66.48785701]
[1509094800, 5109.99, 5130, 5110, 5128, 65.56955153]
[1509091200, 5109.99, 5136.95, 5120.56, 5110, 71.13447882]
[1509087600, 5080.1, 5133.3, 5084.6, 5133.19, 76.31429029]
[1509084000, 5011, 5085, 5048.01, 5081.76, 89.80193819]
[1509080400, 5048, 5076.52, 5075.12, 5048.01, 32.79346238]
[1509076800, 5075.01, 5103.99, 5094.76, 5075.23, 14.07239292]
[1509073200, 5060, 5099.24, 5099.01, 5093.81, 10.33209539]
[1509069600, 5092.84, 5122.6, 5114.96, 5092.84, 6.56438992]
[1509066000, 5089.79, 5147.03, 5144.14, 5105.01, 21.28179801]
[1509062400, 5072, 5144.14, 5073.29, 5144.14, 27.01289138]
[1509058800, 5057.6, 5108.73, 5081.99, 5073.29, 27.64271193]
[1509055200, 5012.02, 5082, 5071.94, 5082, 103.43943219]
[1509051600, 5051.84, 5119.52, 5095.02, 5075.83, 80.96049474]
[1509048000, 5088.65, 5144.14, 5127.98, 5090.3, 54.9303372]
[1509044400, 5051.19, 5130, 5100.48, 5128, 86.98409239]
[1509040800, 5082.68, 5160, 5159.98, 5100.49, 118.66120308]
[1509037200, 5142, 5160.99, 5158.01, 5159.98, 75.92192307]
[1509033600, 5128.51, 5164.49, 5149.27, 5158, 124.80982941]
[1509030000, 5080.04, 5150, 5091.65, 5149.7, 154.05730874]
[1509026400, 5050.98, 5098.99, 5050.99, 5091.66, 52.62584291]
[1509022800, 5015.53, 5134.89, 5112.51, 5050.99, 146.26814836]
[1509019200, 5056.41, 5132.86, 5056.41, 5112.53, 214.21963361]
[1509015600, 4933.84, 5063.31, 4934.22, 5056.37, 167.95437944]
[1509012000, 4921.93, 4949.19, 4938.98, 4934.97, 46.90175107]
[1509008400, 4910, 4950, 4916.36, 4936.96, 67.03493626]
[1509004800, 4914.01, 4921.2, 4921.2, 4917.89, 62.95178525]
[1509001200, 4900, 4922.71, 4900.01, 4921.2, 48.36104709]
[1508997600, 4899.29, 4918.97, 4918.97, 4900.01, 47.75430581]
[1508994000, 4918.96, 4951.33, 4949.01, 4918.96, 46.3253312]
[1508990400, 4930, 4949.49, 4942.65, 4949.01, 22.5777836]
[1508986800, 4923, 4946.97, 4923.01, 4942.66, 23.7259956]
[1508983200, 4901.38, 4923.01, 4901.38, 4923.01, 5.62954629]
[1508979600, 4910.42, 4925.01, 4925.01, 4910.42, 21.54398388]
[1508976000, 4920.14, 4940.88, 4929.01, 4925.01, 16.6340685]
[1508972400, 4885, 4947, 4887.01, 4929.01, 41.48968645]
[1508968800, 4867.87, 4930.54, 4879.89, 4887.01, 55.88186173]
[1508965200, 4860.01, 4910, 4881.8, 4879.89, 104.16446892]
[1508961600, 4831.12, 4893.18, 4849.98, 4881.8, 136.68437848]
[1508958000, 4780.3, 4849.99, 4788.87, 4849.99, 73.33081262]
[1508954400, 4751.87, 4793.22, 4758.23, 4788.79, 67.40580171]
[1508950800, 4730, 4770.63, 4753.68, 4757.89, 57.13567573]
[1508947200, 4714.36, 4788.87, 4720.86, 4753.68, 78.76566138]
[1508943600, 4671.23, 4732.76, 4728, 4720.86, 114.6040465]
[1508940000, 4717, 4795.97, 4778.84, 4728, 113.71101788]
[1508936400, 4750, 4802.37, 4769.71, 4786.28, 90.64371707]
[1508932800, 4730, 4779, 4770.61, 4769.72, 101.13601212]
[1508929200, 4735, 4800, 4784.41, 4769.14, 104.21477059]
[1508925600, 4770.2, 4863.2, 4846.41, 4786.41, 98.02704963]
[1508922000, 4826.12, 4874.45, 4862.68, 4846.84, 101.24340039]
[1508918400, 4803.63, 4880, 4824.99, 4862.68, 123.05144968]
[1508914800, 4769.96, 4846.38, 4769.97, 4825.01, 112.11085547]
[1508911200, 4734.99, 4795.94, 4751, 4769.86, 98.96100613]
[1508907600, 4675, 4824.62, 4795, 4760.11, 54.96738082]
[1508904000, 4757.63, 4802.97, 4761.91, 4795, 31.09219874]
[1508900400, 4653.99, 4775, 4653.99, 4761.88, 71.27947425]
[1508896800, 4650, 4655, 4655, 4653.5, 24.50901294]
[1508893200, 4650, 4765.01, 4765.01, 4650, 66.50400837]
[1508889600, 4751.59, 4792.17, 4771.34, 4765.01, 21.52392859]
[1508886000, 4749.84, 4801.66, 4762.1, 4771.32, 57.90303211]
[1508882400, 4690.02, 4782.3, 4699.41, 4769.56, 140.7064295]
[1508878800, 4699.41, 4847.11, 4829.93, 4699.64, 231.9202538]
[1508875200, 4817, 4915, 4909.5, 4829.98, 195.52767343]
[1508871600, 4885, 4915.52, 4909.39, 4907.65, 113.61571284]
[1508868000, 4906, 4938.23, 4933.01, 4909.39, 62.84043308]
[1508864400, 4931.62, 4940.8, 4940.8, 4933.01, 56.23616857]
[1508860800, 4875, 4957, 4875, 4940.8, 94.12977691]
[1508857200, 4866.71, 4919.95, 4889.9, 4875, 83.11506652]
[1508853600, 4872.31, 4915.85, 4900, 4889.89, 103.25283507]
[1508850000, 4867, 4925, 4892.8, 4900, 126.36115713]
[1508846400, 4872, 4939.85, 4934.98, 4892.8, 86.22770409]
[1508842800, 4899.99, 4941, 4900, 4939.85, 110.1357253]
[1508839200, 4875.4, 4916, 4877.01, 4900, 96.06489334]
[1508835600, 4821.11, 4918.82, 4892.36, 4877.74, 170.41198317]
[1508832000, 4892.36, 4944.5, 4939.96, 4892.37, 88.35512342]
[1508828400, 4900, 4940, 4932.19, 4939.96, 116.9972877]
[1508824800, 4927.46, 4997.11, 4959.99, 4932.19, 140.8149293]
[1508821200, 4825.77, 4963.71, 4825.77, 4950.02, 78.47869853]
[1508817600, 4810, 4860.87, 4859.31, 4830, 59.89107435]
[1508814000, 4820.02, 4874.4, 4825.06, 4856.55, 55.58935557]
[1508810400, 4800, 4868.58, 4835.61, 4825.07, 102.66456784]
[1508806800, 4833.45, 4980.02, 4980.02, 4835.61, 153.20211973]
[1508803200, 4953.72, 5030.69, 5030.69, 4980.19, 37.10633418]
[1508799600, 4999.99, 5048.44, 5000, 5030.69, 42.09965402]
[1508796000, 4985.47, 5037.23, 5029.47, 5000, 64.27724694]
[1508792400, 4991.19, 5075.01, 5071, 5029.48, 83.80139073]
[1508788800, 5060.56, 5100, 5060.56, 5072, 107.44035218]
[1508785200, 4998.47, 5080, 5014.96, 5060.12, 85.23506923]
[1508781600, 4975.83, 5064, 5037.2, 5014.96, 92.79256222]
[1508778000, 5020.99, 5050, 5024.18, 5037.2, 75.59153498]
[1508774400, 4953.96, 5024.2, 5009.02, 5024.19, 91.91661426]
[1508770800, 4911.1, 5038, 4945.19, 5009.02, 129.61916111]
[1508767200, 4870, 4995, 4948.99, 4948.34, 171.19998392]
[1508763600, 4860.28, 5030.22, 5015, 4949, 330.92360763]
[1508760000, 5015.01, 5102.25, 5100.66, 5015.01, 118.77141977]
[1508756400, 5056.58, 5105.82, 5103.1, 5101, 92.73117293]
[1508752800, 5036.78, 5103.13, 5036.79, 5103.07, 108.77612919]
[1508749200, 5005.85, 5042.46, 5028.13, 5036.79, 109.34397595]
[1508745600, 5011, 5075.01, 5075.01, 5028.13, 90.84528607]
[1508742000, 5035.47, 5090, 5053.86, 5075.01, 71.15164102]
[1508738400, 5053.45, 5110, 5100.77, 5059.25, 90.41934587]
[1508734800, 5087.46, 5174.9, 5125, 5100.31, 77.55062325]
[1508731200, 5089.41, 5125, 5098.33, 5125, 9.25625943]
[1508727600, 5080.54, 5098.69, 5098.48, 5097.25, 10.46461142]
[1508724000, 5094.82, 5122.42, 5122.42, 5094.82, 9.16444563]
[1508720400, 5089.83, 5132.65, 5094.43, 5122.42, 9.42059527]
[1508716800, 5052.09, 5096.85, 5096.85, 5091.96, 8.84390708]
[1508713200, 5060.8, 5117.74, 5060.8, 5096.87, 14.61383058]
[1508709600, 5049.26, 5092.81, 5049.27, 5060.81, 64.29872097]
[1508706000, 5020.43, 5054, 5028.92, 5049.32, 35.51216562]
[1508702400, 5016.81, 5077, 5042.96, 5028.93, 53.14246916]
[1508698800, 5009.98, 5048.13, 5029.32, 5042.98, 46.66177999]
[1508695200, 5027.5, 5097.31, 5095.46, 5029.69, 87.66382296]
[1508691600, 5055, 5097.31, 5083.92, 5095.45, 100.51041334]
[1508688000, 5029.99, 5134.75, 5125.53, 5080.4, 78.08535081]
[1508684400, 5085.2, 5148, 5109.52, 5125.53, 94.8050737]
[1508680800, 5005.82, 5116, 5005.82, 5109.91, 94.54034725]
[1508677200, 4990.28, 5020, 5010.32, 5005.8, 62.02274489]
[1508673600, 4960, 5031.22, 4994.97, 5010.41, 86.73657934]
[1508670000, 4908.17, 4994.99, 4951.02, 4994.97, 118.10062673]
[1508666400, 4931.61, 4995, 4950, 4951.02, 106.26974779]
[1508662800, 4931.6, 5045.21, 5045.21, 4949.96, 146.16969158]
[1508659200, 5017.8, 5083.47, 5083.47, 5045.24, 138.65167459]
[1508655600, 5050.53, 5120, 5073.12, 5083.47, 71.25704644]
[1508652000, 5002.79, 5084.67, 5039.02, 5084.67, 58.60475947]
[1508648400, 5001.25, 5070.87, 5027.59, 5039.03, 60.93930338]
[1508644800, 5018, 5084.86, 5084.86, 5027.6, 50.71533043]
[1508641200, 5075.1, 5088.13, 5076.93, 5084.86, 8.32821595]
[1508637600, 5063, 5149.72, 5149.72, 5076.93, 40.53696359]
[1508634000, 5151.64, 5184.18, 5184.18, 5151.64, 15.83787261]
[1508630400, 5145.99, 5190.15, 5148.85, 5184.18, 13.52435265]
[1508626800, 5126.76, 5196.99, 5196.99, 5148.85, 33.8735987]
[1508623200, 5124.98, 5200, 5124.98, 5196.98, 46.99313877]
[1508619600, 5120, 5240, 5230.82, 5158.96, 56.70048393]
[1508616000, 5180.5, 5249.37, 5180.5, 5230.89, 55.14665367]
[1508612400, 5174, 5197.76, 5192.87, 5182.11, 40.70592305]
[1508608800, 5086.12, 5200, 5146, 5192.87, 111.35892001]
[1508605200, 5013, 5298.34, 5292.01, 5146, 409.31222649]
[1508601600, 5281, 5318, 5281.68, 5292.01, 72.27294711]
[1508598000, 5281, 5308.82, 5293, 5281.83, 102.50820867]
[1508594400, 5245.14, 5300.84, 5246.53, 5292.96, 121.58165405]
[1508590800, 5220.19, 5250, 5225.66, 5246.3, 68.68527308]
[1508587200, 5220, 5249, 5222.66, 5227.37, 117.29676161]
[1508583600, 5208.33, 5222.7, 5210, 5220.04, 73.89934054]
[1508580000, 5199.57, 5220, 5199.58, 5210, 61.50716345]
[1508576400, 5185.82, 5199.94, 5199.93, 5199.57, 53.04179091]
[1508572800, 5170.5, 5228.45, 5228.05, 5199.94, 94.44825078]
[1508569200, 5169.15, 5230, 5170.01, 5228.05, 75.84164828]
[1508565600, 5160.08, 5195, 5180, 5170.05, 52.58371723]
[1508562000, 5133.09, 5180, 5137.87, 5180, 33.780664]
[1508558400, 5139.9, 5180, 5149.99, 5139.9, 59.95388436]
[1508554800, 5137.43, 5150, 5141.16, 5150, 27.47628987]
[1508551200, 5133, 5149, 5134.57, 5141.16, 25.35878956]
[1508547600, 5078.82, 5135, 5078.82, 5134.56, 31.93565891]
[1508544000, 5070, 5082.45, 5074.22, 5078.82, 32.12439183]
[1508540400, 5074.22, 5100, 5074.98, 5074.22, 39.62191302]
[1508536800, 5059.41, 5085, 5073.91, 5074.99, 50.26251691]
[1508533200, 5060, 5098.89, 5060, 5073.9, 74.71667159]
[1508529600, 5051, 5199, 5147.34, 5060, 260.91855394]
[1508526000, 5040.88, 5149, 5049, 5147.35, 135.97084488]
[1508522400, 5018.97, 5050, 5025, 5049.98, 97.52901812]
[1508518800, 5016.22, 5064.01, 5064, 5024.99, 117.62190701]
[1508515200, 4978.99, 5065, 5007.07, 5064, 188.48839459]
[1508511600, 4916.58, 5079.88, 4978.28, 5008.19, 494.35253865]
[1508508000, 4829.99, 5015.3, 4830, 4928.27, 466.72788431]
[1508504400, 4808, 4830, 4809.99, 4830, 62.82056794]
[1508500800, 4807.67, 4816.55, 4811.22, 4810, 54.93663209]
[1508497200, 4811.02, 4820, 4814.44, 4811.22, 33.53299826]
[1508493600, 4799.77, 4819.99, 4805, 4814.44, 61.80795533]
[1508490000, 4796.95, 4820.21, 4816.24, 4805, 72.0777677]
[1508486400, 4810, 4830.74, 4822.72, 4817, 63.97126703]
