[1510646400, 5610.01, 5734.15, 5734.15, 5642.39, 175.5014876]
[1510642800, 5712.32, 5739.64, 5720.01, 5734.15, 72.99634357]
[1510639200, 5718.21, 5780.51, 5718.21, 5723.19, 67.45035548]
[1510635600, 5712.32, 5757.27, 5757.27, 5718.21, 23.41900037]
[1510632000, 5717, 5769.16, 5755.13, 5757.28, 31.90636175]
[1510628400, 5750.26, 5800, 5764.18, 5755.13, 45.56180727]
[1510624800, 5750.03, 5797.5, 5765.86, 5764.33, 36.95228927]
[1510621200, 5750, 5799, 5759.99, 5773.03, 58.64918143]
[1510617600, 5685, 5774.14, 5686.99, 5759.99, 96.69990809]
[1510614000, 5542, 5715.52, 5650.76, 5686.99, 181.36670681]
[1510610400, 5626, 5688.96, 5670.01, 5650, 113.18773067]
[1510606800, 5614.9, 5749, 5614.91, 5670, 275.05936272]
[1510603200, 5560, 5649, 5604.19, 5614.9, 141.70842283]
[1510599600, 5510, 5714.94, 5546.03, 5604.19, 317.53341406]
[1510596000, 5515.02, 5655.27, 5655.24, 5551.6, 233.5458953]
[1510592400, 5610, 5737.94, 5614.14, 5668.96, 221.8213819]
[1510588800, 5611.56, 5863.63, 5839.78, 5611.56, 362.95066273]
[1510585200, 5676.81, 5839.78, 5690.01, 5839.78, 334.60624184]
[1510581600, 5525, 5813.09, 5813.09, 5690.01, 578.98769915]
[1510578000, 5756.1, 5998.97, 5889.05, 5813.08, 732.39600623]
[1510574400, 5700.1, 5890.27, 5721, 5889, 525.48653101]
[1510570800, 5635.5, 5757.49, 5637.51, 5721, 543.80348756]
[1510567200, 5556, 5640, 5599, 5637.47, 440.87139196]
[1510563600, 5488.06, 5640, 5490.04, 5599, 362.32500527]
[1510560000, 5441.01, 5541.35, 5499.98, 5490.03, 260.65578223]
[1510556400, 5405.42, 5500.46, 5490.32, 5499.98, 296.07657079]
[1510552800, 5350.77, 5491, 5410.18, 5490.47, 176.06860029]
[1510549200, 5253.39, 5426.93, 5288.92, 5410.18, 223.21824254]
[1510545600, 5168.48, 5295.68, 5188.47, 5288.92, 53.95114021]
[1510542000, 5128.48, 5250, 5132.11, 5188.46, 48.04691608]
[1510538400, 5068.99, 5163.67, 5068.99, 5132.11, 28.39118863]
[1510534800, 5058.18, 5238.06, 5238.06, 5062.51, 74.5836874]
[1510531200, 5090, 5241.4, 5098.75, 5238.06, 139.80655734]
[1510527600, 4910, 5150, 4940.01, 5098.98, 345.34239044]
[1510524000, 4915.65, 5123, 5122.99, 4941, 451.88916298]
[1510520400, 5075, 5203.08, 5200, 5123, 370.8628204]
[1510516800, 5200, 5300, 5290.01, 5200, 164.53769334]
[1510513200, 5231.01, 5368.04, 5340.31, 5290.01, 204.02374383]
[1510509600, 5253.45, 5356.13, 5265.99, 5334.52, 105.41119361]
[1510506000, 5250, 5350, 5331.02, 5266, 127.20092586]
[1510502400, 5318, 5399.99, 5389.43, 5331.03, 127.73926297]
[1510498800, 5290.29, 5420, 5295.12, 5398.75, 158.24603832]
[1510495200, 5280, 5388, 5355.98, 5295.14, 120.54450729]
[1510491600, 5200, 5411, 5362.96, 5355.15, 319.08678988]
[1510488000, 5344.08, 5489, 5489, 5364.92, 228.08353067]
[1510484400, 5420, 5593.74, 5451.85, 5489, 413.37807201]
[1510480800, 5181.82, 5464.62, 5277.21, 5452.91, 396.72248889]
[1510477200, 5066.72, 5349, 5338.99, 5270.26, 599.65532344]
[1510473600, 5250.01, 5650.23, 5285.05, 5338.99, 625.84253204]
[1510470000, 4772.65, 5359.27, 4797.99, 5285.05, 743.93148266]
[1510466400, 4695, 5030.05, 5030.05, 4799, 532.45077693]
[1510462800, 4888.98, 5204.12, 5204.12, 5030, 479.39392788]
[1510459200, 5205, 5281.17, 5260, 5205, 162.62884872]
[1510455600, 5260, 5364.68, 5350.11, 5260, 106.28543583]
[1510452000, 5333, 5441.16, 5400.01, 5350.11, 127.64001531]
[1510448400, 5400, 5487.69, 5425.01, 5400.01, 85.83946635]
[1510444800, 5425.04, 5490.99, 5490.01, 5425.05, 78.82560344]
[1510441200, 5456.51, 5517, 5490.01, 5490.01, 100.20082248]
[1510437600, 5490, 5599.49, 5599.49, 5490.01, 93.81133565]
[1510434000, 5514.25, 5599.99, 5553, 5599.49, 138.21055692]
[1510430400, 5443, 5553, 5548.96, 5553, 152.11474863]
[1510426800, 5317.43, 5553.17, 5385.01, 5531.91, 388.33634886]
[1510423200, 5330, 5516.01, 5516.01, 5385.01, 305.6725567]
[1510419600, 5463.24, 5536.99, 5521.45, 5516, 149.55110349]
[1510416000, 5461.18, 5604.99, 5475.63, 5521.5, 240.19007727]
[1510412400, 5450, 5569.26, 5569.26, 5475.64, 247.09046]
[1510408800, 5515.1, 5669.99, 5574.99, 5569.27, 259.63153339]
[1510405200, 5377.18, 5669.39, 5504.49, 5576.87, 664.81498254]
[1510401600, 5503, 5666, 5666, 5505.41, 465.4729766]
[1510398000, 5656, 5789.25, 5783.46, 5666.24, 165.16296442]
[1510394400, 5783.46, 5878, 5857.01, 5783.46, 100.83852857]
[1510390800, 5857, 5909.48, 5909.17, 5857, 64.4028004]
[1510387200, 5775, 5916.21, 5779.01, 5900, 120.5053874]
[1510383600, 5767.01, 5859, 5858.83, 5779.01, 68.14874143]
[1510380000, 5808.96, 5858.83, 5808.96, 5858.83, 50.01374628]
[1510376400, 5805.05, 5898, 5894.33, 5808.19, 30.45858119]
[1510372800, 5856.65, 5894.35, 5856.66, 5894.33, 26.91204362]
[1510369200, 5856.22, 5902.61, 5895, 5856.66, 17.47943042]
[1510365600, 5836.21, 5910, 5909.35, 5894.99, 38.62226003]
[1510362000, 5807.88, 5909.35, 5807.88, 5909.35, 59.47904511]
[1510358400, 5630.05, 5807.88, 5687.57, 5807.88, 114.28267733]
[1510354800, 5616.96, 5851.77, 5851.77, 5687.57, 246.60300282]
[1510351200, 5688.02, 5894.89, 5690, 5850.95, 356.42593747]
[1510347600, 5540, 5738.98, 5540, 5687.17, 335.61196503]
[1510344000, 5528.5, 5753.28, 5753.28, 5544.94, 339.08617468]
[1510340400, 5510, 5871.37, 5580.29, 5753.32, 673.5584687]
[1510336800, 5580, 5898.19, 5898.18, 5589.56, 722.72145824]
[1510333200, 5850, 5997.92, 5997.92, 5898.17, 407.64622538]
[1510329600, 5910.52, 6073.64, 5913.96, 5991.46, 367.48742208]
[1510326000, 5825.75, 5915, 5860.37, 5913.96, 239.30011585]
[1510322400, 5830.13, 5945.02, 5909.25, 5851.55, 289.44627001]
[1510318800, 5742.81, 5920, 5799.91, 5906.08, 616.10346984]
[1510315200, 5740.06, 6009.99, 6009.99, 5799.94, 733.05423218]
[1510311600, 5932.47, 6199, 6199, 6009.99, 619.82782441]
[1510308000, 6190, 6236.82, 6221.21, 6200, 181.69321784]
[1510304400, 6219, 6296.01, 6272.32, 6221.21, 125.08889912]
[1510300800, 6226, 6289, 6227.69, 6272.32, 88.52388732]
[1510297200, 6205.01, 6261, 6230.01, 6227.69, 91.8146588]
[1510293600, 6201.03, 6239.77, 6238.83, 6230.01, 58.51414293]
[1510290000, 6238.82, 6300, 6297.89, 6238.82, 31.87392086]
[1510286400, 6272.72, 6300, 6285.01, 6295, 16.69858774]
[1510282800, 6283.72, 6300, 6287.9, 6285.01, 8.28887591]
[1510279200, 6278.01, 6298.91, 6298.91, 6287.9, 15.16756405]
[1510275600, 6297.9, 6300, 6300, 6298.91, 21.06228665]
[1510272000, 6207.55, 6300, 6207.56, 6300, 57.58763383]
[1510268400, 6180, 6231.72, 6229.71, 6207.56, 107.2325968]
[1510264800, 6220, 6247.9, 6226.53, 6229.71, 89.36513966]
[1510261200, 6205, 6279.79, 6266.16, 6226.53, 170.64061377]
[1510257600, 6265.58, 6298.35, 6274.45, 6266.16, 95.17147698]
[1510254000, 6254, 6291.36, 6290.97, 6274.62, 94.53772256]
[1510250400, 6267, 6323.3, 6267.11, 6291.02, 108.57089698]
[1510246800, 6261, 6285.67, 6264.88, 6267.11, 111.85331052]
[1510243200, 6245.04, 6279, 6264.02, 6266.75, 84.43394442]
[1510239600, 6238.35, 6334, 6333.79, 6264.02, 185.0322829]
[1510236000, 6265.15, 6335, 6266.99, 6333.9, 150.30611904]
[1510232400, 6265.07, 6326.35, 6311.01, 6266.99, 163.74737625]
[1510228800, 6200, 6311.01, 6236.81, 6311.01, 299.30897076]
[1510225200, 6216.98, 6335.62, 6331.88, 6236.96, 329.57957169]
[1510221600, 6318, 6370, 6349.04, 6335.89, 168.64905693]
[1510218000, 6300.2, 6371.78, 6359.96, 6349, 275.46717711]
[1510214400, 6322, 6457, 6445.13, 6360, 261.05853286]
[1510210800, 6404.98, 6445.07, 6404.99, 6444.67, 98.24315719]
[1510207200, 6385, 6425.27, 6425.23, 6404.99, 49.22783701]
[1510203600, 6400.14, 6445.15, 6400.14, 6425.23, 37.93049623]
[1510200000, 6371.79, 6407.78, 6390.22, 6400.15, 30.22234378]
[1510196400, 6391.78, 6411.78, 6401.47, 6391.78, 14.65426446]
[1510192800, 6388.26, 6440, 6421.74, 6401.46, 26.25782347]
[1510189200, 6370, 6428.98, 6414.28, 6421.75, 53.79170427]
[1510185600, 6378.18, 6489, 6487.03, 6414.29, 126.28897028]
[1510182000, 6426, 6490.99, 6443.58, 6487.07, 114.85008596]
[1510178400, 6340.44, 6485, 6344.07, 6443.58, 207.08909364]
[1510174800, 6320, 6399.99, 6323.31, 6344.08, 236.22062372]
[1510171200, 6230.17, 6348.1, 6310.94, 6323.32, 444.64235501]
[1510167600, 6207.08, 6451.45, 6333.47, 6310.42, 654.88142062]
[1510164000, 6100, 6675, 6665.96, 6333.49, 1542.48724205]
[1510160400, 6523.12, 6800, 6523.12, 6665.01, 999.28645944]
[1510156800, 6480.01, 6530.4, 6512.51, 6523.11, 119.11452293]
[1510153200, 6506, 6549.99, 6539.01, 6512.5, 148.19143865]
[1510149600, 6486.69, 6570, 6510.51, 6539.01, 158.67728347]
[1510146000, 6461.01, 6517.96, 6517.78, 6510.51, 150.57346287]
[1510142400, 6478.07, 6524.5, 6479.96, 6517.77, 176.35132077]
[1510138800, 6428.39, 6479.97, 6428.4, 6479.97, 144.23995858]
[1510135200, 6420, 6465, 6443.89, 6428.4, 136.02750757]
[1510131600, 6416.9, 6448.07, 6448.06, 6443.88, 119.16555316]
[1510128000, 6433.63, 6470, 6448.23, 6448.07, 162.6522263]
[1510124400, 6361.9, 6480, 6479.91, 6448.26, 190.04223451]
[1510120800, 6397.99, 6480, 6398, 6480, 157.25582789]
[1510117200, 6353.92, 6398, 6376.78, 6398, 40.02844497]
[1510113600, 6290.02, 6385.38, 6382.73, 6385.38, 26.02692798]
[1510110000, 6338.87, 6400, 6383.97, 6397.36, 49.7763555]
[1510106400, 6338.86, 6384.9, 6354.29, 6384.9, 40.30704038]
[1510102800, 6208.01, 6376.75, 6208.55, 6351.79, 171.27285559]
[1510099200, 6190.7, 6229, 6220.42, 6208.56, 51.79876458]
[1510095600, 6200.5, 6221, 6204.09, 6220.41, 40.06917381]
[1510092000, 6185, 6208.18, 6194.98, 6204.09, 57.53338529]
[1510088400, 6150, 6194.99, 6150, 6194.99, 81.74006014]
[1510084800, 6150, 6235.38, 6231, 6150, 80.65446391]
[1510081200, 6195.01, 6259.12, 6203.79, 6231.01, 192.65596561]
[1510077600, 6190, 6246.81, 6199.99, 6203.79, 78.37673812]
[1510074000, 6104.13, 6200, 6123.5, 6199.97, 137.80955463]
[1510070400, 6123.48, 6190, 6182, 6123.48, 97.9549798]
[1510066800, 6132.78, 6182, 6151.99, 6182, 95.24714883]
[1510063200, 6130, 6205.01, 6205.01, 6151.99, 114.21035961]
[1510059600, 6150, 6285.08, 6285.08, 6205.01, 150.09090721]
[1510056000, 6282.87, 6321, 6317.77, 6285.08, 85.82343522]
[1510052400, 6280.76, 6335, 6280.77, 6316.68, 76.29076388]
[1510048800, 6272.3, 6325.45, 6300.01, 6280.77, 93.65823263]
[1510045200, 6300, 6343, 6329.96, 6300, 106.36168731]
[1510041600, 6291.96, 6330, 6318.98, 6329.95, 125.71177942]
[1510038000, 6279.71, 6320.52, 6281.69, 6318.98, 114.34310024]
[1510034400, 6223.12, 6281.69, 6223.12, 6281.69, 30.96062171]
[1510030800, 6210.38, 6300, 6252.92, 6223.13, 100.30883435]
[1510027200, 6233.37, 6252.92, 6233.37, 6252.92, 19.51052615]
[1510023600, 6197.39, 6235, 6197.6, 6233.37, 9.1951925]
[1510020000, 6115.43, 6187.91, 6181.95, 6184.5, 18.87124941]
[1510016400, 6142.9, 6205, 6152, 6181.94, 35.57550546]
[1510012800, 6060, 6177.99, 6060, 6152, 59.97893928]
[1510009200, 6059, 6165.23, 6104.21, 6060, 167.20549116]
[1510005600, 6092.99, 6285, 6235.2, 6114.24, 153.03021795]
[1510002000, 6175.48, 6255, 6220.99, 6235.2, 140.59618745]
[1509998400, 6070, 6269, 6070, 6220.08, 431.50302248]
[1509994800, 6006, 6094.99, 6060.38, 6070, 438.22660508]
[1509991200, 6012.91, 6257.65, 6233.91, 6060.38, 384.69395383]
[1509987600, 6140, 6300, 6280.11, 6233.91, 436.49163583]
[1509984000, 6251.68, 6392.44, 6358.83, 6280.11, 329.65755408]
[1509980400, 6300, 6399.86, 6399.86, 6359.32, 172.40353116]
[1509976800, 6365, 6457.37, 6455.97, 6399.85, 217.7161873]
[1509973200, 6450.01, 6514.52, 6513.05, 6455.98, 140.70695369]
[1509969600, 6434.57, 6524.18, 6454.83, 6514.99, 204.20840062]
[1509966000, 6411.13, 6465.78, 6428, 6454.83, 92.22338604]
[1509962400, 6390, 6428, 6426.78, 6428, 159.69275077]
[1509958800, 6401.1, 6464.73, 6461.71, 6427.49, 208.10766437]
[1509955200, 6392, 6491.68, 6398.62, 6461.71, 200.33184528]
[1509951600, 6342.05, 6398.97, 6384.88, 6398.97, 151.43105773]
[1509948000, 6360.2, 6421.98, 6373.56, 6384.88, 61.02509221]
[1509944400, 6225.45, 6394.99, 6233.84, 6373.57, 82.03192483]
[1509940800, 6205, 6312.26, 6312.26, 6235.59, 103.78247101]
[1509937200, 6234.64, 6409.99, 6409.99, 6304.3, 166.4775167]
[1509933600, 6410.58, 6484.57, 6456.9, 6410.58, 24.05537342]
[1509930000, 6408.26, 6462, 6438.84, 6457.51, 18.89969555]
[1509926400, 6410, 6521.43, 6486.3, 6438.84, 66.25831326]
