[1511366400, 7052.24, 7098.91, 7098.91, 7080.62, 68.35524116]
[1511362800, 7090.29, 7100, 7090.29, 7098.95, 53.71039019]
[1511359200, 7043.2, 7090.4, 7079.81, 7090.3, 130.21632101]
[1511355600, 7079.75, 7139.2, 7139.2, 7079.82, 150.51251303]
[1511352000, 7136.1, 7148.09, 7148.09, 7139.21, 77.33624056]
[1511348400, 7137, 7160, 7137, 7148.08, 100.76184388]
[1511344800, 7122.97, 7146.63, 7125.98, 7137.1, 121.06499065]
[1511341200, 7122, 7176.55, 7166.98, 7125.98, 136.22828013]
[1511337600, 7145.15, 7166.98, 7145.16, 7166.98, 86.71830731]
[1511334000, 7110.49, 7145.16, 7110.49, 7145.16, 137.63107911]
[1511330400, 7061.9, 7119.39, 7072.01, 7110.8, 95.63853072]
[1511326800, 7069.99, 7089.61, 7069.99, 7072.01, 26.74811402]
[1511323200, 7042.01, 7074.44, 7074.44, 7070, 19.21009513]
[1511319600, 7055.02, 7076.41, 7076.41, 7074.44, 16.31909753]
[1511316000, 7036.28, 7085, 7075.98, 7076.41, 25.04436666]
[1511312400, 7002, 7078, 7056.7, 7078, 40.88151708]
[1511308800, 7020.05, 7059.19, 7020.07, 7056.7, 64.9589421]
[1511305200, 6904.89, 7052.97, 6904.9, 7021.22, 186.88009257]
[1511301600, 6902, 7060.01, 7060.01, 6904.89, 304.53828681]
[1511298000, 7060, 7144.41, 7099.4, 7060.01, 143.2498949]
[1511294400, 7034, 7110.55, 7052.26, 7099.4, 239.48117329]
[1511290800, 6974.99, 7159.48, 7141.02, 7054.15, 447.69307666]
[1511287200, 7141, 7185, 7170.1, 7141.02, 108.21905691]
[1511283600, 7165.01, 7188, 7165.02, 7170.1, 84.40445606]
[1511280000, 7165.01, 7191.02, 7191.02, 7165.02, 115.25265284]
[1511276400, 7140, 7195, 7174, 7191.02, 148.60300484]
[1511272800, 7102.44, 7180, 7103, 7172.01, 162.24689042]
[1511269200, 7095.96, 7122.09, 7095.97, 7103, 97.39514797]
[1511265600, 7089.46, 7127, 7090.02, 7095.97, 141.95507383]
[1511262000, 7066.98, 7100, 7075, 7090.01, 123.25954008]
[1511258400, 7070, 7115, 7110, 7075, 97.99072319]
[1511254800, 7062.41, 7128.06, 7115, 7110, 138.82073181]
[1511251200, 7076, 7133.01, 7076.48, 7115, 217.77917323]
[1511247600, 6970.31, 7087.81, 6970.31, 7076.47, 164.99778443]
[1511244000, 6942.54, 7039, 6994.02, 6970.7, 137.50122118]
[1511240400, 6772.31, 7040, 6772.32, 6994.02, 140.16958128]
[1511236800, 6772.31, 6910, 6800, 6772.32, 92.41493981]
[1511233200, 6750, 7000.01, 7000.01, 6800, 327.71052092]
[1511229600, 7000, 7094.2, 7094.19, 7000.01, 123.20748938]
[1511226000, 7073.01, 7112.77, 7074.01, 7094.19, 20.70196443]
[1511222400, 7074, 7097.85, 7080, 7074.01, 48.79427334]
[1511218800, 7079.98, 7106.43, 7079.98, 7080, 87.58827397]
[1511215200, 7076.01, 7079.99, 7079.78, 7079.99, 72.8259788]
[1511211600, 7042.47, 7079.78, 7063.05, 7079.77, 138.1765347]
[1511208000, 7041.3, 7063.98, 7063.98, 7063.05, 111.8898428]
[1511204400, 7032, 7065, 7035.46, 7063.98, 111.94687639]
[1511200800, 7015.2, 7066.2, 7066.01, 7035.46, 186.42031848]
[1511197200, 7039, 7070, 7039.01, 7066.01, 130.48538812]
[1511193600, 7015.2, 7050.97, 7027.65, 7039.01, 208.47103468]
[1511190000, 7006.6, 7098.76, 7090.01, 7027.64, 288.188343]
[1511186400, 6976.48, 7096.98, 6976.49, 7090.01, 384.02670897]
[1511182800, 6974.4, 6989.1, 6974.4, 6976.49, 184.36809116]
[1511179200, 6935.12, 6984, 6935.15, 6974.41, 316.46463983]
[1511175600, 6903.95, 6945, 6911.01, 6935.25, 137.79235303]
[1511172000, 6881.04, 6912, 6889.98, 6911.01, 143.30090695]
[1511168400, 6865, 6902.72, 6885.09, 6889.99, 163.29031516]
[1511164800, 6850, 6890, 6850.01, 6885.91, 110.09819319]
[1511161200, 6817.84, 6884.75, 6817.85, 6850, 112.41509998]
[1511157600, 6801, 6817.96, 6810.68, 6817.85, 25.9714197]
[1511154000, 6800.01, 6821.28, 6821.28, 6810.99, 12.92095886]
[1511150400, 6771, 6823.74, 6771.01, 6821.27, 11.12936517]
[1511146800, 6771, 6801.57, 6801.57, 6771.01, 19.46247624]
[1511143200, 6801.57, 6819.95, 6819.94, 6801.57, 9.93247398]
[1511139600, 6819.94, 6834, 6824.98, 6819.94, 17.94262307]
[1511136000, 6818, 6824.98, 6818, 6824.98, 18.3150734]
[1511132400, 6786.89, 6820, 6805, 6818.01, 50.24708452]
[1511128800, 6751.5, 6818.01, 6818.01, 6805, 122.66371188]
[1511125200, 6801, 6841, 6815.21, 6818, 105.55043206]
[1511121600, 6781.99, 6850.01, 6781.99, 6813.24, 284.53193865]
[1511118000, 6678.59, 6784, 6744.1, 6781.99, 181.16890997]
[1511114400, 6740, 6775, 6741.03, 6749.92, 383.98154866]
[1511110800, 6632.48, 6743.3, 6642, 6741.04, 234.64361495]
[1511107200, 6615, 6642, 6615.01, 6642, 48.5727762]
[1511103600, 6615, 6629.17, 6629.17, 6615.01, 39.39489268]
[1511100000, 6628.52, 6642, 6641.97, 6629.17, 45.4347846]
[1511096400, 6612.49, 6642, 6612.51, 6641.98, 57.13568888]
[1511092800, 6610, 6618.23, 6610.01, 6612.51, 38.60631896]
[1511089200, 6610, 6650, 6631.28, 6610.01, 48.36580659]
[1511085600, 6630.01, 6650, 6634.99, 6631.27, 68.83734973]
[1511082000, 6610.27, 6648.97, 6610.28, 6635, 69.37806959]
[1511078400, 6570.22, 6617.72, 6574.23, 6610.28, 55.85469495]
[1511074800, 6570.22, 6594.49, 6591.78, 6574.22, 53.51361028]
[1511071200, 6580, 6624.01, 6624.01, 6594.51, 77.1904774]
[1511067600, 6624, 6625.17, 6625.17, 6624.01, 14.33001966]
[1511064000, 6625.16, 6659, 6641.96, 6625.17, 15.06455306]
[1511060400, 6625, 6641.97, 6632.01, 6641.96, 10.82841084]
[1511056800, 6632.01, 6641.97, 6632.87, 6632.01, 10.40889563]
[1511053200, 6617, 6632.88, 6617.01, 6632.88, 10.98200797]
[1511049600, 6617, 6632, 6617, 6617.01, 24.36520823]
[1511046000, 6617, 6648.99, 6643.05, 6617, 28.02751987]
[1511042400, 6628.02, 6670, 6669.99, 6643.04, 54.14435158]
[1511038800, 6633.77, 6670, 6633.78, 6670, 75.62793346]
[1511035200, 6633.77, 6638, 6634, 6633.78, 20.25665207]
[1511031600, 6614.39, 6638.82, 6638.82, 6634, 36.94149215]
[1511028000, 6622.23, 6639, 6622.23, 6638.81, 48.08034965]
[1511024400, 6588.99, 6622.24, 6588.99, 6622.24, 48.62326659]
[1511020800, 6580, 6589.33, 6589.33, 6588.99, 31.1737017]
[1511017200, 6560.04, 6594.2, 6594.2, 6589.33, 43.98595415]
[1511013600, 6561.3, 6594.2, 6561.31, 6594.2, 55.04468356]
[1511010000, 6561.3, 6623.9, 6608.83, 6561.31, 56.19650744]
[1511006400, 6599.99, 6634.99, 6632.99, 6607.01, 47.63802804]
[1511002800, 6598, 6632.99, 6629.5, 6632.99, 65.68774008]
[1510999200, 6613, 6657.98, 6657.98, 6629.51, 43.76096609]
[1510995600, 6621.5, 6659.96, 6651.88, 6658.52, 64.75009471]
[1510992000, 6631.99, 6675, 6632, 6651.88, 70.45412276]
[1510988400, 6535.01, 6632, 6535.02, 6632, 43.47959082]
[1510984800, 6523.08, 6599, 6597.77, 6535.02, 44.67477112]
[1510981200, 6600, 6675, 6674.77, 6600, 43.89958858]
[1510977600, 6531.02, 6675, 6555.7, 6675, 29.36731779]
[1510974000, 6480.69, 6597, 6481.06, 6555.69, 61.48791732]
[1510970400, 6451.01, 6521.81, 6452, 6481.06, 104.59404296]
[1510966800, 6452, 6596.99, 6534.99, 6452, 104.60814757]
[1510963200, 6510, 6592.99, 6592.31, 6534.99, 119.05341458]
[1510959600, 6581.01, 6655, 6649.99, 6592.31, 69.93450421]
[1510956000, 6614.01, 6650, 6614.01, 6650, 115.29941782]
[1510952400, 6530.01, 6642.99, 6619, 6614.01, 218.66801257]
[1510948800, 6573, 6716.01, 6716.01, 6619.01, 239.67949296]
[1510945200, 6700, 6740, 6720, 6719.71, 88.66024762]
[1510941600, 6700, 6740, 6700.04, 6719.99, 79.28453658]
[1510938000, 6680.79, 6748.16, 6730.04, 6700, 156.68705042]
[1510934400, 6730, 6780, 6773.5, 6738.98, 137.6325121]
[1510930800, 6737.39, 6775, 6757.99, 6773.98, 164.4692036]
[1510927200, 6705.04, 6760, 6723.7, 6757.98, 132.91569606]
[1510923600, 6672, 6734, 6676.92, 6714.81, 75.42931258]
[1510920000, 6676.92, 6760, 6739, 6676.92, 136.56704634]
[1510916400, 6702, 6793, 6756, 6739.01, 206.71130358]
[1510912800, 6668.99, 6756, 6668.99, 6756, 229.94457398]
[1510909200, 6575, 6669, 6623.99, 6669, 220.98081209]
[1510905600, 6423.12, 6627, 6448.95, 6624, 361.45248437]
[1510902000, 6431.01, 6700.96, 6700.96, 6448.96, 440.85731497]
[1510898400, 6683.04, 6734.83, 6725, 6700.95, 70.6957591]
[1510894800, 6650, 6733.98, 6710.59, 6730.59, 72.22949037]
[1510891200, 6704.28, 6749.96, 6749.95, 6710.58, 41.29401838]
[1510887600, 6679.13, 6755, 6679.13, 6749.96, 46.99809052]
[1510884000, 6625.02, 6695.23, 6695.22, 6679.13, 57.08680268]
[1510880400, 6664, 6751, 6699.75, 6695.22, 118.61476828]
[1510876800, 6652.2, 6718.72, 6652.21, 6693.14, 121.20512053]
[1510873200, 6620.02, 6680, 6622.54, 6652.2, 161.94870073]
[1510869600, 6500, 6775, 6700, 6622.53, 624.71562066]
[1510866000, 6610.26, 6700, 6620, 6699.88, 295.53591396]
[1510862400, 6567.25, 6636.01, 6636.01, 6620, 187.60965113]
[1510858800, 6565.16, 6684.95, 6625, 6636.01, 408.01811971]
[1510855200, 6499.99, 6627, 6500, 6624.99, 445.33973737]
[1510851600, 6419.97, 6500, 6419.97, 6500, 255.02124361]
[1510848000, 6398, 6424.66, 6424.66, 6419.98, 90.27335962]
[1510844400, 6410, 6435, 6434.99, 6424.66, 77.36273112]
[1510840800, 6391.47, 6434.99, 6395.41, 6434.98, 126.75051655]
[1510837200, 6380.11, 6434.99, 6400.09, 6395.52, 141.25411165]
[1510833600, 6355.01, 6440, 6360.95, 6400.1, 143.55547025]
[1510830000, 6328.17, 6459.98, 6439, 6360.99, 257.68867845]
[1510826400, 6410, 6480, 6445.99, 6438.99, 271.47257824]
[1510822800, 6355.46, 6446, 6384.39, 6445.97, 258.37295229]
[1510819200, 6334.9, 6390, 6334.91, 6384.39, 216.75590792]
[1510815600, 6241.7, 6347.5, 6270.87, 6334.9, 165.77858528]
[1510812000, 6202.92, 6270.87, 6212.88, 6270.87, 52.96759825]
[1510808400, 6175.13, 6225, 6219.01, 6212.88, 26.67261368]
[1510804800, 6205, 6239, 6231.2, 6219, 14.40257838]
[1510801200, 6163.43, 6231.21, 6191.02, 6231.21, 20.28757128]
[1510797600, 6156, 6191.11, 6157, 6191.02, 22.41842223]
[1510794000, 6156, 6231.21, 6231.2, 6157, 118.31957956]
[1510790400, 6231.2, 6275, 6275, 6231.21, 56.8248097]
[1510786800, 6223.15, 6280, 6253.01, 6275, 82.46801842]
[1510783200, 6253, 6284, 6283.49, 6253.01, 118.11166294]
[1510779600, 6217.5, 6287.99, 6223.99, 6283.5, 157.97765084]
[1510776000, 6186.76, 6263.93, 6196.86, 6224, 211.67337548]
[1510772400, 6140, 6199, 6148, 6196.86, 130.67211065]
[1510768800, 6145.03, 6196, 6195.09, 6148, 139.9055981]
[1510765200, 6173, 6212, 6176.82, 6195.09, 171.45032366]
[1510761600, 6130, 6230, 6229.89, 6176.82, 211.66875489]
[1510758000, 6140.01, 6229.99, 6172, 6229.99, 219.44057739]
[1510754400, 6136.81, 6198.99, 6136.82, 6172.01, 182.27144665]
[1510750800, 6112.88, 6249.98, 6249.97, 6136.81, 472.78177403]
[1510747200, 6060.02, 6250, 6132.49, 6249.97, 634.72522994]
[1510743600, 5986.99, 6148, 5994.99, 6147.99, 475.28471474]
[1510740000, 5930.11, 5994.99, 5931.97, 5994.99, 200.55886602]
[1510736400, 5930, 5999.99, 5988.21, 5932.1, 272.88749469]
[1510732800, 5932.37, 5998.95, 5932.37, 5987.35, 247.95006809]
[1510729200, 5920, 5987, 5934.98, 5932.38, 352.52898712]
[1510725600, 5866.03, 5945, 5880, 5934.99, 154.43601031]
[1510722000, 5864.99, 5943.85, 5865, 5881.78, 199.29596074]
[1510718400, 5834.14, 5872.05, 5846, 5865, 54.29312849]
[1510714800, 5845.64, 5895, 5875.01, 5846, 52.38595285]
[1510711200, 5792.61, 5890, 5794, 5875, 104.66882014]
[1510707600, 5758.59, 5799, 5780, 5794.56, 67.28292683]
[1510704000, 5688.79, 5780, 5688.8, 5780, 109.36774444]
[1510700400, 5655.84, 5688.8, 5674.51, 5688.8, 49.68928242]
[1510696800, 5661.13, 5700, 5683.99, 5672.86, 109.46143426]
[1510693200, 5669, 5694.98, 5694, 5683.99, 86.74908585]
[1510689600, 5685.05, 5695, 5685.41, 5694, 82.03706458]
[1510686000, 5638, 5685.41, 5638, 5685.41, 95.53946857]
[1510682400, 5632.05, 5684.31, 5662.99, 5638, 136.09942214]
[1510678800, 5662.98, 5698.99, 5682.99, 5662.98, 92.58507721]
[1510675200, 5652.01, 5690, 5652.01, 5682.99, 86.49287294]
[1510671600, 5650, 5721.51, 5695.85, 5652.01, 121.52853871]
[1510668000, 5648.17, 5695.99, 5648.18, 5695.85, 99.25729483]
[1510664400, 5648.16, 5674.89, 5674.89, 5648.18, 77.87014872]
[1510660800, 5633, 5675, 5670.01, 5674.89, 162.33811716]
[1510657200, 5670, 5731.08, 5731.08, 5670.01, 107.36448042]
[1510653600, 5700.25, 5733, 5700.34, 5731.08, 63.65627007]
[1510650000, 5637.84, 5700.37, 5642.76, 5700.35, 76.52058958]
[1510646400, 5610.01, 5734.15, 5734.15, 5642.39, 175.5014876]
