[1491206400, 1053.33, 1070, 1067.44, 1066.62, 64.68877308]
[1491202800, 1064.9, 1072, 1071.71, 1068.89, 61.13775157]
[1491199200, 1066.61, 1072.28, 1069.19, 1072, 25.11862188]
[1491195600, 1062.7, 1072.35, 1065.69, 1069.19, 37.61426344]
[1491192000, 1063.23, 1079.33, 1078, 1066.46, 32.08297318]
[1491188400, 1066.19, 1078, 1066.19, 1078, 33.98014018]
[1491184800, 1061.09, 1067, 1064.11, 1066.18, 9.99691155]
[1491181200, 1059.49, 1071.98, 1069.11, 1065.61, 26.30356004]
[1491177600, 1041.96, 1073.81, 1041.98, 1069.85, 83.21502246]
[1491174000, 1041.27, 1047.7, 1046.35, 1041.99, 12.15]
[1491170400, 1038.32, 1047.26, 1041.37, 1046.3, 15.50121313]
[1491166800, 1036, 1045.2, 1043.99, 1040.96, 36.58916198]
[1491163200, 1042.89, 1049, 1044, 1043.99, 22.82958438]
[1491159600, 1038.7, 1044.01, 1039.69, 1044, 44.41013681]
[1491156000, 1035.1, 1041, 1037.48, 1039.11, 39.29091972]
[1491152400, 1033.26, 1039.99, 1035.75, 1036.42, 35.00788722]
[1491148800, 1032.41, 1041, 1041, 1035.75, 40.33921723]
[1491145200, 1026.16, 1041, 1026.51, 1041, 22.02108818]
[1491141600, 1023.02, 1028.3, 1025.53, 1026.55, 16.6236433]
[1491138000, 1019.96, 1030.16, 1021.57, 1025.55, 32.61416235]
[1491134400, 1015, 1026, 1026, 1021.99, 36.14682538]
[1491130800, 1022.43, 1031.49, 1031.49, 1026, 31.8146198]
[1491127200, 1022.14, 1031.65, 1023.31, 1031.65, 12.93666079]
[1491123600, 1022.67, 1026.8, 1025.79, 1023.31, 15.51195136]
[1491120000, 1021.73, 1031, 1030, 1025.03, 63.5908765]
[1491116400, 1022.39, 1031, 1023.87, 1030, 14.88]
[1491112800, 1019.56, 1026.88, 1021.72, 1023.87, 6.02]
[1491109200, 1018.16, 1022.03, 1019.6, 1022.03, 1.61]
[1491105600, 1018.16, 1021.86, 1021.86, 1019.15, 1.19]
[1491102000, 1018.18, 1022.56, 1022.56, 1021.36, 1.00762476]
[1491098400, 1021.46, 1025.27, 1024.63, 1022.71, 1.48]
[1491094800, 1020.42, 1025.24, 1023.61, 1024.89, 1.64]
[1491091200, 1019.76, 1029.54, 1026.5, 1019.76, 10.35460176]
[1491087600, 1019.19, 1026.55, 1019.56, 1026.26, 6.02638914]
[1491084000, 1018.52, 1022.84, 1018.71, 1019.56, 7.254]
[1491080400, 1012.55, 1018.98, 1014.62, 1018.71, 18.43751569]
[1491076800, 1003, 1019.27, 1019.27, 1015.14, 33.65049338]
[1491073200, 1017.73, 1023, 1021.17, 1019.26, 15.63688635]
[1491069600, 1016.12, 1021.77, 1018.61, 1019.26, 11.80163045]
[1491066000, 1010.92, 1020.88, 1020.38, 1018.76, 39.64655733]
[1491062400, 1009.31, 1021.75, 1020, 1020.39, 20.55103805]
[1491058800, 1007.17, 1021.71, 1020.03, 1020, 39.71626979]
[1491055200, 1020, 1037.79, 1037.78, 1020.49, 33.66103002]
[1491051600, 1025.94, 1042.4, 1040.87, 1037.76, 50.35712624]
[1491048000, 1037.03, 1045.87, 1037.12, 1040.95, 29.05444175]
[1491044400, 1037.09, 1045.55, 1045.12, 1037.11, 41.90085864]
[1491040800, 1034.71, 1045.3, 1036.99, 1045.12, 24.8140099]
[1491037200, 1031.84, 1045.38, 1032.52, 1036.99, 57.4977787]
[1491033600, 1021.2, 1034.31, 1025.7, 1032.52, 31.96633824]
[1491030000, 1020.03, 1025.69, 1022.89, 1025.69, 14.92509888]
[1491026400, 1018.46, 1023.84, 1019.85, 1023.01, 16.0493752]
[1491022800, 1016.1, 1020, 1019.88, 1020, 6.47]
[1491019200, 1016.75, 1020.6, 1020.1, 1016.75, 8.7]
[1491015600, 1017.4, 1020.87, 1018.71, 1019.64, 8.62278326]
[1491012000, 1017.6, 1021.57, 1018.2, 1019.53, 9.69241]
[1491008400, 1015.28, 1023.91, 1021.04, 1018.2, 19.228]
[1491004800, 1017.88, 1023.91, 1020.45, 1020.49, 28.43151552]
[1491001200, 1012.7, 1023.89, 1023.89, 1019.85, 14.25535356]
[1490997600, 1016.21, 1023.92, 1018.17, 1021.34, 21.50357999]
[1490994000, 1006.16, 1023.92, 1010.41, 1018.17, 59.01864928]
[1490990400, 1007.76, 1017.61, 1013.67, 1008.49, 46.44412552]
[1490986800, 1013.13, 1017.17, 1016.21, 1014.5, 27.62]
[1490983200, 1010.1, 1017.81, 1010.1, 1016.18, 25.03626949]
[1490979600, 1002.76, 1013, 1008.99, 1010.08, 52.84618884]
[1490976000, 1008.7, 1022.68, 1022.68, 1010.74, 77.42918378]
[1490972400, 994.16, 1023, 996.12, 1022.74, 106.70744126]
[1490968800, 984.69, 996.33, 988.66, 996.28, 44.04939883]
[1490965200, 983.29, 989.9, 987.23, 988.63, 65.03702127]
[1490961600, 984.1, 990.36, 987.44, 987.82, 43.76901302]
[1490958000, 984, 990.36, 988.23, 986.93, 55.96908003]
[1490954400, 983.01, 990.34, 985.4, 988.15, 46.84598645]
[1490950800, 984.73, 991.99, 986.8, 985.58, 46.59300175]
[1490947200, 985.01, 990.68, 986.99, 986.8, 42.98810954]
[1490943600, 981.21, 993.02, 984, 987.99, 53.01475694]
[1490940000, 978.38, 986.27, 983.29, 983.99, 32.02541082]
[1490936400, 982.31, 987.98, 985.74, 982.31, 26.62378408]
[1490932800, 982.97, 988, 983.85, 985.74, 12.46000003]
[1490929200, 983.09, 985.75, 983.23, 984.84, 12.76114606]
[1490925600, 977.99, 983.23, 977.99, 983.23, 16.66775814]
[1490922000, 977.03, 978, 977.99, 977.99, 15.45767258]
[1490918400, 976.23, 978, 976.23, 977.99, 19.80357955]
[1490914800, 970.04, 975.28, 972.35, 975.15, 9.49151471]
[1490911200, 965.79, 975.68, 972.91, 973.35, 24.5278068]
[1490907600, 965.2, 977.38, 974.64, 972.82, 69.98287494]
[1490904000, 966.79, 976.3, 970.67, 974.8, 30.83487295]
[1490900400, 965.76, 973.22, 970.77, 971.31, 47.82079824]
[1490896800, 967.03, 973.54, 970.88, 972.38, 31.03798913]
[1490893200, 960.01, 974.99, 961.17, 970.96, 74.22612354]
[1490889600, 956.73, 964.44, 958.46, 961.8, 28.60881501]
[1490886000, 958.42, 964.44, 964.21, 958.47, 51.7973708]
[1490882400, 958.01, 964.44, 958.01, 964.21, 39.41475796]
[1490878800, 951.05, 965, 963.83, 958.02, 96.41610685]
[1490875200, 960.26, 971.36, 966.91, 964.68, 59.31818775]
[1490871600, 965.5, 971.25, 969.01, 966.98, 32.20505245]
[1490868000, 962.08, 971.11, 962.09, 969.01, 44.86652347]
[1490864400, 959.32, 971.59, 968.76, 961.99, 26.65676145]
[1490860800, 963.16, 980, 979.98, 968.77, 56.23927764]
[1490857200, 971.48, 980, 972.94, 979.98, 43.41764087]
[1490853600, 970.01, 973, 972.18, 972.94, 20.05659003]
[1490850000, 968.7, 973.98, 971.33, 971.55, 18.19109439]
[1490846400, 969.1, 971.96, 971.46, 971.46, 6.23087723]
[1490842800, 969.28, 977.55, 975.22, 969.35, 9.16348555]
[1490839200, 972.04, 976.31, 972.04, 972.99, 2.0988]
[1490835600, 971.51, 978.03, 976, 972.41, 10.3462]
[1490832000, 969.67, 976, 970.46, 976, 18.77824671]
[1490828400, 965.49, 970.49, 970, 968.92, 38.53581704]
[1490824800, 968.71, 974.58, 969.89, 970, 11.9430053]
[1490821200, 965.69, 973.51, 967.99, 970.86, 38.60713203]
[1490817600, 963.89, 973.17, 969.06, 967.76, 67.86475483]
[1490814000, 958.15, 969.9, 962.71, 969.16, 27.68862206]
[1490810400, 948.99, 964.18, 958.53, 962.71, 25.6052471]
[1490806800, 958.49, 974.53, 974.28, 958.49, 42.01811507]
[1490803200, 969.77, 976.26, 971.57, 975.13, 27.75493]
[1490799600, 969.41, 975.7, 974.26, 971.57, 35.92415111]
[1490796000, 970.65, 975.17, 971.53, 975, 37.53427984]
[1490792400, 965.72, 979.97, 977.89, 971.68, 66.95038326]
[1490788800, 972.97, 978.56, 975.19, 977.97, 47.27185052]
[1490785200, 960.88, 978.56, 962, 975.56, 46.9528948]
[1490781600, 961.34, 972.86, 963.86, 961.99, 30.67097742]
[1490778000, 949.76, 963.86, 954.62, 963.51, 23.6237183]
[1490774400, 938.27, 958.33, 942.75, 955.64, 99.24391407]
[1490770800, 938.08, 946.27, 944.03, 943.9, 66.96274758]
[1490767200, 940.75, 954.23, 951.94, 944.2, 34.64214361]
[1490763600, 943.72, 953.05, 945.76, 953.05, 24.88105115]
[1490760000, 935.8, 946.97, 935.8, 944.14, 8.68304415]
[1490756400, 932.19, 941.57, 940.24, 939.98, 3.94923186]
[1490752800, 940.28, 956.55, 956.31, 940.28, 16.8621001]
[1490749200, 954.94, 962.48, 961.63, 957.54, 16.47198677]
[1490745600, 956.25, 970.97, 970.73, 962.25, 15.79471028]
[1490742000, 968.3, 971.21, 969.88, 971.21, 4.37647756]
[1490738400, 960.88, 970.38, 962.53, 969.8, 26.98929203]
[1490734800, 953.46, 966.75, 956.12, 962.53, 35.81719805]
[1490731200, 941.77, 960.42, 949.7, 955.97, 69.20181449]
[1490727600, 940, 959, 958.25, 946.26, 49.41814239]
[1490724000, 954.47, 971.02, 971.02, 958.67, 74.77007072]
[1490720400, 970.81, 977.66, 972.99, 970.81, 43.64663401]
[1490716800, 972, 980.31, 977.95, 973, 28.7871368]
[1490713200, 969.94, 981.97, 972.19, 977.97, 48.77536169]
[1490709600, 971, 981.8, 981.37, 972.19, 61.64064167]
[1490706000, 977.05, 986.95, 985.99, 981.8, 48.86143737]
[1490702400, 982.91, 987.86, 984.42, 985.95, 65.13031852]
[1490698800, 968.03, 984.52, 979.1, 984.47, 95.36313569]
[1490695200, 976.47, 982.11, 980.26, 978.62, 52.68793922]
[1490691600, 969.46, 980.46, 969.83, 980.46, 75.23470194]
[1490688000, 965.13, 970.12, 967.33, 969.81, 58.99306816]
[1490684400, 955.97, 966.89, 956.16, 966.89, 42.75086433]
[1490680800, 948.6, 958.73, 950.37, 956.15, 73.3864362]
[1490677200, 950, 958.06, 954.39, 951.5, 20.70761485]
[1490673600, 953.62, 957.06, 955.25, 954.24, 8.14181079]
[1490670000, 950.02, 957.08, 954.74, 954.6, 6.36969742]
[1490666400, 950, 953.67, 950.97, 953.64, 3.03116]
[1490662800, 952.48, 956.18, 954.51, 953.66, 9.53600958]
[1490659200, 951.85, 962.4, 962, 954.51, 25.56006497]
[1490655600, 954.38, 964, 958.96, 962.04, 23.88865957]
[1490652000, 949.73, 962.44, 949.81, 959.28, 52.13166887]
[1490648400, 943.32, 950, 944.32, 949.99, 20.16046302]
[1490644800, 933.66, 944.34, 938.05, 944.33, 21.34441372]
[1490641200, 930.15, 945.77, 945.11, 938.37, 44.25195651]
[1490637600, 938.84, 946.94, 944.01, 946.56, 34.45243132]
[1490634000, 931.16, 950, 948.37, 944.01, 60.69625943]
[1490630400, 943.71, 950, 948.6, 948.37, 66.0533345]
[1490626800, 935.48, 949.04, 945.24, 949.03, 57.19748975]
[1490623200, 937.19, 950, 947.99, 947.07, 62.52184475]
[1490619600, 928.99, 948.72, 929, 947.99, 100.55328085]
[1490616000, 913.99, 932.04, 916.06, 928.99, 67.47123903]
[1490612400, 911.16, 920.15, 913.75, 914.92, 76.20163537]
[1490608800, 908.03, 922, 918, 913.95, 73.01551124]
[1490605200, 906.62, 918.47, 914.98, 916.92, 92.79520256]
[1490601600, 910.14, 922, 914.07, 914.98, 58.79580104]
[1490598000, 904.67, 914, 909.13, 914, 48.95426923]
[1490594400, 894.99, 908.83, 895.82, 908.83, 46.84712075]
[1490590800, 895.48, 901.69, 899.09, 896.69, 16.64531471]
[1490587200, 896.1, 900, 896.1, 900, 7.24558099]
[1490583600, 895.03, 899.96, 899.88, 896.1, 5.86]
[1490580000, 898.99, 900, 898.99, 899.97, 3.33]
[1490576400, 895.93, 900, 896.02, 899.18, 3.2]
[1490572800, 885.37, 900, 893.66, 896.39, 29.21944828]
[1490569200, 881.32, 893.66, 886.26, 893.66, 14.4380495]
[1490565600, 874.08, 899.56, 883.59, 887.26, 35.61747887]
[1490562000, 883.6, 913.7, 905.8, 883.6, 60.05277604]
[1490558400, 903.32, 918.19, 913.08, 905.96, 35.80658217]
[1490554800, 905.01, 912.6, 908.89, 910.54, 88.36740837]
[1490551200, 908, 918.89, 910, 909.03, 27.54443171]
[1490547600, 908, 922.1, 918.38, 910, 92.41846918]
[1490544000, 913.8, 924.98, 924.92, 918.38, 51.82175459]
[1490540400, 918.36, 925, 918.43, 924.83, 121.8362284]
[1490536800, 913.13, 921.72, 915.73, 918.55, 66.06682387]
[1490533200, 909.02, 919, 909.03, 915.72, 51.42782998]
[1490529600, 902.93, 911, 904.26, 909.03, 57.79450937]
[1490526000, 897.78, 905.24, 897.79, 903.63, 33.08054239]
[1490522400, 892.7, 899.3, 894.69, 899.01, 59.27222424]
[1490518800, 888.49, 895, 888.77, 894.99, 34.48521795]
[1490515200, 878, 888.72, 882.06, 888.72, 26.09319918]
[1490511600, 875.37, 895.02, 895, 882.06, 30.11684901]
[1490508000, 887.7, 897.29, 896.16, 895.99, 42.41021146]
[1490504400, 890.49, 899.23, 895.21, 894.61, 5.3610956]
[1490500800, 889.51, 897.05, 897.04, 892.43, 26.57862268]
[1490497200, 892.66, 901.05, 892.66, 894.88, 11.44987779]
[1490493600, 886.92, 893.51, 893.29, 890.96, 28.95881776]
[1490490000, 888.52, 896.49, 896.49, 891.18, 27.25818325]
[1490486400, 890.5, 899.73, 897.86, 893.73, 27.0942647]
