[1502006400, 2675.22, 2700.1, 2700.09, 2687.01, 57.22835436]
[1502002800, 2700, 2734.46, 2732.48, 2700.1, 37.7948315]
[1501999200, 2718.8, 2737.1, 2718.86, 2734.81, 15.79451231]
[1501995600, 2706.69, 2727.18, 2725.8, 2719.32, 14.45530139]
[1501992000, 2720.27, 2739.33, 2726.15, 2725.79, 11.69629453]
[1501988400, 2703.05, 2730.01, 2730, 2726.54, 25.48035379]
[1501984800, 2730, 2762.34, 2751.65, 2730.01, 18.99750095]
[1501981200, 2751.67, 2782.79, 2768.77, 2751.67, 53.91202042]
[1501977600, 2760.47, 2789.96, 2762.07, 2768.08, 27.96311313]
[1501974000, 2722.25, 2764.91, 2736.69, 2762.06, 29.78317258]
[1501970400, 2732.99, 2757.62, 2732.99, 2737.14, 54.95518415]
[1501966800, 2687.69, 2761.49, 2761.49, 2733.14, 106.80736118]
[1501963200, 2755.04, 2787.37, 2768.74, 2761.37, 43.67247283]
[1501959600, 2758.59, 2796.96, 2786.98, 2767.34, 91.97534823]
[1501956000, 2754.87, 2850, 2795.71, 2786.98, 145.21091788]
[1501952400, 2763.94, 2820, 2784.93, 2795.72, 154.63083856]
[1501948800, 2702.52, 2786.54, 2703.04, 2784.93, 143.79208948]
[1501945200, 2684.32, 2734.18, 2728.1, 2703.04, 108.22891419]
[1501941600, 2671.34, 2728.52, 2680.37, 2728.1, 124.63794482]
[1501938000, 2669.97, 2686.74, 2673.97, 2679.01, 73.80565943]
[1501934400, 2655.99, 2674.39, 2660.06, 2673.97, 51.7071282]
[1501930800, 2643.07, 2711.09, 2710.24, 2663.26, 119.70856129]
[1501927200, 2665, 2714.3, 2682.74, 2710.25, 138.70698625]
[1501923600, 2677.05, 2740, 2677.05, 2682.43, 170.76603462]
[1501920000, 2643, 2699, 2643.02, 2677.25, 122.27561302]
[1501916400, 2637.28, 2678, 2678, 2644.83, 102.83244359]
[1501912800, 2592.95, 2680, 2625, 2678.01, 135.42260879]
[1501909200, 2602.37, 2647.72, 2634.91, 2625, 54.01433044]
[1501905600, 2600.03, 2697.54, 2617.24, 2634.9, 70.26358911]
[1501902000, 2477, 2700, 2477, 2618.54, 230.11401656]
[1501898400, 2438.99, 2477, 2439.02, 2477, 35.79280549]
[1501894800, 2435.29, 2444, 2435.54, 2440.21, 12.13020478]
[1501891200, 2432.06, 2437.58, 2432.06, 2435.77, 14.00620431]
[1501887600, 2424.52, 2436.94, 2429.68, 2431.11, 14.59769621]
[1501884000, 2417.61, 2429.99, 2417.98, 2429.68, 14.17319143]
[1501880400, 2407.86, 2419.89, 2407.88, 2417.74, 21.17733658]
[1501876800, 2401.32, 2411.18, 2403.66, 2411.17, 30.75660453]
[1501873200, 2401.63, 2413.41, 2412.39, 2404.03, 22.92601202]
[1501869600, 2412.46, 2428.7, 2425.92, 2412.46, 34.77254317]
[1501866000, 2414.21, 2430.13, 2420.04, 2425.78, 38.8329669]
[1501862400, 2420.38, 2444.99, 2438.77, 2420.38, 77.48853258]
[1501858800, 2428.31, 2442.66, 2430, 2438.91, 69.91313168]
[1501855200, 2416.74, 2430, 2417.8, 2430, 69.45349807]
[1501851600, 2411.8, 2427.39, 2414.16, 2418.64, 75.09317399]
[1501848000, 2408.32, 2418.17, 2412.47, 2414.31, 50.62882974]
[1501844400, 2410.44, 2443.72, 2418.99, 2411.61, 124.05974372]
[1501840800, 2406.07, 2419, 2415.94, 2418.99, 73.67667068]
[1501837200, 2405.2, 2418, 2409.6, 2415.11, 76.2924805]
[1501833600, 2372.75, 2410, 2372.76, 2410, 77.03328559]
[1501830000, 2358.41, 2373.45, 2359.96, 2372.75, 56.76544004]
[1501826400, 2358.14, 2373.14, 2362.8, 2363.04, 45.33896543]
[1501822800, 2344.8, 2362.8, 2352.15, 2362.8, 26.13391507]
[1501819200, 2352.24, 2370.84, 2356.13, 2352.24, 17.77802726]
[1501815600, 2353.24, 2362.52, 2354.39, 2361.76, 5.22434619]
[1501812000, 2355.77, 2366.12, 2358.74, 2355.77, 14.80793187]
[1501808400, 2356.01, 2370.84, 2368, 2357.44, 46.57210012]
[1501804800, 2365.71, 2370.68, 2365.71, 2367.77, 21.44798451]
[1501801200, 2361, 2372.86, 2369.88, 2365.71, 21.45764492]
[1501797600, 2358.57, 2372, 2359.84, 2372, 21.87672138]
[1501794000, 2355.4, 2371.31, 2361, 2358.77, 46.09983979]
[1501790400, 2355.38, 2375, 2364.6, 2361, 38.67657851]
[1501786800, 2346.28, 2368.32, 2349.88, 2359.16, 43.79875676]
[1501783200, 2338.35, 2349.89, 2338.98, 2349.84, 26.40681202]
[1501779600, 2337.79, 2352.38, 2345.42, 2339.07, 41.38105336]
[1501776000, 2341.75, 2352.33, 2343.1, 2345.41, 53.47636585]
[1501772400, 2325.99, 2350, 2326, 2350, 80.86947771]
[1501768800, 2323.11, 2329.48, 2326.68, 2326, 31.91166058]
[1501765200, 2319.85, 2330, 2320, 2327, 37.8198272]
[1501761600, 2315.7, 2328.65, 2324.18, 2320, 38.15045908]
[1501758000, 2320, 2329.35, 2327.87, 2324.28, 56.63462271]
[1501754400, 2326.46, 2332.62, 2331.11, 2327.65, 57.49419203]
[1501750800, 2314.25, 2340, 2315, 2331.1, 90.11639401]
[1501747200, 2305.61, 2315.78, 2309.56, 2315, 57.3349223]
[1501743600, 2304.5, 2314.89, 2305.18, 2310.15, 58.86758649]
[1501740000, 2297.55, 2308.84, 2301.87, 2304.86, 30.48374517]
[1501736400, 2296.89, 2305.43, 2305.43, 2301.87, 7.38918669]
[1501732800, 2299.88, 2307.43, 2300, 2305.81, 10.48947017]
[1501729200, 2299.88, 2300, 2299.88, 2300, 1.38260219]
[1501725600, 2295.23, 2299.92, 2296.11, 2299.88, 4.91]
[1501722000, 2292.36, 2296.11, 2296.1, 2296.11, 8.36858232]
[1501718400, 2291.96, 2296.11, 2291.99, 2296.11, 6.57762174]
[1501714800, 2275.53, 2291.99, 2284, 2291.99, 18.71104338]
[1501711200, 2262.25, 2288.72, 2264.73, 2283.99, 22.90737379]
[1501707600, 2247.82, 2284.44, 2282.99, 2262.82, 56.97886615]
[1501704000, 2247.38, 2294.55, 2294.55, 2284.41, 53.14481877]
[1501700400, 2294.55, 2307.42, 2306.75, 2294.55, 60.36486399]
[1501696800, 2296.64, 2310, 2302.23, 2303.89, 41.83771862]
[1501693200, 2290.11, 2318.05, 2304.55, 2301.89, 67.1663971]
[1501689600, 2288.67, 2304.56, 2294.41, 2304.56, 41.77206581]
[1501686000, 2287.25, 2305.57, 2291.5, 2294.43, 38.88922222]
[1501682400, 2277.06, 2297.61, 2277.06, 2290.44, 82.17063345]
[1501678800, 2266.5, 2336.39, 2331.7, 2274.44, 167.61963108]
[1501675200, 2330.92, 2353.55, 2344.59, 2332.93, 95.9539087]
[1501671600, 2315.77, 2347.75, 2316.21, 2345.98, 62.69650396]
[1501668000, 2308.13, 2335.64, 2329.61, 2316.24, 91.154702]
[1501664400, 2311.57, 2336.9, 2324.6, 2329.64, 72.57244881]
[1501660800, 2311.45, 2340, 2320.67, 2325.7, 59.55867544]
[1501657200, 2320.01, 2348, 2328.61, 2320.66, 41.63648412]
[1501653600, 2326.04, 2350, 2334.57, 2328.94, 49.16848172]
[1501650000, 2333.05, 2346.51, 2333.05, 2337.32, 19.64684958]
[1501646400, 2326.65, 2339.51, 2333.59, 2333.66, 14.64566601]
[1501642800, 2327.39, 2339.5, 2337.72, 2330.15, 4.827944]
[1501639200, 2321.17, 2343.64, 2328.17, 2338.67, 6.8956367]
[1501635600, 2302.67, 2325.68, 2308.59, 2325.68, 14.94287699]
[1501632000, 2305.84, 2340.73, 2334.04, 2306.71, 15.08747535]
[1501628400, 2309.87, 2338.43, 2313.92, 2333.41, 22.56591758]
[1501624800, 2305.85, 2348.98, 2330.46, 2313.17, 32.45689609]
[1501621200, 2316.59, 2349.99, 2347.87, 2333.94, 41.05655893]
[1501617600, 2340.91, 2380, 2372.55, 2350, 57.42034935]
[1501614000, 2337.49, 2378.11, 2372.55, 2372.49, 87.06126144]
[1501610400, 2361.26, 2391.19, 2363.48, 2384.61, 68.18805571]
[1501606800, 2341.54, 2373.02, 2365.99, 2364.26, 48.49387596]
[1501603200, 2335.02, 2375, 2355, 2371.35, 72.55356682]
[1501599600, 2332.75, 2371.33, 2362.05, 2355, 40.77448886]
[1501596000, 2317.02, 2387.16, 2317.02, 2362.05, 74.63168272]
[1501592400, 2283.86, 2397.41, 2362.17, 2330.85, 147.83513467]
[1501588800, 2286.1, 2415, 2399.97, 2340.36, 133.66567432]
[1501585200, 2350, 2400, 2362.47, 2399.99, 60.48662524]
[1501581600, 2299, 2422.61, 2299.99, 2364.95, 80.92898577]
[1501578000, 2250, 2340.5, 2283.13, 2300, 171.5312198]
[1501574400, 2235.02, 2470, 2324.67, 2262.98, 183.08502665]
[1501570800, 2321.41, 2470, 2448.44, 2335.5, 177.63553344]
[1501567200, 2434.36, 2482.35, 2475.42, 2447.37, 52.38727607]
[1501563600, 2440.01, 2499, 2445.45, 2475.17, 71.93354393]
[1501560000, 2415.06, 2448.25, 2431.4, 2447.92, 25.92296747]
[1501556400, 2416.19, 2434.37, 2419.53, 2434.37, 7.87785231]
[1501552800, 2418.48, 2428.77, 2425.1, 2420.37, 3.60738209]
[1501549200, 2398.87, 2434.64, 2400, 2427.93, 7.33591216]
[1501545600, 2400.04, 2426.98, 2426.98, 2400.33, 10.15746537]
[1501542000, 2408.65, 2437.71, 2411.54, 2427, 13.46141958]
[1501538400, 2408.64, 2449.92, 2432.98, 2428.3, 45.53993652]
[1501534800, 2426.22, 2475, 2459.68, 2432.98, 88.93544405]
[1501531200, 2405.6, 2474.44, 2418.32, 2459.68, 116.35451358]
[1501527600, 2383.68, 2426.39, 2403.4, 2424.5, 69.63630275]
[1501524000, 2371.67, 2410.23, 2380.91, 2405.73, 42.31669741]
[1501520400, 2367.93, 2399.95, 2384.23, 2368, 51.17248174]
[1501516800, 2368.31, 2396, 2384.96, 2384.19, 43.36417037]
[1501513200, 2344.81, 2388.73, 2374.39, 2384.96, 49.51273594]
[1501509600, 2360, 2397.34, 2393.75, 2374.29, 91.38670921]
[1501506000, 2384.91, 2420, 2413.71, 2390.81, 56.42512112]
[1501502400, 2385.88, 2417.03, 2390, 2413.71, 58.6031806]
[1501498800, 2366.11, 2400, 2368.99, 2389.99, 49.27414082]
[1501495200, 2339.36, 2371.41, 2341.61, 2367.56, 39.27147063]
[1501491600, 2330.33, 2364.99, 2360.93, 2341.79, 59.93866026]
[1501488000, 2349.99, 2364.41, 2349.99, 2360.04, 47.62791567]
[1501484400, 2343.3, 2350, 2347.23, 2350, 37.555071]
[1501480800, 2335.15, 2350, 2344.92, 2343.53, 28.65185268]
[1501477200, 2325.55, 2347.99, 2332.56, 2347.79, 19.33212469]
[1501473600, 2326.39, 2339.54, 2339.02, 2332.07, 7.92010233]
[1501470000, 2333.01, 2340, 2333.01, 2339.93, 6.56216928]
[1501466400, 2314.61, 2335.75, 2315.01, 2333.05, 18.5741708]
[1501462800, 2315, 2333.55, 2331.32, 2315, 10.69619686]
[1501459200, 2331.99, 2342.99, 2341.93, 2331.99, 14.91406549]
[1501455600, 2325.02, 2341.96, 2325.42, 2341.96, 15.7014295]
[1501452000, 2325, 2342, 2338.45, 2326.49, 21.31343397]
[1501448400, 2315.47, 2340.45, 2334.56, 2339.65, 41.79005137]
[1501444800, 2325, 2342, 2338.5, 2334.72, 40.2562316]
[1501441200, 2335.88, 2350, 2350, 2338.55, 42.29068628]
[1501437600, 2332, 2350, 2338.44, 2350, 40.47513556]
[1501434000, 2332, 2358.32, 2332.01, 2336.21, 35.01416775]
[1501430400, 2326.23, 2360, 2340.72, 2332.04, 49.82667747]
[1501426800, 2324.99, 2344.81, 2325, 2344, 34.99418784]
[1501423200, 2289.8, 2325, 2300, 2325, 22.22007543]
[1501419600, 2287, 2306.76, 2297.08, 2300, 31.33664496]
[1501416000, 2283.29, 2301.02, 2283.29, 2296, 36.13529892]
[1501412400, 2260.09, 2286.23, 2267.08, 2283.3, 33.55784201]
[1501408800, 2267.39, 2299.27, 2278.58, 2267.39, 35.60602883]
[1501405200, 2250.64, 2289.57, 2255.11, 2279.35, 46.59380994]
[1501401600, 2251.32, 2300, 2268, 2255.11, 33.25074855]
[1501398000, 2245.46, 2289.2, 2257.47, 2279.96, 30.51772232]
[1501394400, 2220.67, 2292.7, 2260.44, 2259.24, 63.45733448]
[1501390800, 2208.05, 2322.15, 2322.07, 2259.13, 77.95079992]
[1501387200, 2314.05, 2322.17, 2314.31, 2318.08, 3.81899]
[1501383600, 2300.77, 2320.71, 2312.98, 2307.64, 7.90632457]
[1501380000, 2310, 2314.93, 2314.93, 2310, 1.96445689]
[1501376400, 2310, 2315.74, 2310, 2314.93, 3.55381426]
[1501372800, 2306.87, 2330, 2309, 2310.01, 20.53826084]
[1501369200, 2278.77, 2321.07, 2312.66, 2312.37, 31.03034095]
[1501365600, 2290.02, 2323.31, 2319, 2312.66, 28.09245153]
[1501362000, 2309.95, 2338.62, 2328.88, 2318.99, 33.55339396]
[1501358400, 2313.4, 2337.98, 2337.81, 2335.48, 22.62990098]
[1501354800, 2322.66, 2341.64, 2329.87, 2337.95, 41.88213867]
[1501351200, 2307.36, 2333.99, 2317.53, 2330, 18.76659071]
[1501347600, 2299.49, 2337.13, 2317.52, 2302.58, 72.09448523]
[1501344000, 2307.53, 2324.34, 2319.25, 2316.79, 27.12562016]
[1501340400, 2301, 2335.2, 2302.34, 2319.31, 28.20575173]
[1501336800, 2291.02, 2306.99, 2296.45, 2305.6, 26.78957727]
[1501333200, 2292.78, 2309.79, 2301.8, 2296.45, 40.35193833]
[1501329600, 2254.87, 2301, 2294.02, 2299.22, 76.13949065]
[1501326000, 2288.8, 2301.15, 2299, 2294.2, 37.12703516]
[1501322400, 2260.01, 2337.14, 2337.13, 2299.05, 280.80826669]
[1501318800, 2337.12, 2349.9, 2340.07, 2337.13, 60.31635941]
[1501315200, 2303.66, 2351.94, 2330.37, 2340.01, 58.49887245]
[1501311600, 2325, 2355.58, 2352.32, 2334.08, 35.67045918]
[1501308000, 2336.14, 2366.56, 2342.82, 2352.31, 25.10614293]
[1501304400, 2325.33, 2350, 2332.16, 2342.36, 18.11126488]
[1501300800, 2305, 2332.62, 2320, 2323.99, 27.42135057]
[1501297200, 2312.49, 2356.35, 2344.63, 2320, 34.0955508]
[1501293600, 2342.7, 2360.6, 2357.81, 2344.05, 18.42860785]
[1501290000, 2357.81, 2383.52, 2383.51, 2357.81, 11.44252959]
[1501286400, 2370.11, 2386.44, 2380.42, 2386.44, 15.70915372]
