[1512086400, 8900, 8994, 8964.31, 8900, 98.72548102]
[1512082800, 8840, 8991.18, 8859.53, 8964.31, 220.53406665]
[1512079200, 8775.01, 8929.46, 8796.99, 8859.53, 259.67101083]
[1512075600, 8651.04, 8797, 8711.01, 8796.99, 269.15521297]
[1512072000, 8653.04, 8966, 8939.73, 8713, 429.4505317]
[1512068400, 8810, 8990, 8810.01, 8940.04, 388.88775914]
[1512064800, 8645.13, 8888, 8777.63, 8810.01, 460.71194172]
[1512061200, 8383, 8790, 8452.95, 8777.63, 442.61751096]
[1512057600, 8269.04, 8513.98, 8269.18, 8449.74, 459.36571911]
[1512054000, 8105, 8369.99, 8350, 8269.18, 521.40261309]
[1512050400, 8002, 8390, 8300.01, 8350, 1026.61268599]
[1512046800, 8050, 8954.99, 8922.82, 8300.01, 1457.97033367]
[1512043200, 8583, 8973.89, 8620.9, 8936, 573.3493672]
[1512039600, 8510, 8739.89, 8519.9, 8613.28, 240.65747253]
[1512036000, 8510, 9045.33, 9000.01, 8510, 484.3208154]
[1512032400, 8935, 9048.08, 9046.69, 8995, 137.21303628]
[1512028800, 9009, 9149.99, 9010, 9046.68, 120.00340779]
[1512025200, 8905.11, 9180, 9001.01, 9010, 172.4817001]
[1512021600, 8900, 9176.88, 9176.88, 9012.57, 164.40619809]
[1512018000, 9087.52, 9400, 9366.01, 9176.88, 190.82856071]
[1512014400, 9223.86, 9400, 9230.36, 9397.99, 167.47184472]
[1512010800, 9118.51, 9345.25, 9153.31, 9230.36, 236.42789727]
[1512007200, 8895.47, 9153.31, 8997.9, 9153.31, 141.33010675]
[1512003600, 8665.48, 8998, 8665.49, 8997.91, 160.1982019]
[1512000000, 8540.01, 8797, 8608.01, 8665.5, 145.08609227]
[1511996400, 8375.5, 8870, 8670.29, 8608.01, 426.34760595]
[1511992800, 8501.12, 8989, 8760, 8670.3, 617.10624968]
[1511989200, 8175, 8800, 8250.04, 8760, 500.92725503]
[1511985600, 8037.18, 8800, 8250.01, 8250.04, 855.28396467]
[1511982000, 7400, 8730.15, 8645.51, 8260, 1447.22747664]
[1511978400, 8530.9, 9091, 8947.99, 8645.27, 748.66630784]
[1511974800, 8692.52, 9260.55, 9152.78, 8947.99, 824.40829338]
[1511971200, 9150.01, 9497, 9245.01, 9152.79, 419.48567722]
[1511967600, 7050, 9684.97, 9540.99, 9245.01, 1356.77334404]
[1511964000, 9450, 9693.99, 9489.9, 9540.99, 561.08238184]
[1511960400, 9311.06, 9489.9, 9330.23, 9489.9, 268.60457133]
[1511956800, 9301.42, 9385, 9373.64, 9331.25, 263.89507431]
[1511953200, 9114.52, 9421.4, 9390.59, 9373.64, 524.5237166]
[1511949600, 9219.47, 9399.74, 9280.31, 9390.59, 464.93491495]
[1511946000, 9195.19, 9291.87, 9195.2, 9280.31, 383.52039703]
[1511942400, 9025.67, 9199.26, 9073.11, 9195.2, 488.49533304]
[1511938800, 8945, 9099, 8964.58, 9073.11, 479.42128771]
[1511935200, 8549.21, 9076.99, 8600, 8964.58, 611.28547378]
[1511931600, 8597.06, 9359.99, 8830, 8622.98, 777.16414354]
[1511928000, 8636.46, 8855.98, 8664.99, 8829.99, 169.80191219]
[1511924400, 8477.09, 8700, 8477.09, 8665, 186.44668453]
[1511920800, 8447.06, 8477.09, 8460, 8477.09, 100.84153048]
[1511917200, 8349.97, 8460.5, 8349.98, 8460.01, 258.76850472]
[1511913600, 8337.26, 8350, 8344.97, 8349.98, 30.39540738]
[1511910000, 8341.26, 8352.02, 8352.02, 8344.97, 58.15131555]
[1511906400, 8345.01, 8369.79, 8366.27, 8352.25, 87.39299926]
[1511902800, 8329.01, 8368.96, 8336.68, 8366.28, 120.89280608]
[1511899200, 8336.67, 8381.99, 8375, 8338, 132.70930709]
[1511895600, 8315, 8392, 8392, 8375, 176.83557867]
[1511892000, 8365.99, 8392, 8366, 8392, 123.7593059]
[1511888400, 8338.9, 8366, 8362, 8366, 82.96603752]
[1511884800, 8335, 8362, 8349.99, 8362, 94.19207372]
[1511881200, 8315.03, 8360, 8360, 8350, 102.90666982]
[1511877600, 8283.02, 8360, 8283.03, 8360, 109.88610886]
[1511874000, 8209.43, 8398, 8397.47, 8283.02, 479.16579539]
[1511870400, 8334.99, 8397.98, 8335, 8397.98, 253.32394464]
[1511866800, 8298.99, 8335, 8299, 8335, 145.51893234]
[1511863200, 8290.33, 8299, 8290.34, 8299, 105.27919105]
[1511859600, 8261.56, 8290.34, 8262.5, 8290.34, 108.45342394]
[1511856000, 8240, 8272.78, 8272.77, 8262.5, 110.41158706]
[1511852400, 8240, 8273, 8241, 8272.78, 115.8969384]
[1511848800, 8199.99, 8241.63, 8199.99, 8240.99, 137.49141474]
[1511845200, 8150, 8200, 8150.01, 8200, 64.28503654]
[1511841600, 8140.69, 8150.01, 8150, 8150.01, 81.42144443]
[1511838000, 8140, 8150, 8140.01, 8150, 7.97826483]
[1511834400, 8140, 8150, 8150, 8140.01, 18.4331013]
[1511830800, 8149.99, 8182.25, 8182.25, 8150, 25.31523377]
[1511827200, 8157, 8188.72, 8174.08, 8182.24, 66.00475202]
[1511823600, 8140.43, 8174.08, 8146.3, 8174.08, 152.49466136]
[1511820000, 8100, 8148.98, 8145.61, 8146.3, 174.42315303]
[1511816400, 8126.45, 8148.98, 8143.6, 8144.78, 152.05540959]
[1511812800, 8107, 8144.87, 8112.97, 8143.6, 115.78385036]
[1511809200, 8078.03, 8118, 8100.66, 8112.98, 146.96012087]
[1511805600, 8100.64, 8155, 8145.57, 8100.66, 152.93644041]
[1511802000, 8051.52, 8146.5, 8120.88, 8145.58, 206.22689162]
[1511798400, 8097.41, 8160, 8159.98, 8120.87, 226.72819689]
[1511794800, 8149.99, 8159.99, 8157.44, 8159.98, 130.38132472]
[1511791200, 8132.55, 8173.23, 8140, 8157.57, 137.67392572]
[1511787600, 8112.48, 8150, 8112.49, 8140, 195.84850338]
[1511784000, 8089.99, 8149.99, 8090, 8112.48, 293.87930255]
[1511780400, 8051.3, 8098.88, 8070, 8090, 160.43602588]
[1511776800, 8040.34, 8110, 8078.9, 8069.99, 295.03315714]
[1511773200, 8001, 8185, 8185, 8078.71, 442.50277126]
[1511769600, 8090, 8198.99, 8181.45, 8185, 305.95793209]
[1511766000, 8030, 8185, 8040.27, 8179.63, 199.59632061]
[1511762400, 7999.99, 8045.68, 8000, 8039.09, 113.14681062]
[1511758800, 7970, 8045.44, 8045.44, 8000, 82.03405731]
[1511755200, 7970.05, 8045.45, 7970.05, 8045.45, 40.74528258]
[1511751600, 7963.8, 8022.18, 7984.78, 7970.87, 32.60728013]
[1511748000, 7911, 8037.75, 7994.53, 7984.77, 109.99457113]
[1511744400, 7939.98, 8010.8, 7981.03, 7994.88, 116.83146217]
[1511740800, 7799.48, 7985, 7799.48, 7981.04, 106.52955307]
[1511737200, 7787.09, 7825.3, 7807.26, 7799.48, 72.70923682]
[1511733600, 7803.11, 7850, 7845.12, 7823.94, 102.48790957]
[1511730000, 7740, 7850, 7822.99, 7845.12, 171.4340026]
[1511726400, 7771, 7960, 7829.99, 7823, 307.43795955]
[1511722800, 7700, 8056.5, 8056.33, 7829.12, 789.64678335]
[1511719200, 7874.78, 8059, 7874.78, 8056.32, 296.60234992]
[1511715600, 7803, 7945.29, 7890, 7874.78, 450.84259865]
[1511712000, 7679.99, 7890, 7680, 7890, 299.74371277]
[1511708400, 7592.25, 7680, 7592.26, 7680, 106.11712838]
[1511704800, 7591.1, 7615, 7609.97, 7592.26, 90.8752403]
[1511701200, 7588.39, 7610, 7588.42, 7609.97, 71.39624781]
[1511697600, 7521.88, 7597, 7583.76, 7588.41, 90.14532597]
[1511694000, 7545, 7608.81, 7547, 7583.72, 113.68054924]
[1511690400, 7452.5, 7550, 7529.01, 7547, 150.06992534]
[1511686800, 7410, 7539.78, 7426.4, 7529.01, 142.15179799]
[1511683200, 7400.03, 7649.96, 7587.15, 7418.61, 215.58696379]
[1511679600, 7502, 7670, 7599.89, 7587.21, 163.30700054]
[1511676000, 7494.98, 7599.9, 7494.99, 7599.9, 75.65669748]
[1511672400, 7466.11, 7500, 7496.98, 7494.99, 49.78957754]
[1511668800, 7449.8, 7496.99, 7449.8, 7496.99, 40.51503005]
[1511665200, 7400.8, 7449.8, 7430.94, 7449.8, 22.64222353]
[1511661600, 7400.54, 7470, 7435, 7434, 63.91382218]
[1511658000, 7395, 7473.14, 7447.32, 7435, 93.6367682]
[1511654400, 7339.48, 7478.5, 7339.48, 7447.31, 197.87700838]
[1511650800, 7270.83, 7339.49, 7272.01, 7339.49, 67.36491405]
[1511647200, 7272, 7298.2, 7285.79, 7272.01, 77.64716905]
[1511643600, 7279.01, 7291.99, 7291.91, 7286.55, 38.54804876]
[1511640000, 7269.09, 7292, 7269.1, 7291.9, 44.90274951]
[1511636400, 7260.23, 7278.81, 7278.8, 7269.1, 44.2692665]
[1511632800, 7270.99, 7281.43, 7271, 7278.81, 70.35660523]
[1511629200, 7240.07, 7281.01, 7281, 7271, 84.80370068]
[1511625600, 7197.76, 7281.43, 7197.77, 7281.01, 144.22470299]
[1511622000, 7165.12, 7197.9, 7180.08, 7197.77, 74.35520911]
[1511618400, 7160.15, 7199.5, 7199.49, 7180.09, 103.77630603]
[1511614800, 7175.61, 7200, 7199.98, 7199.49, 132.61136103]
[1511611200, 7118.99, 7199.99, 7123, 7199.98, 236.82606678]
[1511607600, 7100, 7123, 7111.5, 7123, 85.04850589]
[1511604000, 7091.69, 7125, 7095.45, 7111.49, 62.17639082]
[1511600400, 7069.99, 7124.99, 7078.96, 7095.47, 169.2450487]
[1511596800, 7000, 7100, 7032.82, 7078.99, 213.34603826]
[1511593200, 6986.31, 7032.83, 6986.31, 7032.82, 96.76247304]
[1511589600, 6981.91, 7000.89, 6999.9, 6986.31, 35.0428782]
[1511586000, 6990.16, 7000.01, 7000.01, 6999.9, 15.8611852]
[1511582400, 6989.71, 7000.01, 6989.71, 7000.01, 9.02199358]
[1511578800, 6989.71, 6998.26, 6989.99, 6989.72, 7.73822075]
[1511575200, 6950.55, 6990, 6950.56, 6989.99, 30.58631991]
[1511571600, 6950.55, 6969.99, 6956.16, 6950.56, 42.27242178]
[1511568000, 6956, 6965.98, 6965.98, 6956, 40.4641941]
[1511564400, 6958, 7002.1, 7002.1, 6965.98, 75.04066651]
[1511560800, 7002.04, 7010, 7009.99, 7002.1, 30.65766175]
[1511557200, 6988.25, 7010, 7003, 7010, 42.95168473]
[1511553600, 6980, 7003.01, 6987.52, 7002.99, 62.89820459]
[1511550000, 6977.77, 7032.83, 7016.32, 6987.52, 74.04429497]
[1511546400, 7001.7, 7027.77, 7013.16, 7016.32, 71.12255776]
[1511542800, 6981.41, 7013.16, 6995.03, 7013.16, 76.64719795]
[1511539200, 6961.01, 6999, 6961.02, 6995.03, 83.82341195]
[1511535600, 6961.01, 6984.99, 6980, 6961.02, 103.09047847]
[1511532000, 6966.02, 7019, 7015.94, 6980, 91.76753932]
[1511528400, 6994.97, 7019.78, 7011.56, 7015.94, 94.32879823]
[1511524800, 7006, 7050, 7049.5, 7011.56, 99.18720068]
[1511521200, 7004.97, 7049.5, 7005, 7049.5, 51.50972339]
[1511517600, 6996.38, 7031.15, 7022.57, 7005, 76.85945748]
[1511514000, 6953.01, 7038.2, 7030.67, 7022.56, 174.90479125]
[1511510400, 7007.01, 7100.51, 7059, 7030.68, 244.91831659]
[1511506800, 6988.53, 7059, 6989.9, 7059, 153.02241085]
[1511503200, 6919.19, 6989.9, 6919.28, 6989.9, 46.27389998]
[1511499600, 6879.57, 6919.28, 6879.58, 6919.28, 21.40545427]
[1511496000, 6801.7, 6932.22, 6932.22, 6879.58, 45.44547075]
[1511492400, 6908.84, 6937.18, 6921.45, 6932.23, 26.09069019]
[1511488800, 6811, 6944.93, 6811.01, 6920.98, 87.42877011]
[1511485200, 6800.04, 6842, 6821.15, 6811.01, 96.32236896]
[1511481600, 6821.13, 6927.07, 6868, 6822.59, 158.45355694]
[1511478000, 6868, 6954.62, 6954.62, 6868, 156.02472779]
[1511474400, 6957, 6983.11, 6972.9, 6957, 70.30994932]
[1511470800, 6972.01, 6990, 6989.75, 6972.9, 53.56096475]
[1511467200, 6959.97, 6990, 6959.97, 6989.75, 74.28176509]
[1511463600, 6957.26, 6973.38, 6964.99, 6957.6, 94.85415863]
[1511460000, 6950.72, 6983.62, 6962, 6965.99, 90.94834693]
[1511456400, 6948, 6999.51, 6999.51, 6962, 141.81530475]
[1511452800, 6963.92, 6999.89, 6967.35, 6999.51, 92.81469193]
[1511449200, 6925.98, 6981.81, 6960.5, 6967.35, 167.22405072]
[1511445600, 6960, 7030.46, 7030.46, 6961.82, 102.52890294]
[1511442000, 7011, 7042.08, 7011.95, 7030.46, 101.80668289]
[1511438400, 6977.3, 7020, 6977.3, 7011.95, 180.38376557]
[1511434800, 6907.99, 6984.86, 6908, 6981.46, 176.61615069]
[1511431200, 6902, 7018.81, 7004.05, 6905.57, 238.64693203]
[1511427600, 7001.85, 7042.71, 7040, 7004.01, 151.12604504]
[1511424000, 7000, 7066.13, 7000.44, 7040.01, 171.80350037]
[1511420400, 7000.01, 7041.5, 7040.58, 7000.45, 153.69291167]
[1511416800, 7031.4, 7042.25, 7031.42, 7040.77, 52.35719682]
[1511413200, 7031.35, 7031.45, 7031.36, 7031.42, 33.61322412]
[1511409600, 7031.32, 7043.01, 7043.01, 7031.36, 17.04109803]
[1511406000, 7043, 7050.43, 7049.37, 7043.01, 25.50144577]
[1511402400, 7021.06, 7058.31, 7021.07, 7051.01, 10.40455938]
[1511398800, 7020, 7053.01, 7053.01, 7021.07, 43.52660245]
[1511395200, 7053, 7080, 7070.11, 7053.01, 32.78126179]
[1511391600, 7070.11, 7096.34, 7096.34, 7070.12, 52.2607363]
[1511388000, 7066.09, 7099.5, 7066.1, 7096.33, 77.72237603]
[1511384400, 7051, 7066.1, 7063.8, 7066.1, 61.22419542]
[1511380800, 7045, 7066.26, 7059.95, 7063.8, 89.18098692]
[1511377200, 7039.99, 7061.65, 7042.18, 7059.85, 134.96966108]
[1511373600, 7001.56, 7050, 7040.01, 7042.17, 237.73976782]
[1511370000, 7040, 7097, 7081.17, 7040.01, 101.30300382]
[1511366400, 7052.24, 7098.91, 7098.91, 7080.62, 68.35524116]
