[1484006400, 859.31, 864.26, 861.74, 863.03, 5.9937]
[1484002800, 857.11, 864.32, 861.07, 862.83, 16.32264298]
[1483999200, 857.1, 861.48, 859.78, 861.23, 21.67318335]
[1483995600, 854.73, 859.96, 857.88, 859.83, 26.13920833]
[1483992000, 854.29, 859.91, 855.15, 858.5, 44.07914941]
[1483988400, 853.09, 856.18, 856.18, 855.15, 39.81129186]
[1483984800, 849.85, 856.3, 855.08, 853.2, 15.39629794]
[1483981200, 846.01, 858.15, 854.19, 855.06, 58.75357985]
[1483977600, 851, 864.22, 860.91, 856.88, 23.23]
[1483974000, 858.32, 865.28, 863.55, 861.67, 14.13404402]
[1483970400, 860, 863.58, 860.05, 862.98, 24.20003955]
[1483966800, 860, 863.54, 862.16, 860.01, 18.86]
[1483963200, 860.88, 865.99, 863.91, 861.33, 68.03692876]
[1483959600, 855.44, 866.96, 857.43, 862.49, 24.41323622]
[1483956000, 846.61, 857.43, 848.56, 857.43, 208.10720174]
[1483952400, 840, 855.11, 855.11, 849.23, 52.04]
[1483948800, 849.65, 855.89, 851.21, 855.33, 20.17249336]
[1483945200, 848.8, 860.31, 858.7, 851.15, 48.52788573]
[1483941600, 851.09, 859, 858.43, 858.08, 2.14]
[1483938000, 853.95, 859, 853.98, 857.11, 2.51889235]
[1483934400, 847.65, 853.36, 851.55, 851.17, 1.13]
[1483930800, 849.25, 854.73, 854.73, 849.25, 2.01194782]
[1483927200, 844.63, 852.03, 849.97, 851.22, 2.79]
[1483923600, 849.97, 856.3, 856.29, 849.97, 21.24616011]
[1483920000, 856.29, 872.2, 871.93, 856.29, 6.62658393]
[1483916400, 863.87, 875.36, 874.41, 871.95, 8.01]
[1483912800, 863.63, 875.45, 874.31, 874.4, 17.42]
[1483909200, 867.97, 875.44, 874.94, 872.53, 62.56507875]
[1483905600, 865.22, 875.68, 869.41, 875.67, 9.55942602]
[1483902000, 858.17, 873.7, 871.32, 870.81, 28.51611825]
[1483898400, 867.54, 876.49, 871.2, 870.9, 12.58274498]
[1483894800, 860.04, 871.27, 863.72, 871.02, 48.8406094]
[1483891200, 864, 871.07, 871.07, 864, 14.12383072]
[1483887600, 860, 883.15, 883.11, 870.46, 47.06300954]
[1483884000, 879.38, 884.13, 882.99, 883.13, 30.07529535]
[1483880400, 871.82, 882.99, 874.94, 882.99, 20.78732384]
[1483876800, 871.4, 885.11, 875.17, 875, 25.77866072]
[1483873200, 879.31, 896, 895.98, 879.32, 45.26743488]
[1483869600, 890.58, 897.24, 897.24, 895.84, 22.70537008]
[1483866000, 891.03, 898.49, 895.91, 896.91, 50.02240053]
[1483862400, 887.91, 898.5, 893.05, 896.29, 13.64686167]
[1483858800, 889.53, 899.51, 895.04, 891.8, 19.848414]
[1483855200, 887.92, 900, 889.86, 895.01, 13.0926007]
[1483851600, 887.92, 898.16, 895.15, 890.07, 29.44525676]
[1483848000, 879.99, 895.87, 879.99, 895.22, 19.96235946]
[1483844400, 873.9, 880, 873.9, 879.99, 22.10235576]
[1483840800, 858.9, 873.9, 860.17, 873.89, 8.38779015]
[1483837200, 857.26, 862.06, 858.71, 860.95, 8.01327953]
[1483833600, 855.56, 866.7, 860, 858.99, 35.22756581]
[1483830000, 853.16, 860, 854.41, 860, 26.6357863]
[1483826400, 847.59, 860, 847.59, 852.05, 23.98847277]
[1483822800, 844.8, 854.09, 850.9, 850.03, 9.00128637]
[1483819200, 844.78, 852.6, 846.59, 851.61, 17.856]
[1483815600, 844.38, 857.53, 852.26, 846.05, 12.16679628]
[1483812000, 845.83, 855.68, 854.99, 852.73, 63.6061058]
[1483808400, 854.24, 854.99, 854.24, 854.99, 17.1018]
[1483804800, 847.99, 854.47, 847.99, 854.27, 32.68150536]
[1483801200, 840.78, 849.64, 846.99, 848.98, 19.056]
[1483797600, 829.96, 847, 834.72, 847, 26.37500078]
[1483794000, 823.97, 844.07, 843.24, 836.14, 24.70044188]
[1483790400, 836, 843.24, 836.65, 843.24, 20.10728632]
[1483786800, 834.17, 845.62, 837.14, 836.66, 42.63891283]
[1483783200, 831.27, 852.18, 846.98, 840, 97.45623765]
[1483779600, 776.89, 843, 780.75, 842.99, 86.45063294]
[1483776000, 780.74, 798.82, 795.01, 780.75, 154.67815762]
[1483772400, 786.43, 799.72, 797.7, 795.01, 31.87401988]
[1483768800, 791.38, 803.44, 795.54, 797.64, 38.00352199]
[1483765200, 795, 812.88, 795, 795.54, 52.01762517]
[1483761600, 783.87, 796.16, 795.88, 795, 43.42705564]
[1483758000, 780.08, 810.27, 809.24, 795.89, 59.03560004]
[1483754400, 784.09, 832.84, 831.35, 809.24, 162.09168909]
[1483750800, 834.85, 860, 853.74, 834.85, 26.97424747]
[1483747200, 854.62, 861.98, 857.38, 856.36, 6.60893333]
[1483743600, 843, 854.53, 850.05, 854.53, 31.14585383]
[1483740000, 847.42, 860.69, 860.69, 852.24, 25.82701278]
[1483736400, 846.16, 870, 848.37, 862.56, 21.07913643]
[1483732800, 841.67, 853.38, 853.38, 848.37, 16.88169048]
[1483729200, 845.58, 860.97, 845.84, 853.67, 45.78850701]
[1483725600, 840.99, 873.1, 873.09, 847.55, 53.7320536]
[1483722000, 865.09, 874.12, 865.09, 873.1, 30.6168005]
[1483718400, 858.5, 882, 873.32, 867.04, 60.25501043]
[1483714800, 861.18, 882.51, 861.18, 873.32, 84.18574428]
[1483711200, 837.16, 887.2, 855, 860.23, 56.96591992]
[1483707600, 843.98, 872.7, 843.98, 855, 119.61121621]
[1483704000, 830.01, 856.97, 852.39, 849.45, 127.25416828]
[1483700400, 818.52, 882.42, 881.85, 844.17, 187.83774535]
[1483696800, 865.78, 894.34, 889.78, 882.79, 90.18514251]
[1483693200, 861.63, 924.48, 910.96, 892.88, 177.28698347]
[1483689600, 908.3, 936.44, 936.44, 919.13, 61.00066722]
[1483686000, 934.1, 939.4, 937.74, 936.88, 9.29583]
[1483682400, 927.8, 934.66, 933.34, 934.28, 13.73448888]
[1483678800, 921.64, 940.02, 923.56, 939.28, 5.54785132]
[1483675200, 923.17, 929.04, 927.87, 924.23, 2.25335549]
[1483671600, 921.3, 928.8, 921.3, 928.31, 10.03017299]
[1483668000, 914.98, 970.01, 970.01, 919.24, 40.05455301]
[1483664400, 960, 971.24, 960, 970.02, 21.54527521]
[1483660800, 948.89, 960, 954.4, 960, 17.37526876]
[1483657200, 936.58, 970, 954.9, 955.66, 31.03413905]
[1483653600, 916.34, 954.9, 916.36, 954.9, 43.33674127]
[1483650000, 900.92, 926.35, 924.86, 916.36, 107.72028647]
[1483646400, 902.69, 930.63, 919.03, 924.86, 81.34092893]
[1483642800, 904.4, 944.58, 938.17, 919.04, 60.63100252]
[1483639200, 912.02, 941.68, 919.94, 938.17, 62.33688094]
[1483635600, 902.69, 929.98, 921.76, 919.94, 48.94676205]
[1483632000, 904.88, 958.7, 952.6, 921.76, 157.49071856]
[1483628400, 905.21, 956.04, 915.76, 952.6, 188.02362915]
[1483624800, 905, 928.94, 925.99, 915.76, 224.31216563]
[1483621200, 833.66, 976, 943.13, 926, 493.19356122]
[1483617600, 918.23, 1049.21, 1047.72, 940, 256.69515668]
[1483614000, 1041, 1055.31, 1046.47, 1047.72, 57.86721486]
[1483610400, 1021.4, 1065, 1033.4, 1046.66, 165.48590775]
[1483606800, 1010, 1097.71, 1090.36, 1033.4, 164.37552866]
[1483603200, 1080, 1109, 1104.06, 1094.81, 99.208271]
[1483599600, 1098.84, 1111.56, 1100.1, 1100.84, 79.4920218]
[1483596000, 1100.06, 1104.39, 1103.29, 1100.1, 49.73034558]
[1483592400, 1082.99, 1108.66, 1082.99, 1104.24, 106.47736959]
[1483588800, 1072.6, 1083, 1081.13, 1082.99, 30.9420919]
[1483585200, 1066.1, 1083, 1066.1, 1080.41, 14.69780401]
[1483581600, 1061.09, 1075.74, 1071.36, 1065.66, 11.30933574]
[1483578000, 1044.44, 1075.58, 1050.58, 1073.83, 62.78637426]
[1483574400, 1030, 1083, 1082.99, 1044.61, 54.76498677]
[1483570800, 1068.98, 1087, 1080.99, 1082.77, 35.08673315]
[1483567200, 1042.99, 1081, 1050.55, 1080.99, 42.25670702]
[1483563600, 1031.18, 1065.52, 1052.88, 1042.02, 67.027203]
[1483560000, 1050, 1091.59, 1081.1, 1060.2, 92.39540044]
[1483556400, 1067.91, 1093.02, 1092.61, 1081, 39.77504921]
[1483552800, 1079, 1098.71, 1088.99, 1092.59, 59.38385424]
[1483549200, 1057.37, 1089.09, 1058.13, 1088.99, 71.89812718]
[1483545600, 1039.52, 1062.01, 1044.39, 1059, 62.66830173]
[1483542000, 1038.01, 1051.88, 1045.4, 1044.39, 31.26073058]
[1483538400, 1024.02, 1060.07, 1056.51, 1041.97, 103.38103225]
[1483534800, 1045.62, 1060.36, 1058.53, 1057.05, 98.46180434]
[1483531200, 1041.3, 1060.36, 1044.98, 1059.49, 92.09472965]
[1483527600, 1037.74, 1053, 1044.37, 1041.37, 93.93408126]
[1483524000, 1025, 1043.65, 1025.2, 1043.65, 77.31180528]
[1483520400, 1020.17, 1025.2, 1021.84, 1025.2, 77.04026542]
[1483516800, 1020, 1025.01, 1021.1, 1020, 40.70655432]
[1483513200, 1015, 1024.75, 1020, 1021.1, 46.50804412]
[1483509600, 1006.39, 1021.66, 1016.12, 1020, 14.43]
[1483506000, 1004.99, 1020.1, 1005, 1015.78, 38.77734855]
[1483502400, 998.99, 1005, 999, 1005, 51.76265062]
[1483498800, 997.84, 999, 998.16, 998.99, 16.55432663]
[1483495200, 997.86, 999.25, 998.27, 998.9, 2.7628184]
[1483491600, 996.04, 999, 997.29, 998.04, 14.07608354]
[1483488000, 983.76, 998.88, 987.05, 997.3, 25.57837047]
[1483484400, 983.99, 990, 987.49, 988.65, 18.45189617]
[1483480800, 980.54, 987.99, 982.7, 987.47, 21.91205224]
[1483477200, 978.91, 983.26, 981.98, 983.26, 48.71935655]
[1483473600, 979.89, 982, 979.99, 981.99, 31.45508319]
[1483470000, 978.36, 984.95, 984, 978.76, 53.08292033]
[1483466400, 982.01, 984.97, 982.02, 984.93, 22.51497381]
[1483462800, 981.67, 984.37, 984.37, 982.02, 23.34]
[1483459200, 964.66, 986.94, 986.44, 983.91, 84.33856104]
[1483455600, 978.06, 986.81, 978.09, 986.26, 23.98332738]
[1483452000, 976.53, 982.31, 981.04, 980.53, 35.05901818]
[1483448400, 978.36, 983.44, 983.23, 981.04, 24.83838279]
[1483444800, 979.4, 987.59, 983.14, 983.24, 104.36972306]
[1483441200, 977.59, 983.7, 977.59, 981.56, 77.44724675]
[1483437600, 973.15, 977.59, 974.51, 977.58, 69.29613068]
[1483434000, 972.28, 979.97, 974.96, 973.92, 68.81419078]
[1483430400, 972.43, 977.58, 976.31, 974.94, 37.56850597]
[1483426800, 966.2, 977, 971.98, 976.28, 44.95216473]
[1483423200, 966.2, 980.51, 979.08, 973.88, 10.54179497]
[1483419600, 977.84, 982.77, 979.4, 978.15, 3.98356345]
[1483416000, 979.02, 982.88, 981.65, 979.02, 3.81950982]
[1483412400, 979.22, 982.86, 979.22, 982.18, 2.827772]
[1483408800, 973.18, 979.91, 978.26, 979.12, 6.03629169]
[1483405200, 978.24, 978.26, 978.25, 978.26, 1.76]
[1483401600, 973.66, 978.25, 975.01, 978.25, 24.23028826]
[1483398000, 974, 977.31, 975.68, 975, 9.03047984]
[1483394400, 971.22, 977.32, 973.12, 976.79, 10.66574473]
[1483390800, 970.17, 976.22, 974.99, 973.12, 41.03659696]
[1483387200, 951.3, 975, 966.04, 975, 105.65897496]
[1483383600, 966.05, 981.47, 981.46, 966.36, 71.25646256]
[1483380000, 979.96, 987.6, 984.67, 979.96, 49.36173658]
[1483376400, 983, 987.76, 986.16, 985.69, 79.35410643]
[1483372800, 983.12, 988.58, 983.97, 986.12, 60.28818455]
[1483369200, 978.34, 984, 978.34, 983.75, 33.45255128]
[1483365600, 972.5, 978.3, 972.78, 978.3, 28.35581923]
[1483362000, 961.06, 978.39, 977.86, 972.79, 67.91021166]
[1483358400, 967.62, 983.41, 982.63, 977.91, 86.52187705]
[1483354800, 967.78, 984.34, 968.55, 982.58, 64.28435568]
[1483351200, 966.63, 968.58, 968.27, 967.9, 34.44784]
[1483347600, 963.21, 968.27, 963.21, 968.27, 40.38317299]
[1483344000, 960, 963.9, 960.5, 961.71, 21.05175561]
[1483340400, 958, 960.5, 958.18, 960.49, 23.75528413]
[1483336800, 954.57, 958.2, 954.57, 958.18, 16.5855]
[1483333200, 954.57, 954.9, 954.9, 954.57, 10.24]
[1483329600, 954.44, 954.9, 954.45, 954.9, 4.97]
[1483326000, 952, 954.9, 952, 954.9, 4.82]
[1483322400, 949.81, 952, 950.79, 951.98, 1.47999999]
[1483318800, 945.2, 950.33, 947.01, 950.32, 3.70515]
[1483315200, 945.52, 950.82, 948.66, 950.19, 9]
[1483311600, 945.74, 952.06, 951.58, 948.07, 9.19517]
[1483308000, 948.85, 951.48, 950.02, 951.48, 12.93009]
[1483304400, 941.1, 952.36, 950.89, 951.31, 28.61179]
[1483300800, 945.79, 953.18, 946.36, 951.22, 40.46215235]
[1483297200, 943.87, 947.57, 947.07, 944.93, 36.95856579]
[1483293600, 937.7, 953.17, 942.88, 947.67, 63.29610237]
[1483290000, 939.99, 953.69, 939.99, 942.87, 96.19162493]
[1483286400, 928.78, 940, 928.78, 940, 84.98815]
