[1486886400, 951, 952.88, 952.72, 951.63, 17.26997422]
[1486882800, 952.26, 954.4, 952.71, 953.98, 1.36]
[1486879200, 951.77, 952.66, 952.47, 952.49, 1.58]
[1486875600, 951, 953.54, 951.04, 951.19, 2.40976412]
[1486872000, 951.01, 953.84, 951.26, 951.29, 5.56441588]
[1486868400, 951.01, 952.39, 951.01, 951.05, 2.12689784]
[1486864800, 951, 953.78, 953.77, 951.01, 7.35751362]
[1486861200, 952.09, 953.83, 952.09, 953.74, 2.66363849]
[1486857600, 952.49, 955.88, 955.38, 952.94, 10.59788629]
[1486854000, 955.33, 960, 955.35, 956, 8.4514]
[1486850400, 955.03, 958.65, 958.65, 955.34, 3.61]
[1486846800, 955, 960, 955.12, 958.71, 8.66948848]
[1486843200, 955, 957, 956.93, 955.11, 10.63]
[1486839600, 955, 960, 957.06, 956.4, 11.67874549]
[1486836000, 954.5, 960, 954.5, 957.06, 8.992174]
[1486832400, 952.01, 957.97, 954.02, 954.5, 16.02781034]
[1486828800, 951.2, 955, 952.17, 954.59, 11.59]
[1486825200, 951.67, 955, 952.44, 952.86, 28.94299914]
[1486821600, 952.15, 954.55, 952.54, 953.1, 16.32264682]
[1486818000, 949.1, 953.14, 949.99, 952.54, 11.84]
[1486814400, 945.64, 950.01, 950.01, 950, 25.39557159]
[1486810800, 950, 956, 956, 950.01, 19.71616361]
[1486807200, 950.73, 958.48, 957.58, 956, 26.7803237]
[1486803600, 957.4, 959.62, 957.78, 957.63, 14.29]
[1486800000, 954.98, 959.99, 956, 959.6, 26.88649248]
[1486796400, 954.28, 959.24, 955.38, 957, 18.96]
[1486792800, 954.77, 959.21, 959.2, 954.95, 8.71838108]
[1486789200, 954.53, 959.2, 956.01, 958.33, 1.83694674]
[1486785600, 946.5, 958.88, 946.5, 956.67, 6.72933039]
[1486782000, 943.99, 948.72, 944, 945.04, 2.79722469]
[1486778400, 941.52, 944.74, 944.72, 944, 3.3722029]
[1486774800, 943.14, 946.47, 945.36, 943.14, 4.4147]
[1486771200, 943.97, 949.94, 944.59, 946.57, 15.63507531]
[1486767600, 944.21, 946.32, 946.05, 944.51, 8.74285011]
[1486764000, 943.44, 948.84, 945.4, 946.08, 11.7670742]
[1486760400, 937.86, 949.99, 938.99, 945.69, 25.98268146]
[1486756800, 931.33, 939.47, 931.33, 938.99, 45.18362401]
[1486753200, 928.01, 934.01, 928.8, 933, 43.08244094]
[1486749600, 923, 930, 923, 928.8, 28.38797666]
[1486746000, 917.78, 924.15, 918.79, 923, 18.05231389]
[1486742400, 917.75, 923.03, 921.26, 919.69, 32.72721444]
[1486738800, 909.36, 921.26, 910.72, 921.07, 30.37000811]
[1486735200, 908.09, 916.92, 913.49, 911.44, 19.18512058]
[1486731600, 911.8, 918.97, 918.57, 914.04, 29.95687104]
[1486728000, 916.52, 926, 922.17, 917.59, 42.62630216]
[1486724400, 914.22, 922.18, 915.46, 922.17, 26.31549918]
[1486720800, 911.61, 917.53, 914.94, 915.46, 32.31482419]
[1486717200, 903.79, 918.18, 908.54, 916.33, 86.4072724]
[1486713600, 903.56, 921.89, 920.93, 906.81, 47.55037798]
[1486710000, 911.84, 930.1, 913.07, 922.98, 48.29465005]
[1486706400, 911.99, 930.28, 929.16, 913.27, 24.50471827]
[1486702800, 927.96, 931.4, 930.23, 927.96, 16.97640561]
[1486699200, 928.03, 930.69, 928.84, 930.16, 4.151]
[1486695600, 916.66, 931.16, 916.66, 931.16, 21.48191603]
[1486692000, 912, 917.99, 917.44, 915.23, 13.84629584]
[1486688400, 914.61, 928.88, 925.32, 917.22, 28.77234405]
[1486684800, 920.25, 935.44, 928, 926.65, 17.36622403]
[1486681200, 921.51, 926.76, 922, 926.76, 25.42530744]
[1486677600, 912.01, 922, 916.65, 922, 27.79425907]
[1486674000, 912.02, 919.65, 914.29, 916.7, 50.00220208]
[1486670400, 900.03, 915.24, 902.42, 914.01, 75.80281893]
[1486666800, 890.03, 915.59, 915.14, 902.44, 92.55169985]
[1486663200, 908.12, 929.48, 923.99, 915.23, 96.73308375]
[1486659600, 914.06, 934.35, 932.86, 922.11, 104.38188237]
[1486656000, 922.25, 934.84, 930.6, 932.86, 40.98073538]
[1486652400, 886.83, 930.86, 904.05, 930.69, 207.3900806]
[1486648800, 875.59, 931.64, 918.65, 904.11, 343.71809054]
[1486645200, 890, 984.98, 982.58, 925.88, 392.28299834]
[1486641600, 982.58, 1002.18, 1000.98, 983.46, 46.20876281]
[1486638000, 995.45, 1003.15, 999.97, 1000.73, 23.04259928]
[1486634400, 993.83, 1000, 998.93, 999.96, 34.10801695]
[1486630800, 996.18, 999, 997.03, 999, 20.4168747]
[1486627200, 991.1, 1000.19, 993.09, 997.23, 14.36779]
[1486623600, 982.12, 997.7, 994.52, 992.67, 33.1020982]
[1486620000, 992.53, 1001.83, 1001.83, 995.28, 14.815]
[1486616400, 976.56, 1004.75, 1002.5, 1001.65, 20.90067328]
[1486612800, 997.56, 1005, 999.99, 1003.64, 18.34499846]
[1486609200, 995.33, 1000, 995.33, 1000, 8.0601]
[1486605600, 993.98, 995.81, 994.01, 995.22, 3.6762]
[1486602000, 992.93, 997.42, 993.01, 994.06, 3.78313934]
[1486598400, 985, 993.56, 987.81, 993.56, 6.59803429]
[1486594800, 986.86, 993.55, 989.25, 987.23, 10]
[1486591200, 986.71, 995.12, 994.47, 988.65, 22.99793]
[1486587600, 989.48, 996.16, 989.55, 995.3, 23.36]
[1486584000, 988.43, 998.21, 996.42, 989.56, 39.16223261]
[1486580400, 992.02, 999, 995.3, 996.94, 67.45795594]
[1486576800, 991.27, 997.78, 991.65, 995.64, 25.06543318]
[1486573200, 986.5, 991.84, 991.49, 991.84, 23.1078748]
[1486569600, 986.74, 993.76, 989.96, 990.51, 21.80800281]
[1486566000, 978.76, 989.98, 980.42, 989.96, 47.0539693]
[1486562400, 976.11, 981.92, 980.55, 980.44, 33.75553812]
[1486558800, 977.53, 981.67, 978.63, 981.39, 22.94977714]
[1486555200, 970.25, 979.01, 979.01, 978.22, 60.62920558]
[1486551600, 979, 986.2, 983.86, 979.05, 42.68970584]
[1486548000, 970, 984.85, 973.46, 983.89, 55.23613026]
[1486544400, 962.01, 978.03, 975.25, 971.9, 105.41785041]
[1486540800, 959, 997.2, 997.2, 975.25, 139.75698751]
[1486537200, 997.2, 999.75, 998.03, 997.2, 17.56858548]
[1486533600, 992.83, 998.7, 995.88, 998.04, 11.48896453]
[1486530000, 992.45, 996.72, 995.99, 995.18, 10.87]
[1486526400, 995.09, 997.45, 995.88, 995.29, 11.4737]
[1486522800, 993.38, 995.88, 993.38, 995.88, 6.28276147]
[1486519200, 993.16, 993.38, 993.38, 993.37, 6.954161]
[1486515600, 988.89, 993.38, 988.9, 993.37, 10.00982449]
[1486512000, 986.07, 988.9, 986.14, 988.9, 7.039221]
[1486508400, 984.87, 986.98, 984.88, 986.16, 6.9900205]
[1486504800, 981.1, 985.57, 981.1, 985.08, 16.21]
[1486501200, 980.94, 984.59, 982.34, 983.55, 36.24170337]
[1486497600, 978.56, 983.6, 980.28, 982.87, 29.12958185]
[1486494000, 974.05, 982.5, 982.49, 979.49, 62.77814571]
[1486490400, 977.62, 982.86, 982.77, 982.47, 50.44271475]
[1486486800, 978.59, 984.77, 981.16, 983.29, 54.17893812]
[1486483200, 978.14, 984.69, 982.3, 982.07, 73.6487893]
[1486479600, 978.97, 988.54, 988.45, 982.25, 64.35727883]
[1486476000, 985.62, 988.9, 987.9, 988.57, 29.73838919]
[1486472400, 984.31, 988, 984.76, 987.91, 30.88168382]
[1486468800, 979.94, 984.76, 982.04, 984.5, 39.36672598]
[1486465200, 979.22, 982.67, 979.9, 982.67, 18.01901095]
[1486461600, 977.64, 981.9, 979.64, 980.15, 40.814522]
[1486458000, 976.12, 979.98, 979, 979.78, 22.041]
[1486454400, 975.07, 979, 977.05, 977.64, 59.84017491]
[1486450800, 966, 977.49, 967.67, 977.49, 16.17234508]
[1486447200, 965.47, 969.01, 969.01, 967.65, 8.49817267]
[1486443600, 963.22, 969.89, 963.22, 969.03, 9.44227275]
[1486440000, 958.25, 962.86, 958.25, 962.86, 1.48311559]
[1486436400, 957.62, 958.25, 957.62, 958.24, 0.89]
[1486432800, 956.92, 958.25, 958.25, 956.92, 3.11]
[1486429200, 956.78, 958.25, 957.56, 958.25, 3.08965382]
[1486425600, 955, 956.99, 955.39, 956.95, 7.568]
[1486422000, 954.5, 957.28, 956.19, 955.91, 8.16829437]
[1486418400, 955.44, 956.64, 955.94, 956.58, 18.47904]
[1486414800, 942.38, 956.61, 954.63, 955.94, 58.62357449]
[1486411200, 951.61, 954.69, 953.3, 953.89, 19.02910644]
[1486407600, 950.38, 954.83, 951.79, 952.87, 25.0704382]
[1486404000, 950.87, 955.43, 952.6, 952.91, 26.54865287]
[1486400400, 950.36, 955.99, 954.93, 952.57, 24.72582042]
[1486396800, 950.77, 958.01, 957.97, 952.55, 79.30520216]
[1486393200, 954.42, 959.05, 956.53, 958.31, 38.68232624]
[1486389600, 952.25, 957.5, 955.25, 955.61, 61.00600722]
[1486386000, 952.09, 958.92, 958.35, 954.93, 39.99205766]
[1486382400, 954.26, 959.4, 954.26, 957.53, 25.42308716]
[1486378800, 950.36, 958.93, 958.68, 953.98, 48.21605481]
[1486375200, 955, 959.07, 955, 958.76, 37.9476561]
[1486371600, 951.42, 955, 952.47, 954.99, 14.06733238]
[1486368000, 950, 952.97, 951.15, 952.97, 36.02960672]
[1486364400, 948.66, 951.36, 948.66, 951.14, 17.61427066]
[1486360800, 945.99, 948.54, 946.02, 948.54, 4.9334]
[1486357200, 944.69, 947.22, 945.71, 946.85, 3.70924]
[1486353600, 943.47, 946.84, 943.47, 945.99, 0.64]
[1486350000, 942.44, 944.01, 943.35, 943.48, 2.903]
[1486346400, 943.3, 943.99, 943.31, 943.9, 2.003]
[1486342800, 943.14, 943.31, 943.31, 943.31, 0.53]
[1486339200, 942.01, 943.31, 942.32, 943.3, 3.16]
[1486335600, 941.24, 943.25, 941.25, 942.38, 5.61868482]
[1486332000, 937.35, 942.03, 941.31, 941.05, 13.5097897]
[1486328400, 936.6, 942.32, 941.99, 941.3, 18.71452071]
[1486324800, 940.87, 943.25, 941.1, 941.99, 12.65246731]
[1486321200, 935.01, 940.47, 936.19, 940.47, 21.82220093]
[1486317600, 935.01, 941.77, 940.42, 936.27, 40.4988551]
[1486314000, 940.18, 946.11, 945.28, 940.85, 34.71054993]
[1486310400, 943.39, 947.37, 946.98, 945.25, 12.572]
[1486306800, 946.06, 949.04, 948.64, 946.85, 7.20330597]
[1486303200, 942.32, 951.86, 944.78, 947.13, 25.60636564]
[1486299600, 942.3, 949.96, 948.82, 944.91, 19.97210577]
[1486296000, 945.02, 951.73, 951.71, 949.63, 12.49250823]
[1486292400, 945.02, 952.06, 950.74, 952.06, 25.52742858]
[1486288800, 950.79, 955.5, 955.48, 950.79, 9.61801458]
[1486285200, 950.03, 956.49, 954.14, 955.45, 14.34]
[1486281600, 951.9, 956.11, 955.52, 954.15, 11.57]
[1486278000, 955.51, 956.48, 956.47, 955.63, 2.15]
[1486274400, 955.61, 956.48, 955.7, 956.48, 1.256]
[1486270800, 955.05, 956.69, 956.69, 955.65, 0.5]
[1486267200, 956.46, 957.31, 957.31, 956.46, 0.506]
[1486263600, 957.13, 960, 960, 957.13, 2.79846092]
[1486260000, 957.88, 960, 959.84, 960, 0.93]
[1486256400, 955.82, 959.43, 955.93, 959.34, 3.44]
[1486252800, 952.73, 959.85, 959.84, 955.96, 6.26]
[1486249200, 954.52, 959.85, 958.86, 959.85, 11.55054281]
[1486245600, 952.75, 958.83, 954.02, 958.83, 8.39397094]
[1486242000, 948.49, 959.02, 959.02, 954.84, 36.35705854]
[1486238400, 959.01, 963.5, 961.83, 959.02, 10.31]
[1486234800, 957.84, 965.25, 964.29, 962.03, 35.98034977]
[1486231200, 958.84, 968.49, 958.84, 963.7, 34.43589366]
[1486227600, 946, 960, 946, 958.52, 28.8430253]
[1486224000, 943.72, 946, 944.11, 946, 9.70408145]
[1486220400, 941.17, 944.11, 943.59, 944.11, 17.37]
[1486216800, 941, 944, 942.82, 943.2, 16.798]
[1486213200, 941.66, 943.34, 941.92, 942.87, 10.57670737]
[1486209600, 939.49, 942.76, 939.99, 941.92, 16.09523074]
[1486206000, 937.62, 940, 939.39, 939.98, 10.72]
[1486202400, 934.39, 940.34, 939.15, 939.2, 8.137274]
[1486198800, 939.12, 941.21, 940.01, 940.26, 6.42]
[1486195200, 940, 941.8, 940.82, 940, 9.13]
[1486191600, 936.99, 941.82, 940.53, 940.81, 22.48315937]
[1486188000, 931.1, 941.23, 939.54, 941.23, 9.93768942]
[1486184400, 939.66, 941.82, 940.1, 939.66, 4.98854548]
[1486180800, 939.55, 941.25, 941.25, 940.22, 0.552121]
[1486177200, 941.31, 942.76, 942.76, 941.31, 0.484]
[1486173600, 942.76, 946.01, 945.88, 942.76, 4.43832902]
[1486170000, 945.84, 946.01, 946.01, 946.01, 1.62]
[1486166400, 939.39, 946.01, 945.22, 946.01, 8.55975221]
