[1514966400, 12950, 13080, 13074.23, 13011, 188.10122764]
[1514962800, 12968.04, 13088.61, 13054, 13074.35, 120.43510066]
[1514959200, 12830, 13054.01, 12878.1, 13054, 94.57330076]
[1514955600, 12823, 12898.09, 12860, 12878.11, 50.51655566]
[1514952000, 12630.94, 12897.35, 12630.94, 12860, 31.55453114]
[1514948400, 12605.74, 12897.1, 12746.62, 12630.95, 52.75384746]
[1514944800, 12600, 12747, 12600, 12746.62, 54.28175637]
[1514941200, 12557.44, 12643.5, 12610.71, 12600.01, 30.70878997]
[1514937600, 12493.59, 12668.5, 12545.01, 12610.64, 60.02285417]
[1514934000, 12400, 12638, 12558.43, 12545.01, 107.85867009]
[1514930400, 12476.24, 12669.8, 12482.1, 12579.01, 191.77866272]
[1514926800, 12335, 12550, 12440.97, 12482.13, 295.97603681]
[1514923200, 12416.38, 12949.93, 12715.3, 12438.45, 402.52905464]
[1514919600, 12552.95, 13100, 12601.33, 12715.3, 706.93802702]
[1514916000, 12150, 12785.99, 12157.45, 12615.02, 569.30804807]
[1514912400, 12050, 12157.49, 12050.1, 12157.48, 123.77538647]
[1514908800, 12001.17, 12149.48, 12001.18, 12050.04, 185.3009484]
[1514905200, 11950, 12189.9, 12175, 12001.19, 221.99186901]
[1514901600, 12101.01, 12233, 12195.37, 12175, 208.57651985]
[1514898000, 11960, 12256, 11960, 12195.53, 308.20595305]
[1514894400, 11903.83, 11999.99, 11950, 11966.98, 133.33610731]
[1514890800, 11805.49, 11989.54, 11961.54, 11950, 155.71984998]
[1514887200, 11950, 12085.02, 11950.19, 11963.33, 210.10058606]
[1514883600, 11895.01, 11996, 11897.95, 11950.19, 153.28733667]
[1514880000, 11745.01, 11936.13, 11764.96, 11897.91, 150.78866649]
[1514876400, 11620, 11790.35, 11758.41, 11764.96, 85.80058298]
[1514872800, 11465.64, 11799, 11485.99, 11758.01, 66.02303677]
[1514869200, 11371.56, 11505.75, 11398.1, 11485.99, 40.3285335]
[1514865600, 11280, 11511.9, 11511.9, 11398.1, 56.75441953]
[1514862000, 11405, 11593.49, 11539.25, 11513.45, 62.37445419]
[1514858400, 11500, 11699.37, 11690, 11539.25, 78.97265248]
[1514854800, 11683, 11999, 11971, 11690, 75.33136871]
[1514851200, 11799.97, 12081.53, 11799.98, 11971, 115.94760312]
[1514847600, 11680, 11800.06, 11795.64, 11799.98, 92.55047335]
[1514844000, 11750, 11845, 11791.91, 11795.64, 63.8419774]
[1514840400, 11785.4, 11945, 11808.22, 11791.95, 119.6269387]
[1514836800, 11687.99, 11839.07, 11687.99, 11796.31, 108.1767713]
[1514833200, 11605, 11807.72, 11792.5, 11688, 114.60364552]
[1514829600, 11666.01, 11892.99, 11698.84, 11792.5, 177.20346976]
[1514826000, 11662.71, 11698.9, 11662.71, 11698.85, 67.92369665]
[1514822400, 11594, 11695.86, 11642.64, 11662.71, 95.91219735]
[1514818800, 11553.51, 11791.63, 11646.1, 11642.63, 88.9439693]
[1514815200, 11351, 11660, 11548.73, 11642.23, 156.02072431]
[1514811600, 11502, 11650, 11607.45, 11548.73, 92.11006057]
[1514808000, 11605.91, 11729.97, 11698.34, 11607.57, 65.14132264]
[1514804400, 11603.87, 11959.97, 11959.97, 11698.34, 142.76221168]
[1514800800, 11874.22, 11969.69, 11903.34, 11959.97, 64.50459559]
[1514797200, 11800.01, 11930.59, 11808.04, 11903.32, 50.95890977]
[1514793600, 11802.99, 12000, 11972.17, 11808.07, 42.46554081]
[1514790000, 11943.13, 12084.5, 12084.38, 11972.68, 33.34471629]
[1514786400, 11908.24, 12141, 11942.92, 12084.38, 38.27175632]
[1514782800, 11891, 12002.34, 11910.13, 11942.92, 9.40918952]
[1514779200, 11712, 11953.6, 11761.73, 11910.13, 15.81961956]
[1514775600, 11729.26, 12029.49, 11744.31, 11762.14, 43.05667925]
[1514772000, 11591.03, 11819.99, 11591.04, 11725.12, 61.93672039]
[1514768400, 11571.13, 11857.66, 11812, 11611.22, 92.61956649]
[1514764800, 11805.23, 12139.01, 12139.01, 11812, 86.14654043]
[1514761200, 12101, 12261.31, 12261.02, 12139.01, 61.63883306]
[1514757600, 12250, 12399, 12394.93, 12261.01, 54.74968151]
[1514754000, 12348.01, 12430.86, 12430.4, 12394.93, 57.05963055]
[1514750400, 12226, 12495.99, 12293, 12430.57, 113.30400479]
[1514746800, 12250, 12424.99, 12321.57, 12290.5, 73.23035381]
[1514743200, 12299, 12487.45, 12449.99, 12310.81, 134.60602492]
[1514739600, 12160, 12494, 12310.56, 12449.99, 246.1707716]
[1514736000, 11682, 12475, 11700.01, 12310.56, 423.09310545]
[1514732400, 11547, 11744.99, 11664.13, 11700, 148.59034013]
[1514728800, 11499, 11785.69, 11499, 11664.14, 163.34065868]
[1514725200, 11340, 11557.24, 11358.2, 11498.99, 107.23762172]
[1514721600, 11280.21, 11570, 11340, 11358.2, 162.17083251]
[1514718000, 11233.19, 11399.49, 11273.31, 11340, 113.92627941]
[1514714400, 11110, 11279.99, 11120.01, 11273.31, 111.9546736]
[1514710800, 11120, 11355.69, 11209.84, 11120, 107.55691439]
[1514707200, 11207, 11460.82, 11399, 11209.98, 63.04850589]
[1514703600, 11219, 11399, 11227.89, 11399, 53.54892818]
[1514700000, 11224.59, 11387.9, 11307.42, 11224.59, 37.36602685]
[1514696400, 11307.18, 11488.15, 11418.95, 11307.42, 53.31300897]
[1514692800, 11350, 11466.51, 11431, 11418.95, 28.00611321]
[1514689200, 11408.56, 11647.5, 11595, 11431, 39.31461033]
[1514685600, 11260, 11595, 11400.37, 11595, 50.97251488]
[1514682000, 11316.62, 11586.86, 11490, 11400.38, 84.96453895]
[1514678400, 10909.26, 11490, 11105.99, 11490, 211.21717244]
[1514674800, 11100, 11520.2, 11520.2, 11105.99, 122.48876046]
[1514671200, 11443.47, 11587, 11494.51, 11520.59, 91.89615665]
[1514667600, 11391.59, 11510, 11485.25, 11494.51, 98.06436117]
[1514664000, 11260.67, 11679, 11679, 11485.25, 173.01772973]
[1514660400, 11450, 11679, 11450, 11679, 253.75050055]
[1514656800, 11075, 11616.2, 11616.19, 11450, 282.22535097]
[1514653200, 10853.63, 11731.76, 10863.5, 11616.2, 449.10148679]
[1514649600, 10550, 11278, 11174.99, 10863.5, 497.71049431]
[1514646000, 11023, 11590.01, 11488, 11171.48, 222.6241458]
[1514642400, 11333.9, 11772, 11550, 11487.99, 78.84180674]
[1514638800, 11550, 12001.85, 11804.99, 11550, 104.92185047]
[1514635200, 11775.87, 12187.03, 12186.94, 11775.87, 176.1597645]
[1514631600, 12029, 12199, 12089.25, 12186.99, 139.00153903]
[1514628000, 12050, 12340, 12287.92, 12089.25, 186.64367983]
[1514624400, 12254, 12358.02, 12254.09, 12287.91, 143.82051597]
[1514620800, 12254, 12420, 12334.62, 12254.18, 86.34350317]
[1514617200, 12202.12, 12447.71, 12431.91, 12358.99, 99.6624284]
[1514613600, 12410, 12466.79, 12450, 12431.91, 87.52278755]
[1514610000, 12401, 12480, 12435.01, 12450, 71.25710288]
[1514606400, 12410, 12577.99, 12488.26, 12435.02, 66.92538759]
[1514602800, 12444, 12570.45, 12516.99, 12488.27, 52.77120142]
[1514599200, 12500, 12704.01, 12704.01, 12517, 130.51679785]
[1514595600, 12704, 12839.31, 12839.31, 12704.01, 62.29073573]
[1514592000, 12750.52, 12919.99, 12880.79, 12839.31, 87.22299115]
[1514588400, 12880.79, 12998, 12966.99, 12880.8, 95.87785438]
[1514584800, 12889.3, 12967, 12889.31, 12967, 98.38761662]
[1514581200, 12805, 12929, 12898.01, 12889.31, 131.22573019]
[1514577600, 12875, 12945, 12944.38, 12898.01, 112.76095001]
[1514574000, 12820.01, 12945, 12878.41, 12944.38, 109.84554819]
[1514570400, 12849.99, 12930, 12899.99, 12878.41, 96.25583564]
[1514566800, 12875.11, 12950, 12929.99, 12890, 129.64436225]
[1514563200, 12829.2, 12967.9, 12829.2, 12930, 153.92530524]
[1514559600, 12705, 12845.8, 12759.99, 12829.21, 140.57759995]
[1514556000, 12721.2, 12849.99, 12752.26, 12760, 203.15923206]
[1514552400, 12650.01, 12759, 12699.01, 12751.13, 149.39537424]
[1514548800, 12615.85, 12737.9, 12719.22, 12699.02, 176.2321788]
[1514545200, 12595.81, 12748, 12641.48, 12719.22, 181.19183282]
[1514541600, 12621.03, 12775, 12730.01, 12641.49, 153.56249948]
[1514538000, 12730, 12900, 12899.07, 12730.01, 131.48981888]
[1514534400, 12831.33, 12948.99, 12863.71, 12899.99, 132.16103663]
[1514530800, 12814, 13047.01, 13047.01, 12888.17, 94.2478187]
[1514527200, 12978.89, 13099, 12978.91, 13047.01, 50.17481473]
[1514523600, 12937.84, 13019.81, 12996.53, 12978.91, 26.08601905]
[1514520000, 12969.95, 13091.98, 12993.75, 12996.52, 34.82439439]
[1514516400, 12924.02, 13049, 13039.59, 12993.75, 50.53175685]
[1514512800, 12729.98, 13091.98, 12729.99, 13039.59, 95.386042]
[1514509200, 12619, 12729.99, 12689.86, 12729.98, 28.95302479]
[1514505600, 12574.5, 12725, 12699, 12689.86, 65.61196234]
[1514502000, 12513.69, 12699, 12565.57, 12699, 106.09198908]
[1514498400, 12502, 12697, 12555.06, 12565.58, 137.09803457]
[1514494800, 12360, 12700, 12553.2, 12555.06, 216.66180952]
[1514491200, 12520, 12748.84, 12625, 12553.2, 147.09338598]
[1514487600, 12373, 12709.95, 12373, 12625, 248.56279656]
[1514484000, 12350, 12895.77, 12888.8, 12373.2, 371.81791527]
[1514480400, 12851, 12937, 12931, 12889.77, 160.07914171]
[1514476800, 12931, 12995, 12950.73, 12931.01, 127.38441048]
[1514473200, 12912.22, 13050, 12940, 12951.44, 174.29564127]
[1514469600, 12801.02, 12940, 12877.85, 12940, 177.6234609]
[1514466000, 12861.26, 12970.54, 12887.55, 12877.85, 164.69150313]
[1514462400, 12795, 12969.99, 12897, 12887.56, 296.05092135]
[1514458800, 12765, 12942.28, 12772.31, 12897, 302.80900001]
[1514455200, 12772, 13130, 13100, 12772.36, 226.61284195]
[1514451600, 12940, 13226.61, 12997.99, 13100, 210.68615631]
[1514448000, 12761.29, 13039, 12979.83, 13016.01, 184.53369879]
[1514444400, 12731.27, 13090.85, 12732.38, 12979.85, 161.84057802]
[1514440800, 12701, 12983.27, 12717.37, 12732.4, 134.98425886]
[1514437200, 12710, 13121.01, 13121, 12727.64, 129.4448823]
[1514433600, 12990, 13174.55, 13099, 13121.01, 47.34769332]
[1514430000, 12863, 13300, 13113.75, 13099.41, 125.73138429]
[1514426400, 12955, 13583, 13499.99, 13114.9, 134.31328521]
[1514422800, 13358.62, 13554, 13358.62, 13500, 40.33565263]
[1514419200, 13221.95, 13590, 13533.11, 13358.62, 90.87259483]
[1514415600, 13400, 13594.78, 13419.41, 13533.11, 88.05821872]
[1514412000, 13274.51, 13500, 13319.99, 13419.41, 173.96782688]
[1514408400, 13111.99, 13424.81, 13153.79, 13319.99, 196.0869616]
[1514404800, 13017.42, 13225, 13118.19, 13157.04, 172.7970101]
[1514401200, 13085, 13347, 13247.69, 13118.19, 207.85168332]
[1514397600, 13100, 13429, 13300.01, 13247.69, 288.93851423]
[1514394000, 12901.8, 13425, 13164.03, 13303.4, 496.88573522]
[1514390400, 13051, 13603.31, 13467.96, 13200, 364.00484222]
[1514386800, 13402.02, 13690.25, 13602.5, 13468, 348.8647819]
[1514383200, 13555.58, 13879.99, 13879.99, 13602.51, 250.55698676]
[1514379600, 13805.5, 13903, 13899.99, 13879.99, 146.09755013]
[1514376000, 13739.99, 13911, 13740, 13900, 151.91382787]
[1514372400, 13655.01, 13748.15, 13669.89, 13740, 160.77768369]
[1514368800, 13620.8, 13864.89, 13810.99, 13669.9, 262.61628427]
[1514365200, 13760.01, 13981, 13920.78, 13810.99, 245.69842705]
[1514361600, 13880, 13966, 13948.8, 13920.78, 126.55258936]
[1514358000, 13850, 13966.55, 13928.19, 13948.8, 95.78542403]
[1514354400, 13887.66, 13950.78, 13887.66, 13927.25, 53.29730347]
[1514350800, 13719, 13904.53, 13873.41, 13887.66, 40.66124009]
[1514347200, 13648.99, 13916, 13648.99, 13884.93, 92.54316662]
[1514343600, 13610, 13649.49, 13630.01, 13648.98, 14.68878651]
[1514340000, 13585.02, 13689.12, 13669.7, 13630.01, 27.69235729]
[1514336400, 13582.99, 13730, 13583, 13665.24, 53.10614494]
[1514332800, 13447, 13585, 13555, 13582.99, 56.59613792]
[1514329200, 13440, 13581.18, 13545.01, 13554.99, 81.61040464]
[1514325600, 13450, 13720, 13700, 13545.02, 132.0104845]
[1514322000, 13555, 13748, 13587.32, 13700, 125.85663057]
[1514318400, 13530.99, 13795, 13649.91, 13587.32, 164.8545357]
[1514314800, 13402.99, 13661.99, 13403, 13649.88, 256.20332034]
[1514311200, 13340, 13573, 13454.78, 13403, 159.44548207]
[1514307600, 13228.57, 13699, 13621.85, 13454.78, 317.34326543]
[1514304000, 13600.15, 13980, 13720.21, 13614.44, 412.41592327]
[1514300400, 13511.1, 13800, 13745, 13720.21, 278.29789462]
[1514296800, 13128.02, 13750, 13141.51, 13745, 300.31785904]
[1514293200, 13008.88, 13187.46, 13015, 13144.02, 146.83454707]
[1514289600, 12842.81, 13015.98, 12935.08, 13015, 96.49665233]
[1514286000, 12855, 12996, 12996, 12935.09, 108.70592945]
[1514282400, 12960, 13049, 12999.99, 12996, 113.78530143]
[1514278800, 12681.65, 13041.98, 12731.46, 12999.99, 143.90959353]
[1514275200, 12700, 13020, 12981.74, 12731.46, 174.69983547]
[1514271600, 12933.2, 13100, 13087.47, 12977.36, 116.09516919]
[1514268000, 12900, 13100, 12900.01, 13087.46, 110.50620494]
[1514264400, 12569, 13071.02, 12800.25, 12900, 197.01002489]
[1514260800, 12514.99, 12890, 12663, 12800.25, 123.64565451]
[1514257200, 12114, 12663, 12159.01, 12659.5, 73.27001074]
[1514253600, 12159, 12240, 12212.75, 12159.01, 24.97624333]
[1514250000, 12182.69, 12290.5, 12290.5, 12212.75, 47.79283613]
[1514246400, 12210, 12399, 12306.01, 12290.5, 47.36648568]
