[1513526400, 16500, 16779.99, 16674.01, 16500.02, 173.22682676]
[1513522800, 16530, 16795.57, 16714.91, 16674.01, 209.79280617]
[1513519200, 16601, 16905.04, 16905.04, 16712.7, 172.78560733]
[1513515600, 16810, 16947.15, 16857.99, 16905.03, 138.52156067]
[1513512000, 16840, 16970, 16928.21, 16858, 201.14981879]
[1513508400, 16799.99, 16928.22, 16799.99, 16928.21, 149.38678197]
[1513504800, 16734.4, 16800, 16785, 16800, 126.32025611]
[1513501200, 16555, 16790.99, 16579.74, 16785, 132.08147122]
[1513497600, 16550, 16734.92, 16652, 16579.74, 96.44650658]
[1513494000, 16540, 16749, 16540.56, 16652, 74.22497172]
[1513490400, 16370.49, 16537, 16399.99, 16536.52, 64.28409214]
[1513486800, 16290.99, 16469.35, 16294.7, 16400, 36.49454305]
[1513483200, 16201, 16399, 16399, 16295, 32.22900708]
[1513479600, 16350.02, 16519.99, 16350.03, 16398.99, 36.96285063]
[1513476000, 16085.08, 16449.69, 16335.56, 16350.03, 74.89520742]
[1513472400, 16061, 16500, 16410.81, 16335.56, 204.62769443]
[1513468800, 16351.48, 16771.38, 16736, 16411.35, 247.19364128]
[1513465200, 16665.51, 16979, 16760, 16736, 288.68508434]
[1513461600, 16590, 16765.56, 16635.84, 16760, 168.31342758]
[1513458000, 16450, 16638.33, 16610.04, 16635.83, 180.94958691]
[1513454400, 16404, 16696, 16695, 16610.04, 297.5206566]
[1513450800, 16151, 16695.99, 16250, 16695, 319.07897814]
[1513447200, 16120, 16266.08, 16234.86, 16249.99, 144.24089685]
[1513443600, 16108.06, 16530, 16449.99, 16234.86, 245.15444714]
[1513440000, 16071.02, 16654.07, 16497.69, 16449.99, 527.8677733]
[1513436400, 15969, 16498.24, 15999.99, 16497.69, 422.50753337]
[1513432800, 15881.25, 15999.99, 15940, 15999.99, 199.07986654]
[1513429200, 15650.96, 15972, 15650.96, 15940, 298.22464919]
[1513425600, 15542.01, 15650.99, 15542.03, 15650.97, 158.25548363]
[1513422000, 15420, 15560, 15470, 15542.49, 146.10798271]
[1513418400, 15450, 15546.37, 15480.01, 15472.86, 186.03452634]
[1513414800, 15313.1, 15488, 15348.12, 15480, 140.56835342]
[1513411200, 15213.69, 15350, 15299, 15348.4, 124.39216706]
[1513407600, 15189.99, 15299, 15190, 15299, 122.60124264]
[1513404000, 15096.53, 15194, 15117, 15189.99, 56.32779151]
[1513400400, 15067.57, 15118.25, 15090, 15117, 20.42292556]
[1513396800, 15021.63, 15092.69, 15021.64, 15090, 12.5982089]
[1513393200, 14989.9, 15045.53, 15000.48, 15021.64, 19.74850967]
[1513389600, 15000, 15063.83, 15030.24, 15000.48, 37.49457246]
[1513386000, 15011.1, 15107, 15102.01, 15030.23, 56.16893338]
[1513382400, 15085.12, 15125, 15119.98, 15105.72, 63.47931716]
[1513378800, 15061.1, 15139, 15082, 15119.98, 88.81381114]
[1513375200, 14939.03, 15108.9, 15105.75, 15082, 127.09261874]
[1513371600, 15000, 15108.9, 15106.51, 15105.75, 130.58043895]
[1513368000, 15006, 15144.33, 15040.06, 15107.01, 99.85942673]
[1513364400, 15010, 15175, 15085.29, 15040.07, 137.20419213]
[1513360800, 14900, 15093.99, 14950.33, 15085.3, 143.88102498]
[1513357200, 14801, 14998.98, 14818.5, 14950.33, 114.9953449]
[1513353600, 14814, 14962.08, 14824.08, 14818.49, 158.50898673]
[1513350000, 14739, 14965.68, 14952.72, 14824.08, 224.86380342]
[1513346400, 14922, 15149, 14994.21, 14952.7, 143.32777096]
[1513342800, 14870.44, 15092.01, 15092.01, 14993.3, 311.86749112]
[1513339200, 15049.99, 15253.95, 15130, 15092, 284.32965369]
[1513335600, 14943, 15150, 15039.36, 15130, 266.02911772]
[1513332000, 14824.39, 15298.19, 14877.85, 15031.06, 618.00609115]
[1513328400, 14614.81, 14877.86, 14630, 14877.86, 286.9781573]
[1513324800, 14475.61, 14650, 14571.95, 14630, 164.74493869]
[1513321200, 14540.62, 14629.96, 14553.31, 14571.98, 118.2561956]
[1513317600, 14500, 14630, 14570.98, 14563.4, 76.97491278]
[1513314000, 14465.29, 14610, 14498.24, 14570.93, 67.20111454]
[1513310400, 14300.01, 14585.96, 14529.22, 14499.08, 79.89376777]
[1513306800, 14450, 14759.95, 14640.47, 14529.21, 104.79167403]
[1513303200, 14309.23, 14770, 14441, 14640.5, 322.27272592]
[1513299600, 14197, 14500, 14390.66, 14440.99, 146.45284116]
[1513296000, 14122.95, 14400, 14122.99, 14390.66, 172.91424081]
[1513292400, 14050, 14136, 14121.12, 14123, 75.64051251]
[1513288800, 14072, 14140, 14073, 14121.16, 108.30775566]
[1513285200, 13950, 14074.57, 14033.4, 14073, 123.05309803]
[1513281600, 14018.88, 14089, 14067.06, 14033.46, 122.12070086]
[1513278000, 14001.01, 14149.5, 14080, 14067.05, 135.9578677]
[1513274400, 14080, 14189, 14108.01, 14080.05, 125.58154263]
[1513270800, 13850, 14145.55, 13857.94, 14108.01, 153.46904025]
[1513267200, 13816.99, 13967, 13860, 13857.94, 129.332567]
[1513263600, 13601, 13990.34, 13801.02, 13860, 354.74587804]
[1513260000, 13801, 14138.98, 14138.98, 13809.84, 246.6446109]
[1513256400, 14104.6, 14233.08, 14225.11, 14131, 103.38660718]
[1513252800, 14150, 14290, 14165.49, 14225.12, 107.10039553]
[1513249200, 14080, 14207.52, 14207.52, 14175.19, 95.05448397]
[1513245600, 14066, 14248.72, 14140.08, 14207.51, 109.81076956]
[1513242000, 14102.5, 14380.53, 14338.93, 14140.07, 157.60925906]
[1513238400, 14099.99, 14440.52, 14100, 14338.93, 232.85917467]
[1513234800, 13987.09, 14100, 14011.1, 14100, 92.21046662]
[1513231200, 13984.35, 14124.01, 13998.97, 14013.13, 67.45119069]
[1513227600, 13939.36, 14071.87, 14060.04, 13998.97, 40.42277926]
[1513224000, 13874.79, 14075.3, 13874.8, 14056.19, 36.00530813]
[1513220400, 13801, 13879.52, 13802.15, 13874.8, 25.27606727]
[1513216800, 13801, 13893.45, 13862.39, 13802.96, 54.77879955]
[1513213200, 13855, 14089.04, 14089.04, 13862.39, 47.84969149]
[1513209600, 13900, 14098.97, 13990.99, 14089.04, 68.24078764]
[1513206000, 13901, 14150.11, 14150.11, 13990.99, 121.90187232]
[1513202400, 14080, 14244.4, 14226.05, 14150.1, 135.84985344]
[1513198800, 13900.4, 14243.95, 13901.58, 14226.04, 210.82870171]
[1513195200, 13800, 14120, 14090, 13901.58, 224.8281053]
[1513191600, 13710, 14132, 13789.75, 14090, 442.68285084]
[1513188000, 13057.01, 14192.21, 14192.16, 13788.65, 1007.9005609]
[1513184400, 13943.98, 14402.95, 14239.99, 14192.19, 481.9245182]
[1513180800, 14150, 14453.51, 14453.5, 14224.58, 296.54635171]
[1513177200, 14400, 14599.79, 14599.79, 14453.51, 207.83162569]
[1513173600, 14563.36, 14649.07, 14608.01, 14599.79, 188.08915622]
[1513170000, 14596.14, 14700, 14672.1, 14608.01, 172.27925031]
[1513166400, 14597, 14730, 14604.35, 14674.48, 240.68082421]
[1513162800, 14575.5, 14605, 14599.01, 14604.35, 174.66110545]
[1513159200, 14553, 14651.94, 14651.71, 14599.01, 147.22654948]
[1513155600, 14586, 14655.16, 14655.16, 14651.91, 211.34212006]
[1513152000, 14517.37, 14665, 14565, 14655.4, 200.03103046]
[1513148400, 14400, 14585.32, 14492.5, 14565, 173.17838876]
[1513144800, 14316, 14527.03, 14525.45, 14492.51, 116.58961611]
[1513141200, 14289.97, 14595, 14289.98, 14525.45, 96.24768554]
[1513137600, 14113.68, 14290, 14275.01, 14290, 74.24007997]
[1513134000, 14222.04, 14500, 14320, 14275.02, 56.61301709]
[1513130400, 14000, 14508.33, 14449, 14322.86, 261.56199684]
[1513126800, 14447, 14600.01, 14600, 14449.01, 97.87353299]
[1513123200, 14590, 14724.91, 14649.99, 14600.01, 130.33192506]
[1513119600, 14520, 14750.01, 14747.72, 14649.53, 234.18519037]
[1513116000, 14575.03, 14840.62, 14577.76, 14747.95, 331.3872694]
[1513112400, 14451, 14580, 14471.11, 14577.78, 218.63294047]
[1513108800, 14430.04, 14630, 14557.72, 14470.09, 268.41029364]
[1513105200, 14505, 14626.8, 14594, 14557.71, 275.73710419]
[1513101600, 14442.09, 14800, 14445.99, 14594, 616.13873024]
[1513098000, 14309.41, 14446, 14362.21, 14442.22, 277.40393423]
[1513094400, 14330, 14470, 14355.62, 14362.2, 236.77203176]
[1513090800, 14260.9, 14491.43, 14450, 14355.62, 323.64375316]
[1513087200, 14350, 14499.9, 14403.01, 14450, 388.55269092]
[1513083600, 14209.75, 14650, 14210, 14403, 631.91088961]
[1513080000, 14210, 14440, 14437.56, 14210, 436.00374402]
[1513076400, 14375.01, 14492, 14375.92, 14437.56, 250.68237291]
[1513072800, 14356.4, 14499.96, 14499.96, 14375.95, 247.10999685]
[1513069200, 14475.01, 14567.79, 14487.27, 14499.98, 305.23307519]
[1513065600, 14352, 14494.3, 14362.66, 14487.32, 347.13997138]
[1513062000, 14021.16, 14368, 14021.17, 14365.54, 250.22464654]
[1513054800, 13800, 14089, 13913.14, 14020, 111.23988514]
[1513051200, 13850.1, 14101.01, 13963.02, 13913.14, 71.49368013]
[1513047600, 13804, 14050.51, 14050.51, 13970.2, 141.08554143]
[1513044000, 14050, 14177.5, 14170.29, 14050.51, 204.24921171]
[1513040400, 13900, 14172.04, 14040.73, 14171.85, 190.66872438]
[1513036800, 13703.11, 14180, 13917.99, 14049.86, 269.44477891]
[1513033200, 13901, 14248.93, 14225.17, 13919.51, 289.36742917]
[1513029600, 14200, 14371.52, 14371.52, 14225.13, 243.39220903]
[1513026000, 14280, 14380, 14332.18, 14371.52, 223.39442518]
[1513022400, 14154.01, 14470, 14279, 14332.17, 601.76773536]
[1513018800, 13940, 14279, 13997.95, 14279, 98.02556722]
[1513015200, 13904.79, 13999.99, 13904.8, 13997.06, 111.9090062]
[1513011600, 13903, 13997.79, 13984.5, 13904.79, 138.79564495]
[1513008000, 13950, 14080, 14062, 13984.5, 114.12526346]
[1513004400, 13925.74, 14092.94, 13992.25, 14062, 156.16399378]
[1513000800, 13880, 14122.58, 14100.04, 13992.25, 207.55117363]
[1512997200, 13863.2, 14239.69, 14229.4, 14100, 346.03802486]
[1512993600, 14185.02, 14290.13, 14187.49, 14239.98, 156.19171068]
[1512990000, 14185, 14344, 14330.65, 14189.98, 173.97701025]
[1512986400, 14255, 14381.54, 14256.25, 14333.92, 172.93279896]
[1512982800, 14185, 14383, 14302.5, 14259, 210.51570346]
[1512979200, 14225, 14493.08, 14423, 14302.51, 325.03113891]
[1512975600, 14393, 14495, 14395, 14423, 267.83993158]
[1512972000, 13986.32, 14395, 14100, 14395, 269.07463139]
[1512968400, 14050, 14210, 14050.01, 14100, 93.58987797]
[1512964800, 13819.95, 14271.63, 14044.45, 14069.99, 119.83872524]
[1512961200, 13950, 14299, 13984.95, 14044.45, 269.397831]
[1512957600, 13674.95, 13987, 13799.99, 13984.95, 98.2302064]
[1512954000, 13255.95, 13800, 13255.96, 13800, 290.64173431]
[1512950400, 13040.51, 13261.91, 13040.65, 13255.95, 153.46685853]
[1512946800, 12751.82, 13600, 12829.67, 13040.65, 709.05075491]
[1512943200, 12515.68, 13075.45, 12748.21, 12829.69, 378.41282094]
[1512939600, 12601, 13388.99, 13361, 12748.21, 515.73514565]
[1512936000, 13313.05, 13555, 13448.33, 13361.01, 209.2178964]
[1512932400, 13200, 13571.46, 13242, 13448.33, 253.41382917]
[1512928800, 13086, 13383.71, 13382.08, 13242, 184.018596]
[1512925200, 13304.22, 13439.97, 13350.03, 13382.07, 140.17062365]
[1512921600, 13232.81, 13581.25, 13435.57, 13350.02, 359.48346046]
[1512918000, 12931, 13499.9, 13302, 13435.57, 522.2361557]
[1512914400, 12871.71, 13590.89, 12926.05, 13302, 998.049904]
[1512910800, 12246.99, 12950, 12246.99, 12926.02, 498.34628101]
[1512907200, 12020, 12247, 12100.41, 12246.99, 199.38859777]
[1512903600, 12006.27, 12250, 12153.55, 12100.91, 231.97011962]
[1512900000, 12045.36, 12471.68, 12087.91, 12153.55, 431.78812558]
[1512896400, 11720, 12087.91, 11775.38, 12087.9, 278.46345253]
[1512892800, 11557.49, 11966, 11950, 11781.44, 356.32631291]
[1512889200, 11828.57, 12285, 12279.91, 11950, 192.60782856]
[1512885600, 11600, 12321.09, 11783.73, 12280, 145.88943116]
[1512882000, 11651.89, 12049, 11997.59, 11783.73, 112.55719355]
[1512878400, 11500, 12330, 11500.01, 12014.99, 228.66208651]
[1512874800, 11500, 11876.31, 11870.53, 11500.01, 348.51351917]
[1512871200, 11811, 12399, 12259.16, 11874.58, 195.00862698]
[1512867600, 12123, 12552.21, 12550.36, 12205.81, 205.58406276]
[1512864000, 12439.73, 12926.18, 12926.18, 12555, 197.99993225]
[1512860400, 12519.86, 13059.15, 13059.15, 12926.2, 282.17519254]
[1512856800, 12691.71, 13329.05, 12724.98, 13059.38, 395.88456723]
[1512853200, 12550, 12724.99, 12674.01, 12724.98, 209.14151046]
[1512849600, 12373.34, 12862, 12378.46, 12674.01, 338.45056417]
[1512846000, 12209.34, 12691.4, 12598.13, 12378.46, 397.80238162]
[1512842400, 11500.01, 12971.11, 11508.59, 12598.13, 1244.83910912]
[1512838800, 11110, 12210, 12135, 11569.99, 1698.74299954]
[1512835200, 12131.22, 12940.37, 12772.59, 12209.91, 831.71327944]
[1512831600, 12750, 13162.07, 13162, 12773.96, 373.62038353]
[1512828000, 13150.1, 13240.77, 13235.99, 13162, 138.30596196]
[1512824400, 13200, 13294, 13200.01, 13236, 129.93387538]
[1512820800, 13200, 13391.88, 13326.99, 13200, 165.80286738]
[1512817200, 13102, 13333, 13256.61, 13327.43, 303.85383919]
[1512813600, 13246.02, 13400, 13383.55, 13250, 232.26452288]
[1512810000, 13352, 13450, 13368.67, 13383.55, 221.27068581]
[1512806400, 13232.02, 13420, 13375.73, 13368.62, 217.11907013]
