[1496246400, 2041.02, 2075, 2043.91, 2059.94, 97.74687143]
[1496242800, 2006.26, 2064.56, 2006.27, 2042.8, 136.11301715]
[1496239200, 1984.34, 2014.97, 1999.99, 2006.27, 109.80496085]
[1496235600, 1975.43, 2000.81, 1980.02, 1993.91, 82.16838779]
[1496232000, 1971.3, 2015.54, 2012.99, 1980.57, 146.94433483]
[1496228400, 2002, 2019.99, 2012.98, 2013.12, 64.9443012]
[1496224800, 1997.25, 2013, 1998.89, 2011.58, 96.62224505]
[1496221200, 1976.61, 1999, 1979.19, 1998.89, 115.9347496]
[1496217600, 1850, 1992.43, 1987.11, 1979.48, 1020.48304799]
[1496214000, 1920.68, 2020, 1998.98, 1985.46, 251.70873816]
[1496210400, 1971.87, 1999, 1989.45, 1998.98, 91.65786548]
[1496206800, 1940.04, 1992, 1975.5, 1989.44, 40.79376157]
[1496203200, 1934.24, 1981.15, 1948.46, 1975.52, 71.01247516]
[1496199600, 1929.98, 1998, 1997.98, 1955.21, 65.4803322]
[1496196000, 1970.88, 1998, 1977.38, 1997.98, 20.21495002]
[1496192400, 1968.86, 2000.22, 1999.98, 1977.38, 25.36916697]
[1496188800, 1953.75, 2000, 1953.75, 1999.98, 32.12072154]
[1496185200, 1923.99, 1970, 1923.99, 1953.74, 83.74772638]
[1496181600, 1892.51, 2007.41, 1999.45, 1924, 225.01844575]
[1496178000, 1982.56, 2028.51, 2025.39, 2000.93, 124.74652963]
[1496174400, 2007.01, 2044.19, 2017.78, 2010.1, 118.66777356]
[1496170800, 2007, 2034.4, 2014.17, 2017.54, 96.16181348]
[1496167200, 2007.18, 2051.64, 2029.18, 2019.88, 104.50307565]
[1496163600, 2009.04, 2047.53, 2036.72, 2029.16, 72.22779689]
[1496160000, 2014.03, 2056, 2020.89, 2036.72, 137.37115614]
[1496156400, 2004.13, 2041.69, 2007.03, 2020.96, 112.84746693]
[1496152800, 1955, 2054.06, 2043.12, 2007.03, 178.94995661]
[1496149200, 2032.69, 2088.98, 2068.73, 2049.34, 152.65460958]
[1496145600, 2061.77, 2092.83, 2081.14, 2068.32, 103.36739576]
[1496142000, 2070.06, 2094.54, 2078.95, 2082.05, 125.42514402]
[1496138400, 2063.23, 2090, 2063.24, 2070.51, 162.27668718]
[1496134800, 2025.01, 2066.28, 2066.28, 2060.83, 94.20869896]
[1496131200, 2050.56, 2075, 2060, 2067.1, 54.72484592]
[1496127600, 2045.14, 2069.64, 2067.79, 2060, 91.56241861]
[1496124000, 2064.25, 2092.32, 2087.32, 2067.79, 56.92505161]
[1496120400, 2064.2, 2101.78, 2080.41, 2088, 154.08215333]
[1496116800, 2078.18, 2103, 2082, 2083.91, 24.39655246]
[1496113200, 2050.07, 2084.98, 2062.08, 2084.98, 16.39783418]
[1496109600, 2021.68, 2064.27, 2031.03, 2064.19, 25.22084849]
[1496106000, 2026.01, 2040.87, 2026.01, 2037.14, 10.40654612]
[1496102400, 1990, 2059.12, 2052.8, 2023.95, 54.96651853]
[1496098800, 2047, 2078.66, 2056.07, 2052.8, 21.23534723]
[1496095200, 2040, 2107.2, 2092.32, 2050.6, 70.3063093]
[1496091600, 2075.01, 2122.9, 2102, 2092.32, 110.14342902]
[1496088000, 2090.78, 2107.43, 2103.76, 2102, 74.61222825]
[1496084400, 2087.79, 2116.42, 2089.98, 2104.79, 132.60737585]
[1496080800, 2045.95, 2090, 2047.3, 2089.98, 94.70119169]
[1496077200, 2034.97, 2054, 2044.7, 2047.29, 84.71884184]
[1496073600, 2030, 2060, 2030.51, 2045.16, 97.16775057]
[1496070000, 2017.37, 2039.87, 2026, 2030.51, 77.04218169]
[1496066400, 2001.24, 2028.8, 2002, 2026, 107.29733712]
[1496062800, 2001.15, 2024.72, 2015.39, 2002, 91.98453363]
[1496059200, 2010.01, 2035, 2013.77, 2015.39, 92.93736124]
[1496055600, 2010.01, 2048, 2036.4, 2014.63, 143.2493408]
[1496052000, 2013.7, 2044.79, 2015.31, 2036.41, 57.27844248]
[1496048400, 2002.18, 2030, 2007.56, 2013.52, 72.40468583]
[1496044800, 1992.01, 2025.61, 1996.9, 2007.56, 122.20276756]
[1496041200, 1995.01, 2025, 2000, 1996.9, 88.55051308]
[1496037600, 1981.56, 2000, 1984.45, 2000, 51.46584544]
[1496034000, 1955.58, 1991.57, 1956.04, 1991.57, 22.09916156]
[1496030400, 1935.47, 1982, 1972.35, 1960.35, 25.31957829]
[1496026800, 1931, 1971.89, 1940, 1971.89, 31.93081826]
[1496023200, 1940.01, 1992.04, 1992.04, 1940.01, 22.69128582]
[1496019600, 1992.11, 2023.38, 2016.43, 1992.11, 9.45599129]
[1496016000, 1993.7, 2022.01, 1993.7, 2014.93, 63.61864634]
[1496012400, 1992, 2016.93, 2011.36, 1993.69, 50.49363206]
[1496008800, 1995.5, 2025, 2001.8, 2008.19, 107.15977177]
[1496005200, 1944, 2003.28, 1957.84, 2001.82, 131.06075319]
[1496001600, 1930, 1974.39, 1974.39, 1957.84, 86.11939081]
[1495998000, 1934.79, 1986.68, 1986.68, 1974.57, 51.50540808]
[1495994400, 1950, 1989.88, 1965.94, 1986.68, 55.0484509]
[1495990800, 1913.23, 1993, 1983.54, 1965.94, 72.62603694]
[1495987200, 1925.55, 1983.55, 1959.92, 1983.54, 89.90869592]
[1495983600, 1916.99, 1985, 1966.83, 1959.91, 75.09916332]
[1495980000, 1953.99, 2048.89, 2035.05, 1966.83, 81.39262631]
[1495976400, 2035.02, 2075, 2054.99, 2038.51, 60.20556261]
[1495972800, 2039.1, 2062.18, 2049.95, 2054.98, 68.43827494]
[1495969200, 2000, 2067.21, 2046.7, 2050.32, 76.47133971]
[1495965600, 2030, 2092, 2089.76, 2046.71, 95.52372591]
[1495962000, 2053.5, 2108.13, 2063.92, 2089.82, 145.63941467]
[1495958400, 2017.42, 2094.92, 2079.79, 2063.93, 144.26251555]
[1495954800, 1974.88, 2079.81, 1975, 2079.8, 112.48140418]
[1495951200, 1958.92, 1975, 1974.89, 1975, 46.88070117]
[1495947600, 1943.69, 2036.12, 2036.12, 1974.89, 38.78923858]
[1495944000, 1984.57, 2050, 1984.57, 2036.13, 66.03387347]
[1495940400, 1949.99, 1986.21, 1949.99, 1984.57, 24.10371481]
[1495936800, 1919.73, 1950, 1929.65, 1949.97, 6.28728927]
[1495933200, 1911.5, 1930, 1919, 1929.92, 15.67674247]
[1495929600, 1874.73, 1920, 1874.73, 1918.98, 27.3282995]
[1495926000, 1860.01, 1889.02, 1882.74, 1874.56, 27.70797551]
[1495922400, 1839.99, 1901.82, 1851.25, 1882.8, 56.99441866]
[1495918800, 1802.71, 1874.36, 1872.76, 1851.27, 69.58868729]
[1495915200, 1806.07, 1954.97, 1954.95, 1874.37, 114.40833768]
[1495911600, 1917.92, 1954.94, 1927.03, 1954.94, 50.40926651]
[1495908000, 1885.51, 1950.57, 1938, 1927.04, 87.87696208]
[1495904400, 1912.55, 1942.57, 1918.02, 1938, 75.15256817]
[1495900800, 1888.56, 1963.97, 1891.86, 1918.02, 161.14127839]
[1495897200, 1830.91, 1893.85, 1843.64, 1885.75, 97.00808581]
[1495893600, 1840.05, 1891.91, 1855.08, 1843.64, 77.0650626]
[1495890000, 1825.11, 1872.3, 1872.21, 1855.92, 100.15674008]
[1495886400, 1845, 1904.03, 1853.82, 1872.3, 266.91147717]
[1495882800, 1743.58, 1855, 1747.97, 1853.82, 239.36265207]
[1495879200, 1688.73, 1840.79, 1750.07, 1752, 332.11514888]
[1495875600, 1750, 1845, 1830.77, 1750.08, 299.95349537]
[1495872000, 1820, 1921.43, 1910.75, 1833.7, 149.78473874]
[1495868400, 1841, 1939.96, 1899.35, 1912.64, 163.46611642]
[1495864800, 1764.6, 1906.3, 1894.99, 1899.15, 398.69679504]
[1495861200, 1850, 1995, 1944.79, 1895, 194.65849466]
[1495857600, 1931, 2017.31, 2009.82, 1959.91, 60.42500516]
[1495854000, 1929, 2009.83, 1976.16, 2009.82, 34.74615629]
[1495850400, 1975.7, 2063.49, 2061.68, 1976.15, 16.86194053]
[1495846800, 2046.2, 2080, 2049.37, 2063.26, 83.54116854]
[1495843200, 1994.01, 2055, 2034.39, 2046.95, 32.70403889]
[1495839600, 2009.15, 2066.4, 2028.41, 2039.39, 63.30492451]
[1495836000, 1960, 2046.9, 2036.37, 2036.38, 95.68321877]
[1495832400, 2036.32, 2094.98, 2060.89, 2038.24, 107.09653878]
[1495828800, 2005.34, 2143.5, 2059.99, 2060.87, 183.15134069]
[1495825200, 1827.34, 2060, 1995.61, 2050.06, 366.31814285]
[1495821600, 1909, 2064.76, 2006.38, 1969.36, 344.40860812]
[1495818000, 2004, 2152.51, 2149.47, 2004, 209.90006956]
[1495814400, 2143.43, 2220, 2181.14, 2152.15, 146.13169837]
[1495810800, 2138.12, 2200, 2173.23, 2177.08, 120.55227412]
[1495807200, 2102, 2186.87, 2179.71, 2179.5, 234.77730405]
[1495803600, 2160.34, 2269.22, 2249.38, 2179.71, 229.73620393]
[1495800000, 2200.01, 2314.79, 2314.79, 2249.39, 132.9211844]
[1495796400, 2281.85, 2325, 2309.2, 2307.15, 91.26005538]
[1495792800, 2272.01, 2325, 2316.18, 2309.2, 130.70232943]
[1495789200, 2316.08, 2379.29, 2377.01, 2318.49, 170.68405473]
[1495785600, 2290, 2386.97, 2304.08, 2377.02, 170.80472032]
[1495782000, 2280.47, 2332.89, 2329, 2306, 121.16373658]
[1495778400, 2271.17, 2352.86, 2300.3, 2329, 137.94998627]
[1495774800, 2187.81, 2314.09, 2205.88, 2300.32, 66.67629335]
[1495771200, 2141.62, 2207.87, 2204.8, 2141.63, 23.69643148]
[1495767600, 2139.41, 2223.99, 2208.99, 2208.96, 33.30341463]
[1495764000, 2142.72, 2230.94, 2174.16, 2208.99, 53.34819271]
[1495760400, 2136.68, 2249.76, 2206.65, 2171.76, 48.69510004]
[1495756800, 2095.42, 2214.02, 2095.42, 2214.02, 35.08098421]
[1495753200, 2035.87, 2268, 2256.7, 2105.84, 167.71870573]
[1495749600, 2222.01, 2331.55, 2307.21, 2256.71, 119.32685789]
[1495746000, 2243.48, 2352.6, 2243.95, 2291.65, 159.22069079]
[1495742400, 2030.34, 2272.28, 2171.38, 2243.77, 204.71882463]
[1495738800, 2121.48, 2274.85, 2274.85, 2170.38, 118.34590881]
[1495735200, 2146.91, 2278.54, 2162.17, 2267.61, 40.34274167]
[1495731600, 2028.97, 2267.9, 2267.01, 2161.73, 202.64770509]
[1495728000, 2161.17, 2433.17, 2398.9, 2269.94, 250.0744856]
[1495724400, 2323.42, 2500.5, 2482.5, 2398.66, 124.33511009]
[1495720800, 2460.01, 2500.5, 2469, 2480.36, 115.89281398]
[1495717200, 2465.11, 2503.02, 2491.21, 2469.02, 208.36482833]
[1495713600, 2470.82, 2515.77, 2470.95, 2496.99, 270.27908192]
[1495710000, 2410.65, 2499.98, 2466.96, 2470.95, 323.99216722]
[1495706400, 2405.23, 2497.69, 2406.81, 2468.06, 330.97643164]
[1495702800, 2360, 2413.25, 2381.01, 2412.24, 209.44354302]
[1495699200, 2367.37, 2399.98, 2367.37, 2381.01, 239.69082438]
[1495695600, 2300.01, 2400, 2375, 2367.42, 220.38814381]
[1495692000, 2310.95, 2395.67, 2330.35, 2374.99, 179.49171431]
[1495688400, 2267, 2330.95, 2276.86, 2330.88, 76.72842537]
[1495684800, 2276.87, 2310.42, 2296.73, 2276.87, 90.47181775]
[1495681200, 2262.03, 2296.99, 2263.99, 2296.97, 109.35343778]
[1495677600, 2241.99, 2264, 2256.04, 2263.99, 32.62347697]
[1495674000, 2211.62, 2264, 2213.66, 2255.57, 49.12831083]
[1495670400, 2165.98, 2214.68, 2175.75, 2211.61, 46.29826595]
[1495666800, 2130.8, 2180.71, 2150.59, 2175.97, 47.94324286]
[1495663200, 2130.18, 2222.48, 2221.56, 2150, 129.51703059]
[1495659600, 2175, 2222.09, 2179.99, 2221.74, 160.47360123]
[1495656000, 2179.53, 2201.97, 2195.32, 2180, 89.01139348]
[1495652400, 2170, 2206.88, 2187.48, 2195.32, 58.97951712]
[1495648800, 2160.12, 2187.45, 2168.97, 2187.45, 23.45105567]
[1495645200, 2145.97, 2170, 2167, 2168.97, 77.80051419]
[1495641600, 2142, 2169.49, 2149.99, 2167, 86.76419079]
[1495638000, 2129.5, 2148.17, 2129.5, 2148.17, 45.3346145]
[1495634400, 2100.02, 2135.18, 2110.72, 2129.49, 44.53408254]
[1495630800, 2114.55, 2157.96, 2150, 2116.57, 123.00892777]
[1495627200, 2110, 2150, 2124.91, 2141.05, 126.53914441]
[1495623600, 2081.89, 2125, 2081.93, 2124.91, 123.83485609]
[1495620000, 2065.47, 2094.98, 2086.47, 2081.93, 126.38122103]
[1495616400, 2060, 2103.88, 2103.37, 2087.58, 207.83285306]
[1495612800, 2075.09, 2103.88, 2077.87, 2103.38, 145.24826469]
[1495609200, 2067.48, 2089, 2080.61, 2077.6, 124.53845887]
[1495605600, 2050.02, 2081.69, 2060.39, 2080.61, 87.38000928]
[1495602000, 2036.01, 2068.07, 2048.12, 2060.41, 41.40464299]
[1495598400, 2037, 2060, 2052.16, 2048.92, 21.20657217]
[1495594800, 2032.55, 2057.48, 2057.48, 2052.12, 9.40125442]
[1495591200, 2055.24, 2059.47, 2059.47, 2057.48, 35.83750236]
[1495587600, 2023.99, 2059.49, 2024, 2059.48, 40.41488091]
[1495584000, 2020.78, 2024, 2020.79, 2024, 63.21905315]
[1495580400, 2012.39, 2022.17, 2022.16, 2020.79, 30.69225505]
[1495576800, 2008.88, 2022.5, 2009.49, 2022.16, 51.61767319]
[1495573200, 2001.27, 2010.73, 2009.24, 2008.83, 43.92077993]
[1495569600, 1995.08, 2022.46, 2019.28, 2007.96, 171.24902226]
[1495566000, 2000.35, 2025, 2023.7, 2020.57, 90.04554417]
[1495562400, 2001.91, 2024.98, 2007.08, 2023.76, 69.49176087]
[1495558800, 1987.36, 2010, 1999.37, 2009.03, 71.77527368]
[1495555200, 1979.87, 2015, 2015, 1999.38, 70.86303167]
[1495551600, 2003.9, 2015, 2009.99, 2015, 32.94452964]
[1495548000, 1991.99, 2017.06, 1992, 2010, 93.23136447]
[1495544400, 1988.56, 1999, 1994.62, 1992, 101.5994324]
[1495540800, 1990.04, 2016.66, 1994.62, 1994.62, 111.31019152]
[1495537200, 1966.94, 2020, 1970, 1994.73, 131.13657962]
[1495533600, 1943.86, 1970, 1954.99, 1967.81, 139.3468962]
[1495530000, 1930.7, 1963.99, 1958.83, 1956.58, 165.30716556]
[1495526400, 1937.06, 1970.36, 1954.96, 1959.86, 157.56656028]
