[1536566400, 5450, 5481.31, 5474.98, 5450, 58.66276594]
[1536562800, 5463.9, 5499, 5486.57, 5474.98, 53.37718285]
[1536559200, 5459.35, 5486.57, 5468.41, 5486.57, 37.79442489]
[1536555600, 5460, 5477.36, 5460, 5468.41, 8.39154485]
[1536552000, 5457.99, 5482.59, 5474.08, 5460.01, 10.90467349]
[1536548400, 5466.62, 5490.01, 5490.01, 5474.09, 5.73087632]
[1536544800, 5471.9, 5507.62, 5499.84, 5490.01, 6.85678223]
[1536541200, 5430.17, 5514.29, 5430.17, 5499.83, 28.11656885]
[1536537600, 5411.44, 5434, 5411.44, 5426.68, 18.54966883]
[1536534000, 5401, 5449.91, 5430.01, 5409.4, 33.848049]
[1536530400, 5400, 5537.5, 5537.5, 5430.01, 111.06448162]
[1536526800, 5537.5, 5549, 5545.88, 5537.51, 21.06676593]
[1536523200, 5507.41, 5546.52, 5541.9, 5545.88, 67.51488913]
[1536519600, 5526.82, 5544.27, 5544.27, 5541.9, 16.28756773]
[1536516000, 5541.21, 5549.99, 5543.02, 5544.26, 19.49214313]
[1536512400, 5537.95, 5544.6, 5537.95, 5544, 13.60278189]
[1536508800, 5535, 5537.95, 5535.01, 5537.95, 11.20001334]
[1536505200, 5525.33, 5544.28, 5543, 5535.01, 20.8757874]
[1536501600, 5534.33, 5568.88, 5561, 5543, 25.61952235]
[1536498000, 5549.99, 5574.9, 5549.99, 5561.01, 27.78380219]
[1536494400, 5531.63, 5550, 5531.9, 5550, 21.37360752]
[1536490800, 5527.17, 5535.05, 5529.58, 5531.89, 23.93049921]
[1536487200, 5523.06, 5555.13, 5555, 5529.25, 31.2986105]
[1536483600, 5390, 5579, 5390.07, 5555, 114.17749434]
[1536480000, 5384.99, 5393.5, 5385, 5390.08, 15.99710531]
[1536476400, 5380.2, 5385, 5385, 5385, 16.44762822]
[1536472800, 5385, 5392.64, 5385.28, 5385.01, 11.09534315]
[1536469200, 5374.93, 5390, 5376.53, 5386.27, 3.95391355]
[1536465600, 5369.26, 5398.42, 5385.33, 5376.52, 11.4126693]
[1536462000, 5368, 5386.3, 5376.01, 5385.33, 6.84385997]
[1536458400, 5376, 5408.59, 5408.58, 5376, 8.96815529]
[1536454800, 5389, 5408.72, 5389, 5408.59, 14.65515109]
[1536451200, 5373.06, 5389.99, 5380.77, 5389, 5.64423004]
[1536447600, 5380, 5387.39, 5387.39, 5380.77, 17.59878267]
[1536444000, 5375.5, 5399.54, 5390.12, 5386.85, 48.50230189]
[1536440400, 5365.61, 5394.83, 5365.62, 5390.12, 34.48937136]
[1536436800, 5338, 5390.53, 5378.01, 5365.62, 103.65706212]
[1536433200, 5364.96, 5404.75, 5380, 5378.01, 81.73512215]
[1536429600, 5350, 5419.04, 5405.31, 5380, 153.5516453]
[1536426000, 5360, 5560.89, 5545.55, 5405.34, 271.58946278]
[1536422400, 5545.54, 5579.61, 5575, 5545.54, 49.1810555]
[1536418800, 5555, 5575, 5562.91, 5574.99, 20.83358738]
[1536415200, 5561.91, 5579.43, 5575.9, 5562.9, 17.0221621]
[1536411600, 5560, 5575.9, 5571.05, 5575.9, 15.44171035]
[1536408000, 5545.32, 5587.88, 5587.87, 5571.05, 46.40858948]
[1536404400, 5581.6, 5600, 5599.99, 5587.9, 27.03818418]
[1536400800, 5593.99, 5600, 5594, 5599.99, 18.2056981]
[1536397200, 5585.15, 5594, 5593.39, 5594, 12.02426296]
[1536393600, 5580.18, 5593.39, 5580.18, 5593.39, 31.80236335]
[1536390000, 5580, 5585.55, 5585, 5580.19, 12.43806034]
[1536386400, 5573.88, 5585, 5573.88, 5585, 23.62635107]
[1536382800, 5564.03, 5573.89, 5564.03, 5573.89, 2.7249868]
[1536379200, 5560, 5565.93, 5560, 5564.03, 2.8673219]
[1536375600, 5560, 5575.25, 5575.24, 5560, 1.85089495]
[1536372000, 5560.17, 5575.25, 5562.29, 5575.25, 21.68052351]
[1536368400, 5562.29, 5567.38, 5566.66, 5562.29, 9.50587453]
[1536364800, 5535, 5566.66, 5535, 5566.66, 23.31002674]
[1536361200, 5526.35, 5557.01, 5557.01, 5529, 22.98877264]
[1536357600, 5557, 5565.01, 5565.01, 5557.01, 22.17482285]
[1536354000, 5565, 5590, 5585, 5565.01, 18.15180824]
[1536350400, 5559, 5585, 5568.75, 5585, 20.23858539]
[1536346800, 5554.98, 5570, 5568.8, 5569.49, 28.12713831]
[1536343200, 5559.01, 5573.56, 5573.56, 5568.8, 15.06392038]
[1536339600, 5556.04, 5593.23, 5585.39, 5574.25, 33.79034429]
[1536336000, 5510.02, 5595, 5525.01, 5585.4, 42.22873873]
[1536332400, 5510.01, 5570.41, 5543, 5525.02, 47.83523183]
[1536328800, 5540, 5594.87, 5573.95, 5542.99, 84.99452816]
[1536325200, 5555.01, 5577.79, 5560, 5573.95, 67.60086436]
[1536321600, 5510.97, 5566.56, 5511.01, 5560.01, 55.68096464]
[1536318000, 5487.79, 5515, 5487.8, 5511.01, 60.67892698]
[1536314400, 5450.62, 5565.48, 5562.39, 5492.39, 157.00988496]
[1536310800, 5554.27, 5571.5, 5571.48, 5562.39, 54.43879064]
[1536307200, 5551.08, 5601.35, 5601.35, 5571.48, 76.58220484]
[1536303600, 5579.82, 5601.99, 5579.83, 5601.35, 43.92250431]
[1536300000, 5576.37, 5646.85, 5627.53, 5579.83, 95.03827582]
[1536296400, 5601, 5628.12, 5601.01, 5627.53, 31.94909075]
[1536292800, 5600, 5613.78, 5613.78, 5601.23, 23.3014775]
[1536289200, 5600.01, 5616.45, 5600.02, 5613.78, 4.78326661]
[1536285600, 5600.01, 5642.49, 5620, 5600.01, 19.80681602]
[1536282000, 5596.99, 5620, 5597, 5620, 3.75100604]
[1536278400, 5578.27, 5608.46, 5602.86, 5597, 17.12259178]
[1536274800, 5565, 5620, 5565, 5602.3, 28.61240668]
[1536271200, 5550.02, 5565, 5560, 5565, 23.20275986]
[1536267600, 5553, 5567.99, 5566.01, 5560, 28.3839934]
[1536264000, 5539.99, 5570, 5569.99, 5566.01, 43.79052024]
[1536260400, 5517.61, 5570, 5529, 5569.98, 47.17951383]
[1536256800, 5475.03, 5551, 5505.03, 5530, 125.94164248]
[1536253200, 5504.97, 5552.33, 5540.03, 5504.97, 133.16630969]
[1536249600, 5521.19, 5560, 5531.76, 5540.02, 63.78541969]
[1536246000, 5523.1, 5569, 5568.1, 5532.25, 77.4204903]
[1536242400, 5552.81, 5608, 5599.49, 5568.1, 128.50842102]
[1536238800, 5500, 5609.14, 5512.25, 5599.49, 181.23701373]
[1536235200, 5504, 5528.99, 5521.7, 5512.25, 72.73720842]
[1536231600, 5493.48, 5548.99, 5493.49, 5521.7, 109.58005186]
[1536228000, 5479.82, 5523.78, 5503.35, 5493.72, 69.18619572]
[1536224400, 5412.2, 5549.99, 5549.48, 5503.35, 171.03562301]
[1536220800, 5508.94, 5549.99, 5531.36, 5549.49, 100.37518022]
[1536217200, 5502.01, 5544.82, 5525.08, 5531.37, 82.22157263]
[1536213600, 5498.49, 5554.39, 5510, 5525.08, 108.58262187]
[1536210000, 5472.4, 5553.34, 5553.33, 5510, 101.55962974]
[1536206400, 5525.17, 5565.33, 5536.59, 5553.34, 41.7321365]
[1536202800, 5517.65, 5563, 5563, 5536.59, 33.40123541]
[1536199200, 5540.95, 5590.65, 5540.96, 5563.02, 34.90876297]
[1536195600, 5504.73, 5553.91, 5536.84, 5540.96, 89.07395057]
[1536192000, 5420, 5770.88, 5758.62, 5536.85, 352.99114641]
[1536188400, 5734.84, 5949.76, 5932, 5758.62, 311.44817915]
[1536184800, 5925, 5974.97, 5974.97, 5932, 83.71830354]
[1536181200, 5959.52, 6011, 5989.2, 5974.97, 63.20893772]
[1536177600, 5946.75, 5989.07, 5953.2, 5989.07, 48.20857635]
[1536174000, 5933.56, 5964.21, 5958.91, 5953.2, 48.52239214]
[1536170400, 5931.27, 5976.95, 5955, 5958.89, 83.86459437]
[1536166800, 5914.02, 5962.02, 5946, 5954.99, 120.97939232]
[1536163200, 5879.31, 6025, 6025, 5945.99, 240.67389555]
[1536159600, 5981.98, 6049, 6046.61, 6025, 115.22764854]
[1536156000, 6026.32, 6061.99, 6060, 6046.71, 72.92451169]
[1536152400, 6018.76, 6060, 6039.22, 6060, 87.7282894]
[1536148800, 6026.03, 6065, 6043.42, 6039.23, 165.87926681]
[1536145200, 6000, 6074, 6025, 6043.42, 279.86059342]
[1536141600, 5966.02, 6206, 6134.81, 6025, 440.33602343]
[1536138000, 6115.3, 6395, 6387.53, 6131.82, 329.06471151]
[1536134400, 6387.1, 6400, 6392.94, 6387.53, 72.44186807]
[1536130800, 6378, 6395, 6385, 6392.95, 38.43620496]
[1536127200, 6368.61, 6385, 6374.68, 6385, 73.62528261]
[1536123600, 6351.03, 6376.26, 6361, 6374.68, 14.57201879]
[1536120000, 6360.99, 6363.35, 6361, 6360.99, 7.89268482]
[1536116400, 6357, 6365.38, 6365.38, 6361, 2.55407288]
[1536112800, 6362.42, 6379.55, 6379.55, 6365.38, 7.83001233]
[1536109200, 6366, 6379.55, 6366, 6379.55, 8.30984389]
[1536105600, 6357.16, 6369.68, 6357.16, 6366, 6.90001609]
[1536102000, 6351.03, 6365, 6362.25, 6357.17, 17.26983244]
[1536098400, 6351.03, 6365, 6358.75, 6362.25, 21.38705179]
[1536094800, 6358.75, 6365, 6359.01, 6358.76, 57.00496072]
[1536091200, 6359, 6360.33, 6360.32, 6359.01, 20.36409949]
[1536087600, 6360, 6375.33, 6361.2, 6360.33, 49.98109636]
[1536084000, 6358, 6400, 6388.41, 6361.2, 60.00985969]
[1536080400, 6372.92, 6394.06, 6381.1, 6388.4, 34.53682821]
[1536076800, 6364.49, 6388.51, 6388.01, 6381.1, 48.3044389]
[1536073200, 6382, 6399.73, 6399.55, 6388.01, 47.09862099]
[1536069600, 6389.52, 6414.99, 6389.53, 6399.55, 69.55354539]
[1536066000, 6380.21, 6389.53, 6381.03, 6389.52, 46.1832303]
[1536062400, 6358.39, 6426.9, 6358.4, 6381.03, 176.83426969]
[1536058800, 6333.31, 6358.91, 6333.32, 6358.4, 79.3148567]
[1536055200, 6316.62, 6343.2, 6319.38, 6333.31, 41.62858664]
[1536051600, 6306.89, 6327.67, 6320.01, 6319.37, 41.31071087]
[1536048000, 6307.35, 6329.99, 6320, 6320.01, 49.01596422]
[1536044400, 6290.77, 6320, 6305.55, 6320, 52.27666017]
[1536040800, 6268.77, 6307, 6269.99, 6305.55, 65.53123193]
[1536037200, 6261.51, 6274, 6266.42, 6270, 15.17094019]
[1536033600, 6248.4, 6280.04, 6280.03, 6266.42, 42.3224573]
[1536030000, 6280, 6283.8, 6283.8, 6280.04, 3.26785162]
[1536026400, 6283.79, 6289.98, 6289.98, 6283.8, 0.9916408]
[1536022800, 6267.59, 6290, 6267.59, 6289.98, 7.48006712]
[1536019200, 6258.85, 6272, 6262.1, 6269.34, 5.48249726]
[1536015600, 6228.86, 6275.03, 6275.03, 6261.3, 50.7017448]
[1536012000, 6275.03, 6310, 6305.6, 6275.04, 33.26784335]
[1536008400, 6293.99, 6306.96, 6293.99, 6305.61, 23.37896447]
[1536004800, 6282.91, 6315.01, 6315.01, 6294, 50.38543167]
[1536001200, 6274.72, 6322, 6276.95, 6315.01, 80.0991727]
[1535997600, 6270, 6280, 6280, 6278.52, 30.50091238]
[1535994000, 6258.54, 6280, 6262.78, 6280, 42.10238443]
[1535990400, 6246, 6277.32, 6277.32, 6263, 27.27480581]
[1535986800, 6262.46, 6279.68, 6274.72, 6277.31, 48.43837758]
[1535983200, 6262.46, 6281.56, 6277.01, 6274.72, 39.49010563]
[1535979600, 6256.65, 6289, 6260.9, 6277.12, 76.31362515]
[1535976000, 6219.99, 6263.05, 6226.32, 6261.04, 56.57619761]
[1535972400, 6215.1, 6238, 6231.8, 6226.53, 35.83747057]
[1535968800, 6221.09, 6237.43, 6221.1, 6233.05, 27.39275313]
[1535965200, 6219, 6247.52, 6245.43, 6221.1, 58.68672847]
[1535961600, 6234.43, 6266, 6254.32, 6245.43, 43.0848253]
[1535958000, 6232.77, 6260.16, 6254.01, 6254.32, 37.02421442]
[1535954400, 6220.04, 6260.15, 6226.79, 6254, 41.21014514]
[1535950800, 6210.62, 6229.32, 6217.55, 6226.79, 14.93534196]
[1535947200, 6206.7, 6258, 6258, 6218.43, 90.52721195]
[1535943600, 6257, 6275.99, 6275.76, 6258, 5.72524153]
[1535940000, 6254, 6276.26, 6269, 6275.76, 32.53804869]
[1535936400, 6258.88, 6279.43, 6279.43, 6269.01, 18.49087266]
[1535932800, 6275.03, 6310, 6289.22, 6279.42, 21.86249795]
[1535929200, 6278, 6300, 6283.08, 6289.22, 21.31429907]
[1535925600, 6273.85, 6283.9, 6283.87, 6283.09, 14.19551602]
[1535922000, 6280, 6300.38, 6290, 6283.87, 17.55463738]
[1535918400, 6266.76, 6302.51, 6302.51, 6290, 38.06044265]
[1535914800, 6289.99, 6332.53, 6290, 6302.51, 81.92596795]
[1535911200, 6281.32, 6298, 6287.99, 6290, 44.65875475]
[1535907600, 6276.17, 6297.26, 6276.18, 6280.1, 66.87340534]
[1535904000, 6207.97, 6294.7, 6229.6, 6294.7, 88.35544655]
[1535900400, 6224.99, 6246, 6225, 6229.6, 20.62750721]
[1535896800, 6203.18, 6225, 6203.18, 6224.99, 30.30312667]
[1535893200, 6203.18, 6261.6, 6258.96, 6203.19, 44.12033175]
[1535889600, 6241.28, 6269.99, 6249.01, 6259.46, 32.01026934]
[1535886000, 6240, 6280, 6259.99, 6249.01, 102.19350362]
[1535882400, 6255, 6291.9, 6286.09, 6259.98, 39.22136741]
[1535878800, 6252, 6298, 6269.99, 6286.08, 75.76986346]
[1535875200, 6230.2, 6285.24, 6232.73, 6270, 77.58029094]
[1535871600, 6203.74, 6232.77, 6214, 6229.24, 35.78775261]
[1535868000, 6200, 6230, 6226, 6213.99, 15.20116633]
[1535864400, 6197.71, 6226, 6210.99, 6226, 12.80116334]
[1535860800, 6182.9, 6211, 6182.9, 6211, 4.78013589]
[1535857200, 6170.02, 6183, 6170.31, 6182.9, 2.04342104]
[1535853600, 6152.5, 6176.5, 6156.56, 6170.31, 4.28543024]
[1535850000, 6152.5, 6164, 6161.17, 6155.88, 5.69264415]
[1535846400, 6161.16, 6187.33, 6186.4, 6161.17, 7.37491229]
