[1517846400, 5778, 5994.8, 5871.78, 5779.99, 433.89666952]
[1517842800, 5670, 6117.47, 5859.63, 5871.78, 965.25609793]
[1517839200, 5802.61, 6109, 6109, 5861.75, 897.16812988]
[1517835600, 6037.77, 6178.6, 6137.05, 6109, 294.02337527]
[1517832000, 6017.57, 6235.99, 6017.57, 6137.11, 413.96209362]
[1517828400, 6012, 6152.78, 6110.68, 6017.57, 482.35205648]
[1517824800, 6100, 6280.67, 6250.02, 6110.68, 299.64786134]
[1517821200, 6175, 6369, 6216.01, 6250, 328.87427643]
[1517817600, 6196.51, 6419.81, 6400.85, 6216, 370.32288116]
[1517814000, 6284.43, 6468.14, 6427.09, 6401.53, 203.90047377]
[1517810400, 6400, 6632.88, 6541.17, 6422.54, 85.2296252]
[1517806800, 6550, 6666, 6613.78, 6550, 53.38096918]
[1517803200, 6391.53, 6620, 6507.66, 6612.55, 48.10784998]
[1517799600, 6393.56, 6593, 6412.98, 6507.66, 50.65895095]
[1517796000, 6302, 6462.51, 6462.51, 6412.99, 86.65392866]
[1517792400, 6350, 6541.14, 6541.14, 6462.51, 138.35640288]
[1517788800, 6510.12, 6644.32, 6525.79, 6540.83, 81.83252372]
[1517785200, 6501.03, 6735.88, 6730, 6541.83, 155.55859231]
[1517781600, 6403.22, 6730, 6430, 6730, 289.08705718]
[1517778000, 6400, 6599, 6492.7, 6429.99, 318.22730316]
[1517774400, 6257, 6549.99, 6505.49, 6492.7, 743.6384338]
[1517770800, 6480, 6679.69, 6671.93, 6505.5, 348.36219477]
[1517767200, 6610, 6800, 6755.85, 6675.45, 140.18894193]
[1517763600, 6716.38, 6848, 6770.85, 6755.85, 200.99223018]
[1517760000, 6613.28, 6842.95, 6753, 6770.88, 376.06186595]
[1517756400, 6705, 6995, 6954.12, 6753, 245.17588462]
[1517752800, 6954, 7130, 6970.93, 6954.78, 134.15118954]
[1517749200, 6889, 7027.23, 6999, 6970.93, 126.74837426]
[1517745600, 6812.01, 6999, 6992.68, 6999, 285.1676247]
[1517742000, 6999, 7195, 7105, 6999, 195.48489767]
[1517738400, 6951.01, 7130.98, 7105, 7104.99, 195.55203325]
[1517734800, 7060, 7317.67, 7317.67, 7105, 204.17733758]
[1517731200, 7250, 7425, 7395.68, 7317.68, 103.80218781]
[1517727600, 7378.65, 7494.68, 7465.06, 7395.69, 66.93328706]
[1517724000, 7445, 7530, 7445, 7460.06, 36.12126683]
[1517720400, 7311.31, 7445, 7317.13, 7445, 35.18778729]
[1517716800, 7306.51, 7437.58, 7410, 7317.13, 42.65431497]
[1517713200, 7289.09, 7410, 7289.09, 7409.99, 24.18710926]
[1517709600, 7214.29, 7346.01, 7214.3, 7289.09, 28.93268117]
[1517706000, 7214.29, 7350, 7304.03, 7216.35, 50.31238795]
[1517702400, 7303, 7399.93, 7399.93, 7304.03, 52.86133791]
[1517698800, 7284.6, 7400, 7370.02, 7399.93, 95.54712307]
[1517695200, 7301.74, 7445.07, 7400, 7370.03, 100.64009908]
[1517691600, 7358.95, 7503.26, 7501.04, 7400, 117.28972483]
[1517688000, 7480.05, 7630, 7480.05, 7500.18, 187.09759749]
[1517684400, 7470, 7598.73, 7598.48, 7480.05, 126.98881286]
[1517680800, 7334.07, 7603.97, 7400.02, 7598.75, 137.9165339]
[1517677200, 7384.07, 7544.18, 7475.96, 7400.02, 178.01095009]
[1517673600, 7290, 7522.71, 7432.35, 7475.96, 295.23921388]
[1517670000, 7412.01, 7687.05, 7603.39, 7423.22, 440.58582858]
[1517666400, 7432.84, 7615, 7480, 7603.39, 382.88272913]
[1517662800, 7225.17, 7493.83, 7289.88, 7480, 275.21616738]
[1517659200, 7201, 7346.78, 7299.26, 7284.91, 248.3412994]
[1517655600, 7031.48, 7300, 7073.46, 7299.25, 189.90874893]
[1517652000, 7010.69, 7157.68, 7144.76, 7073.46, 165.42210766]
[1517648400, 7090.9, 7193, 7160.94, 7144.76, 198.17196054]
[1517644800, 6873.68, 7173.67, 6946.99, 7160.93, 174.72331312]
[1517641200, 6904.2, 6991.59, 6951.54, 6946.98, 83.53986576]
[1517637600, 6740, 6959.82, 6767.15, 6954.45, 47.33311182]
[1517634000, 6633.65, 6820.99, 6728.73, 6760, 45.07583076]
[1517630400, 6560, 6787.01, 6645.96, 6728.73, 73.40009951]
[1517626800, 6551, 6870, 6870, 6656.47, 143.44466661]
[1517623200, 6870, 6950, 6923.75, 6870, 37.19197491]
[1517619600, 6871.05, 7046.01, 7025, 6923.75, 57.26997269]
[1517616000, 7005.09, 7129.26, 7125.14, 7025, 83.91597443]
[1517612400, 7031.33, 7170.01, 7055.57, 7125.15, 141.94724328]
[1517608800, 6843, 7080.31, 6885.2, 7055.57, 203.01131762]
[1517605200, 6800, 6945, 6890, 6885.2, 121.7824602]
[1517601600, 6859.43, 7060, 6945.01, 6890.01, 171.09435825]
[1517598000, 6732.41, 7035.09, 6846.18, 6945.01, 316.1221552]
[1517594400, 6812.59, 7130, 7023.67, 6847.03, 323.4925306]
[1517590800, 6953, 7425.44, 7414.98, 7025.43, 478.96908307]
[1517587200, 7103.03, 7450, 7289.67, 7414.98, 644.58701227]
[1517583600, 6921, 7297.98, 6960, 7295, 500.74096418]
[1517580000, 6810, 7268, 7192.49, 6960, 977.69471793]
[1517576400, 6507, 7299.98, 6615.18, 7205.24, 2065.3056044]
[1517572800, 5770, 6651.64, 6221.82, 6651.64, 1922.37965496]
[1517569200, 6109, 6390, 6331.04, 6214.33, 675.09784954]
[1517565600, 6224.22, 6500, 6498.95, 6330, 652.75886102]
[1517562000, 6201.4, 6550.12, 6441.84, 6500, 1233.6830523]
[1517558400, 6430, 6667.77, 6667.77, 6442.06, 735.76913201]
[1517554800, 6630, 6850, 6750, 6662.29, 414.54006123]
[1517551200, 6616, 6841.81, 6792, 6749.99, 447.71142463]
[1517547600, 6760, 6900, 6887.94, 6791.99, 186.51700045]
[1517544000, 6791, 6946.06, 6913.74, 6888.77, 118.83601257]
[1517540400, 6905.1, 7076.75, 7023, 6905.1, 64.06081159]
[1517536800, 6812.46, 7023, 6862.03, 7022.94, 95.50199826]
[1517533200, 6800, 6976.15, 6913.18, 6873.85, 166.72075509]
[1517529600, 6900, 7202.85, 7145.82, 6913.31, 242.5691099]
[1517526000, 7037.14, 7238.43, 7097.99, 7145.82, 205.27492897]
[1517522400, 7054.99, 7340, 7319.48, 7098, 352.31147526]
[1517518800, 7200.02, 7488, 7339.99, 7319.48, 602.67382463]
[1517515200, 6666, 7391.1, 6899.99, 7339.99, 1580.70384553]
[1517511600, 6886.07, 7179.21, 7172.02, 6900, 664.84907919]
[1517508000, 7137.45, 7295, 7182.89, 7172.01, 328.83349141]
[1517504400, 7080, 7250, 7129.09, 7182.88, 465.40270169]
[1517500800, 7080, 7367, 7359.03, 7129.1, 557.91754425]
[1517497200, 7300, 7482.43, 7444.22, 7359.04, 231.6015185]
[1517493600, 7276.31, 7524, 7276.32, 7444.22, 472.58853316]
[1517490000, 7220, 7450, 7417.73, 7276.31, 530.8703965]
[1517486400, 7350, 7648.64, 7605.01, 7417.73, 469.23328408]
[1517482800, 7522.13, 7701, 7523.87, 7613.02, 311.36547567]
[1517479200, 7500, 7699, 7646.43, 7533.7, 615.85600922]
[1517475600, 7625, 7964.2, 7937.54, 7650.33, 383.48922817]
[1517472000, 7878, 8133.72, 8133.72, 7937.53, 204.23398535]
[1517457600, 7989.88, 8133.73, 8028, 8133.73, 39.96574474]
[1517454000, 7972, 8120, 8120, 8035.97, 39.43570156]
[1517450400, 8116.45, 8135.38, 8116.46, 8120, 14.04568798]
[1517446800, 8105.31, 8149, 8141.24, 8116.46, 41.81367882]
[1517443200, 8103.15, 8148, 8130.31, 8141.04, 49.54162111]
[1517439600, 8057.2, 8130.31, 8086.8, 8130.3, 60.54093445]
[1517436000, 8040.49, 8099, 8044.23, 8086.8, 62.04608068]
[1517432400, 8036.95, 8102.89, 8088.2, 8044.23, 72.20266614]
[1517428800, 8013.49, 8098.69, 8060.02, 8089, 93.05880788]
[1517425200, 7979.04, 8078.99, 8040, 8060.02, 129.37545584]
[1517421600, 8040, 8084, 8040.03, 8040.01, 73.08523049]
[1517418000, 7983.58, 8116.98, 8010, 8040.04, 113.69933059]
[1517414400, 7894.85, 8010, 7999.99, 8009.99, 174.00844847]
[1517410800, 7964.32, 8010, 7974.71, 7997.05, 141.42717693]
[1517407200, 7915.02, 8154.34, 8088.69, 7974.51, 221.18682291]
[1517403600, 8081.45, 8315, 8315, 8088.69, 141.76901028]
[1517400000, 8223, 8319, 8249.38, 8315, 86.87559696]
[1517396400, 8136.18, 8320.56, 8179.5, 8249.38, 185.43758034]
[1517392800, 8096.93, 8209.48, 8120.5, 8179.49, 124.81931402]
[1517389200, 8009, 8201.01, 8199.22, 8120.45, 148.43080002]
[1517385600, 8180.85, 8290.07, 8220.69, 8199.98, 154.06254655]
[1517382000, 8060.01, 8220.9, 8073.28, 8220.6, 143.07102544]
[1517378400, 7950.3, 8152.14, 7986.21, 8073.29, 119.55015918]
[1517374800, 7800.02, 8027, 7927.01, 7986.21, 77.74148337]
[1517371200, 7812, 7963.5, 7959.61, 7927, 63.05970268]
[1517367600, 7919.27, 8099.26, 8099.25, 7975.81, 63.7630124]
[1517364000, 7901.19, 8138.59, 7901.2, 8099.2, 69.70195286]
[1517360400, 7800, 8019.95, 7874.99, 7901.2, 227.74165696]
[1517356800, 7800.58, 8103.82, 8102.86, 7875, 240.83919973]
[1517353200, 7964.31, 8203.21, 8203.2, 8105.18, 269.51591535]
[1517349600, 8200.01, 8312.5, 8200.01, 8203.2, 169.30493884]
[1517346000, 8102.46, 8247.48, 8162.01, 8200.01, 215.27251367]
[1517342400, 8135.22, 8323.9, 8323.83, 8162.02, 245.9051222]
[1517338800, 7943.98, 8410.72, 8095.83, 8323.83, 616.59608382]
[1517335200, 7905.52, 8326.01, 8326.01, 8095.82, 930.68601902]
[1517331600, 8326, 8549, 8462.99, 8329.98, 181.72179741]
[1517328000, 8359.89, 8515.96, 8359.89, 8460.01, 282.81899478]
[1517324400, 8337.7, 8575.7, 8567.97, 8359.89, 372.57603378]
[1517320800, 8506.33, 8670, 8559.22, 8568.15, 272.63255421]
[1517317200, 8505.01, 8832.35, 8821, 8559.21, 443.93474448]
[1517313600, 8790, 8854.84, 8821.15, 8821, 96.01276234]
[1517310000, 8773.07, 8847.95, 8832.72, 8820.55, 119.32135999]
[1517306400, 8758.81, 8835.48, 8803.79, 8820, 144.34819851]
[1517302800, 8792.99, 8971.99, 8971, 8803.79, 170.22249795]
[1517299200, 8924.01, 8975, 8924.01, 8971, 66.6053156]
[1517295600, 8850, 8941.99, 8901.01, 8924.58, 66.76120968]
[1517292000, 8900, 8941.37, 8901.16, 8901.01, 27.63303503]
[1517288400, 8854.09, 8905, 8854.09, 8901.16, 25.60790872]
[1517284800, 8849.97, 8904.7, 8851.21, 8854.09, 14.09660667]
[1517281200, 8775, 8860.53, 8859.98, 8851.21, 48.8948964]
[1517277600, 8800, 8871.24, 8850.71, 8859.97, 77.93634616]
[1517274000, 8850.01, 9005.12, 9005.12, 8850.71, 86.81106465]
[1517270400, 8984.1, 9015, 9009.92, 9005.12, 26.67782836]
[1517266800, 8911.3, 9047, 8922.13, 9009.92, 63.81323311]
[1517263200, 8900, 9058.99, 9058.31, 8910.4, 129.19939113]
[1517259600, 9025.72, 9060, 9034.94, 9058.31, 56.15345377]
[1517256000, 9000, 9064, 9038.18, 9027.93, 97.76885369]
[1517252400, 9030, 9112.54, 9112.48, 9040.55, 119.98369289]
[1517248800, 9081.01, 9124.01, 9124.01, 9112.48, 62.7644453]
[1517245200, 9076.1, 9147, 9104.72, 9124.01, 73.6525982]
[1517241600, 9097.31, 9105, 9103.73, 9104.71, 56.45473446]
[1517238000, 9076.1, 9133.93, 9105.01, 9104.99, 112.17252624]
[1517234400, 9099, 9165, 9099, 9105.01, 99.92887615]
[1517230800, 9026.01, 9100, 9036.7, 9099.01, 90.0358862]
[1517227200, 9020, 9055, 9044.99, 9036.7, 107.8417608]
[1517223600, 9001.24, 9159.5, 9142.18, 9044.99, 153.34099243]
[1517220000, 9090.94, 9160.28, 9106.81, 9142.18, 87.65337045]
[1517216400, 9050, 9124.01, 9097.87, 9106.82, 108.8329614]
[1517212800, 9022, 9169.99, 9068.03, 9097.88, 130.6388768]
[1517209200, 9060, 9135.44, 9065.5, 9068.04, 64.95205877]
[1517205600, 9065, 9240, 9239.32, 9065.5, 93.06129517]
[1517202000, 9211, 9259.74, 9249.87, 9239.33, 26.67728834]
[1517198400, 9184.99, 9274.22, 9185, 9249.85, 15.50292058]
[1517194800, 9133, 9184.99, 9174.6, 9184.95, 16.68446361]
[1517191200, 9151.01, 9229.39, 9187.84, 9175.03, 30.96079093]
[1517187600, 9154.79, 9389.69, 9372.35, 9187.84, 106.54022939]
[1517184000, 9360, 9393.23, 9360.01, 9373.03, 36.78204148]
[1517180400, 9360, 9395, 9368.99, 9360.01, 34.00628924]
[1517176800, 9351, 9397.94, 9395.25, 9369, 80.01614657]
[1517173200, 9350, 9395.26, 9360, 9395.26, 63.64797295]
[1517169600, 9320.01, 9360, 9324.9, 9360, 57.34084484]
[1517166000, 9298, 9325, 9314.11, 9325, 53.06533559]
[1517162400, 9302.9, 9333.71, 9329.62, 9314.11, 62.87244478]
[1517158800, 9300, 9344, 9336.36, 9329.62, 46.33325308]
[1517155200, 9273.49, 9345.7, 9300, 9336.36, 75.08342479]
[1517151600, 9273.49, 9321.51, 9273.49, 9300.01, 69.31945124]
[1517148000, 9250, 9300, 9281.56, 9273.03, 57.13796683]
[1517144400, 9220, 9283.32, 9250, 9281.56, 103.20334251]
[1517140800, 9250, 9390.35, 9379.98, 9250.01, 129.52461584]
[1517137200, 9259.4, 9383.28, 9259.4, 9379.97, 99.29348915]
[1517133600, 9252, 9392.22, 9392.06, 9259.39, 105.74922612]
[1517130000, 9330, 9400, 9368.01, 9392.19, 62.87354908]
[1517126400, 9330.01, 9401.55, 9382.3, 9368.01, 113.35248529]
