[1538006400, 5509.01, 5536.51, 5509.01, 5534.52, 6.78326555]
[1538002800, 5505, 5522.25, 5505.01, 5509.02, 5.8730268]
[1537999200, 5480.1, 5512.01, 5512.01, 5505.01, 37.97414871]
[1537995600, 5512, 5551.92, 5545.71, 5512, 27.84809245]
[1537992000, 5539, 5550, 5539.01, 5545.82, 21.27459261]
[1537988400, 5521.69, 5551.31, 5551.3, 5539, 32.50873422]
[1537984800, 5542, 5562.33, 5557.32, 5551.31, 33.27235266]
[1537981200, 5552.1, 5569.97, 5561, 5557.33, 38.03164349]
[1537977600, 5560, 5577.65, 5565.44, 5561, 62.87573048]
[1537974000, 5549.24, 5570, 5554.65, 5565.44, 47.23087403]
[1537970400, 5532.64, 5560, 5534.2, 5554.65, 46.40270919]
[1537966800, 5532, 5564.5, 5547.92, 5534.2, 43.55867391]
[1537963200, 5539.37, 5580, 5572.95, 5547.92, 46.05002067]
[1537959600, 5520.92, 5576.87, 5520.93, 5572.94, 74.01138801]
[1537956000, 5500, 5525.12, 5500.01, 5520.07, 40.0558162]
[1537952400, 5494.56, 5503.01, 5497.23, 5500.01, 27.83316234]
[1537948800, 5492, 5505, 5499.99, 5493.72, 46.70494772]
[1537945200, 5478.04, 5503.73, 5478.04, 5500, 44.71758809]
[1537941600, 5478, 5504.9, 5490.04, 5478.04, 41.02523383]
[1537938000, 5449.37, 5492.52, 5449.54, 5490.04, 23.77901026]
[1537934400, 5440.91, 5450.09, 5440.92, 5449.54, 8.65662233]
[1537930800, 5440.91, 5457.56, 5457.56, 5440.92, 10.34740447]
[1537927200, 5450.03, 5458.65, 5450.04, 5457.56, 4.92216388]
[1537923600, 5450.02, 5464.86, 5464.86, 5450.03, 8.0590958]
[1537920000, 5464.85, 5478.57, 5478.18, 5464.85, 9.57598638]
[1537916400, 5454.6, 5492.53, 5454.64, 5478.13, 17.37848155]
[1537912800, 5441.01, 5468, 5452.77, 5454.65, 24.28477417]
[1537909200, 5440, 5456.6, 5448.77, 5452.76, 21.53075987]
[1537905600, 5420, 5465.28, 5420, 5450.68, 63.51221378]
[1537902000, 5411.4, 5428.2, 5411.4, 5420.01, 31.30305588]
[1537898400, 5402, 5449, 5448.31, 5411.41, 54.77940294]
[1537894800, 5433.56, 5460, 5450.01, 5449, 36.59692968]
[1537891200, 5445.18, 5466.59, 5452.1, 5450, 49.46078084]
[1537887600, 5430, 5461.92, 5458.66, 5452.11, 60.08273677]
[1537884000, 5435.49, 5464.55, 5460.41, 5458.66, 36.40910425]
[1537880400, 5452, 5476.56, 5476.56, 5460.41, 95.33333444]
[1537876800, 5434.57, 5489.34, 5445.8, 5476.55, 70.38863761]
[1537873200, 5425, 5458.06, 5457.53, 5445.88, 59.92357697]
[1537869600, 5447.2, 5464.23, 5459.75, 5457.53, 27.36766642]
[1537866000, 5452.63, 5476.01, 5462.01, 5457.88, 46.05008879]
[1537862400, 5433.14, 5467.66, 5439.56, 5462.01, 78.31803256]
[1537858800, 5431, 5489.93, 5475.01, 5439.56, 128.99502977]
[1537855200, 5475, 5527.82, 5521.32, 5475.01, 32.5913586]
[1537851600, 5511.78, 5529.1, 5522, 5521.32, 27.88094598]
[1537848000, 5510.96, 5527.93, 5510.96, 5522.01, 7.17412737]
[1537844400, 5487.53, 5536.17, 5487.54, 5510.95, 20.71965992]
[1537840800, 5474.44, 5500.04, 5500.04, 5487.54, 15.16354272]
[1537837200, 5488, 5561.51, 5561.51, 5500.04, 64.71246097]
[1537833600, 5550, 5605.79, 5605.79, 5561.5, 58.50289353]
[1537830000, 5600.02, 5621, 5620.99, 5605.8, 58.74234858]
[1537826400, 5620, 5649.29, 5649.29, 5621, 28.2313054]
[1537822800, 5640.05, 5655.61, 5655.61, 5649.29, 15.0398329]
[1537819200, 5640.04, 5658.41, 5645.72, 5655.61, 20.8660579]
[1537815600, 5645, 5659.88, 5659.87, 5646.67, 20.6651454]
[1537812000, 5649.99, 5667.78, 5650, 5659.87, 32.18085321]
[1537808400, 5625, 5650, 5628.34, 5650, 32.12846887]
[1537804800, 5617.2, 5628.65, 5620.01, 5628.34, 39.45096115]
[1537801200, 5618.46, 5623.81, 5622.25, 5620.01, 24.00812087]
[1537797600, 5615, 5623.17, 5615, 5622.25, 45.76011043]
[1537794000, 5610, 5644.12, 5642.65, 5614.99, 54.65705097]
[1537790400, 5602.01, 5649, 5605.5, 5642.65, 58.7705133]
[1537786800, 5605.49, 5636.71, 5633.37, 5605.49, 39.94794398]
[1537783200, 5612, 5636.83, 5612, 5633.37, 41.96815884]
[1537779600, 5605.64, 5655.14, 5655.14, 5612, 123.19965097]
[1537776000, 5653, 5693.48, 5691.57, 5653, 37.19490764]
[1537772400, 5666.36, 5695.72, 5672.91, 5691.57, 33.42142887]
[1537768800, 5661.05, 5709, 5708.83, 5673.22, 46.27991979]
[1537765200, 5696.27, 5711.06, 5708.11, 5708.84, 10.72278313]
[1537761600, 5707.55, 5720.15, 5720.14, 5710.94, 6.26094938]
[1537758000, 5720.14, 5722.68, 5722.68, 5720.15, 1.81429741]
[1537754400, 5720.01, 5729.66, 5726.56, 5722.69, 7.1375673]
[1537750800, 5708.17, 5726.56, 5708.18, 5726.56, 2.30447227]
[1537747200, 5708.17, 5717.76, 5717.76, 5709.99, 4.23040839]
[1537743600, 5710.01, 5726.55, 5726.55, 5722.87, 7.89501727]
[1537740000, 5695.06, 5730, 5702.27, 5726.56, 19.5418387]
[1537736400, 5688.15, 5705.01, 5700.49, 5702.27, 18.52583009]
[1537732800, 5695.67, 5704.95, 5703.46, 5700.5, 9.138974]
[1537729200, 5700.01, 5710, 5709.9, 5703.54, 13.77011558]
[1537725600, 5690.65, 5710, 5700.96, 5704.49, 20.94148788]
[1537722000, 5692.22, 5709.14, 5699.82, 5700.34, 17.98698066]
[1537718400, 5677.52, 5700, 5699.95, 5699.83, 23.19198532]
[1537714800, 5677.52, 5715.01, 5695, 5699.96, 40.83037627]
[1537711200, 5677.52, 5747.12, 5737.41, 5695, 52.10827861]
[1537707600, 5723.37, 5739, 5733, 5737.41, 16.9284057]
[1537704000, 5724.77, 5748.93, 5748.21, 5733, 19.92638991]
[1537700400, 5746.1, 5759.87, 5759.47, 5748.94, 26.59637108]
[1537696800, 5754.98, 5767.93, 5767.93, 5759.47, 15.75713399]
[1537693200, 5723.37, 5768, 5731.99, 5767.98, 60.56178738]
[1537689600, 5722.11, 5735, 5722.11, 5731.99, 19.76301533]
[1537686000, 5714.01, 5745.99, 5715.01, 5722.14, 38.20907088]
[1537682400, 5715, 5725.03, 5725.03, 5715.01, 8.49379707]
[1537678800, 5725, 5725.03, 5725.01, 5725.02, 3.27504446]
[1537675200, 5711.69, 5725.03, 5711.7, 5725, 3.71726896]
[1537671600, 5706.41, 5711.7, 5706.41, 5711.7, 1.15591222]
[1537668000, 5703, 5711.7, 5704.07, 5706.41, 1.74006731]
[1537664400, 5701, 5714, 5714, 5704.07, 4.46044742]
[1537660800, 5714, 5728, 5725.73, 5714.01, 6.97399863]
[1537657200, 5711.81, 5727.86, 5711.82, 5725.74, 4.79875005]
[1537653600, 5703, 5715.42, 5705.64, 5711.82, 10.44609936]
[1537650000, 5705.63, 5720.02, 5720.02, 5705.63, 15.90226129]
[1537646400, 5720, 5726.37, 5721.21, 5720.02, 17.98948377]
[1537642800, 5708.27, 5732.14, 5731.61, 5721.21, 17.49318253]
[1537639200, 5664, 5738, 5694.01, 5731.61, 52.6425094]
[1537635600, 5680.26, 5699.84, 5684.02, 5694.01, 32.37111451]
[1537632000, 5684, 5698.48, 5690.07, 5684.01, 18.56528105]
[1537628400, 5664, 5691, 5682.47, 5690.07, 23.17385165]
[1537624800, 5671.2, 5691.83, 5691.83, 5682.47, 32.53972333]
[1537621200, 5684.89, 5691.83, 5688.88, 5691.83, 24.21235375]
[1537617600, 5679.43, 5699, 5679.44, 5689.99, 18.46107556]
[1537614000, 5678.01, 5702, 5701.46, 5679.43, 21.99271159]
[1537610400, 5685.42, 5717.8, 5701.6, 5701.46, 23.35290844]
[1537606800, 5659.27, 5701.6, 5659.28, 5701.6, 30.91661812]
[1537603200, 5636.75, 5733.37, 5733.37, 5659.27, 135.18688922]
[1537599600, 5721.99, 5734.53, 5728.62, 5733.36, 22.1012059]
[1537596000, 5721.87, 5738.16, 5738.16, 5728.62, 15.2238407]
[1537592400, 5735.04, 5746.04, 5735.09, 5738.17, 5.92637236]
[1537588800, 5730, 5752, 5742, 5746.94, 12.17389256]
[1537585200, 5731.3, 5751.4, 5751.4, 5742.92, 12.71500803]
[1537581600, 5750, 5773.62, 5762.18, 5753.14, 3.14555579]
[1537578000, 5759.99, 5789, 5786.43, 5762.18, 12.20104276]
[1537574400, 5758.87, 5800, 5760, 5786.43, 63.67948918]
[1537570800, 5740.18, 5760, 5740.18, 5760, 25.20332597]
[1537567200, 5724.32, 5744.95, 5731.63, 5740.19, 18.07136862]
[1537563600, 5702.17, 5762.97, 5730.77, 5731.23, 66.10369152]
[1537560000, 5730.77, 5773, 5758.63, 5730.77, 45.82133993]
[1537556400, 5738.02, 5775, 5747.63, 5758.63, 73.92609328]
[1537552800, 5710.6, 5747.64, 5715.89, 5747.64, 43.31161193]
[1537549200, 5715, 5730.57, 5730.57, 5715.91, 32.74864666]
[1537545600, 5703.16, 5739, 5703.16, 5730.57, 39.99516248]
[1537542000, 5703, 5727.98, 5723.01, 5703.17, 96.04666672]
[1537538400, 5707.41, 5751.02, 5751.01, 5723, 96.32912266]
[1537534800, 5729.24, 5766.16, 5734, 5751.01, 83.69117217]
[1537531200, 5710.11, 5747.01, 5747.01, 5734.01, 67.11749312]
[1537527600, 5704.98, 5768.58, 5704.99, 5747, 126.23004058]
[1537524000, 5699.99, 5707.18, 5704.26, 5704.99, 45.13404913]
[1537520400, 5672.32, 5706.42, 5688.5, 5703.63, 53.41063425]
[1537516800, 5642.61, 5730.92, 5642.62, 5687.6, 200.28137597]
[1537513200, 5558.09, 5652.88, 5566.1, 5642.61, 212.41483853]
[1537509600, 5557.05, 5574.39, 5560.99, 5566.79, 39.87438221]
[1537506000, 5545, 5568.93, 5568.93, 5561.49, 38.06646165]
[1537502400, 5552.88, 5569.5, 5557.96, 5568.93, 14.4169753]
[1537498800, 5552.11, 5569, 5567.5, 5557.96, 10.89713273]
[1537495200, 5523.16, 5569, 5533.1, 5567.5, 43.94897872]
[1537491600, 5522.01, 5539.23, 5532.24, 5533.1, 9.78965143]
[1537488000, 5530.07, 5555, 5530.07, 5532.25, 8.21558296]
[1537484400, 5522.01, 5554, 5544.99, 5524.44, 41.92011467]
[1537480800, 5491.48, 5545, 5538.99, 5545, 47.25109216]
[1537477200, 5425, 5539, 5438.35, 5539, 54.15040689]
[1537473600, 5410, 5478.99, 5469.44, 5438.35, 57.00556783]
[1537470000, 5454.99, 5480, 5455, 5469.45, 34.44748974]
[1537466400, 5450, 5461.01, 5461.01, 5455, 35.28638528]
[1537462800, 5461, 5482.15, 5475.11, 5461.01, 25.29969661]
[1537459200, 5473.01, 5482, 5477.7, 5473.01, 34.33180756]
[1537455600, 5465, 5482.5, 5475.01, 5479.38, 39.28106844]
[1537452000, 5463.51, 5482.5, 5476.87, 5475.01, 36.13563614]
[1537448400, 5458, 5480.32, 5476.05, 5476.88, 39.96178277]
[1537444800, 5472, 5500, 5478.13, 5476.05, 45.33656826]
[1537441200, 5470.99, 5492.13, 5471, 5478.14, 26.66601638]
[1537437600, 5460.56, 5471, 5466.72, 5471, 33.81560754]
[1537434000, 5463.2, 5484.08, 5474.98, 5466.07, 26.38835241]
[1537430400, 5460.56, 5487.61, 5487.61, 5474.98, 36.61676508]
[1537426800, 5474.64, 5487.65, 5484.21, 5487.61, 20.98380482]
[1537423200, 5474.62, 5488, 5485.8, 5484.21, 22.81633181]
[1537419600, 5478.99, 5487.07, 5479, 5485.89, 4.74122783]
[1537416000, 5477.99, 5479, 5478, 5478.99, 2.76425274]
[1537412400, 5475, 5481.14, 5481.14, 5478, 2.64344649]
[1537408800, 5478.36, 5485.5, 5485.5, 5479.88, 1.57311191]
[1537405200, 5485.49, 5495.01, 5495, 5485.5, 2.50142834]
[1537401600, 5475, 5495, 5475, 5494.99, 9.43435318]
[1537398000, 5471, 5483, 5474.99, 5475, 7.78157816]
[1537394400, 5471.3, 5486, 5478.19, 5474.98, 8.54646436]
[1537390800, 5471, 5530, 5514, 5478.19, 32.75055721]
[1537387200, 5491.09, 5527.85, 5500.23, 5514.39, 52.90413114]
[1537383600, 5263.16, 5580, 5287.02, 5500.22, 306.20803897]
[1537380000, 5264.48, 5428.66, 5428.01, 5287.02, 174.9626279]
[1537376400, 5423.67, 5435, 5423.79, 5428.01, 17.50294375]
[1537372800, 5420, 5439, 5426.3, 5423.78, 40.29383784]
[1537369200, 5420.03, 5439, 5427.85, 5426.02, 28.51865231]
[1537365600, 5399.06, 5440, 5399.06, 5427.86, 47.46024219]
[1537362000, 5388.91, 5405.84, 5395.83, 5399.07, 43.31096748]
[1537358400, 5361.56, 5402.22, 5394.99, 5395.83, 92.52266337]
[1537354800, 5381.04, 5422, 5422, 5395, 50.89980323]
[1537351200, 5407.21, 5427.36, 5412.69, 5422, 40.54234148]
[1537347600, 5375.63, 5430, 5429.11, 5412.69, 74.8734003]
[1537344000, 5423.67, 5440, 5436, 5429.98, 36.91555944]
[1537340400, 5425, 5442.83, 5442.83, 5435.99, 22.75914615]
[1537336800, 5435.49, 5446.96, 5444.84, 5442.83, 31.5293945]
[1537333200, 5435.28, 5447.02, 5441.91, 5444.85, 3.62664699]
[1537329600, 5437.23, 5455.91, 5448.96, 5441.91, 9.44059306]
[1537326000, 5434.01, 5458.06, 5449.75, 5443.11, 4.30925707]
[1537322400, 5442.21, 5449.86, 5449.85, 5449.75, 2.145025]
[1537318800, 5425.01, 5449.86, 5425.01, 5449.85, 0.94803706]
[1537315200, 5425, 5445, 5445, 5425.01, 4.89076035]
[1537311600, 5442.46, 5456.35, 5448.59, 5448, 8.79429219]
[1537308000, 5431.18, 5456.34, 5433.14, 5448.47, 18.60525268]
[1537304400, 5422.05, 5435.17, 5426.11, 5433.16, 12.18884011]
[1537300800, 5413.65, 5433.97, 5421.25, 5426.16, 38.52332352]
[1537297200, 5421.24, 5454.85, 5441.99, 5421.24, 48.20454903]
[1537293600, 5429.28, 5449, 5436.97, 5441.98, 18.98590399]
[1537290000, 5425.59, 5456.71, 5447.43, 5437.03, 25.72571669]
[1537286400, 5441.99, 5460, 5442, 5447.43, 46.6571116]
