[1546646400, 3370.37, 3400, 3370.38, 3388.81, 63.79330102]
[1546642800, 3367.12, 3374, 3369.99, 3370.38, 24.2323591]
[1546639200, 3357.42, 3377.02, 3377.02, 3369.99, 44.83002007]
[1546635600, 3337.51, 3388.97, 3337.51, 3377.02, 65.21874861]
[1546632000, 3313, 3356.25, 3314.05, 3337.5, 59.67386486]
[1546628400, 3310.26, 3317.63, 3312.85, 3314.04, 45.1095777]
[1546624800, 3312.84, 3322, 3321.96, 3312.84, 51.34352303]
[1546621200, 3320.21, 3324.5, 3322.03, 3320.21, 57.84033019]
[1546617600, 3312.35, 3330, 3317.64, 3322.03, 78.54079568]
[1546614000, 3311, 3322, 3321.95, 3317.64, 91.52379341]
[1546610400, 3311, 3346.46, 3340.58, 3321.96, 75.63172091]
[1546606800, 3330.71, 3348.93, 3338.18, 3338, 57.92621892]
[1546603200, 3331.36, 3345, 3345, 3338.18, 93.8961534]
[1546599600, 3345, 3355, 3353.16, 3345, 58.2936781]
[1546596000, 3340.51, 3353.17, 3340.51, 3353.16, 42.33328247]
[1546592400, 3327.26, 3347.97, 3343.08, 3340.51, 83.08470217]
[1546588800, 3343, 3362.47, 3354.03, 3343.07, 59.89882696]
[1546585200, 3349.99, 3361.71, 3350, 3354.03, 33.83556554]
[1546581600, 3344.71, 3350, 3344.71, 3350, 12.457716]
[1546578000, 3338.02, 3344.72, 3343.12, 3344.72, 9.39793504]
[1546574400, 3334, 3346.9, 3344.97, 3343.11, 5.70841365]
[1546570800, 3326.76, 3344.1, 3328.41, 3343.92, 8.30868415]
[1546567200, 3322.26, 3333.02, 3333.01, 3326.75, 5.98785891]
[1546563600, 3318.04, 3333.28, 3318.06, 3333.02, 11.32310206]
[1546560000, 3310.26, 3336.7, 3336.7, 3318.05, 45.87025093]
[1546556400, 3325.37, 3346.63, 3346.63, 3336.7, 28.479763]
[1546552800, 3330.11, 3347.54, 3347.34, 3345.53, 22.03780263]
[1546549200, 3336.67, 3350.21, 3344.66, 3345.56, 47.97846478]
[1546545600, 3324.02, 3345.18, 3324.02, 3344.66, 35.45177832]
[1546542000, 3322, 3340, 3335.73, 3324.03, 56.44667904]
[1546538400, 3325, 3337.01, 3337.01, 3336.53, 37.52698892]
[1546534800, 3324.1, 3339.83, 3325.52, 3337.01, 68.62071495]
[1546531200, 3306.01, 3382.5, 3382.5, 3325.6, 169.43855227]
[1546527600, 3370.01, 3390.63, 3388.1, 3382.5, 66.40669292]
[1546524000, 3386.84, 3398.42, 3397.64, 3388.08, 50.13555396]
[1546520400, 3390.03, 3413.19, 3406.05, 3399.95, 59.51540635]
[1546516800, 3380, 3413.35, 3388.07, 3406.06, 109.26837898]
[1546513200, 3369.99, 3390.45, 3385.01, 3388.07, 63.17802314]
[1546509600, 3379.99, 3393.93, 3380, 3385.01, 77.87099203]
[1546506000, 3362.09, 3380, 3373.99, 3380, 76.48939164]
[1546502400, 3369.46, 3397, 3394.54, 3374, 60.58915287]
[1546498800, 3391.12, 3404.56, 3396, 3394.53, 36.07589941]
[1546495200, 3388.71, 3398.8, 3394.74, 3396, 17.69932381]
[1546491600, 3382.12, 3413.6, 3413.6, 3397.89, 48.87652501]
[1546488000, 3415, 3421.71, 3415.29, 3415, 7.58999964]
[1546484400, 3412.99, 3415.29, 3413, 3415.28, 4.08082796]
[1546480800, 3412.99, 3422.33, 3413, 3413, 8.69959699]
[1546477200, 3401.12, 3420.98, 3420.01, 3413, 20.02025904]
[1546473600, 3420, 3450, 3450, 3420, 81.23762024]
[1546470000, 3449.99, 3465, 3450, 3450, 75.69841834]
[1546466400, 3430.02, 3450, 3434.46, 3450, 51.58605245]
[1546462800, 3415, 3444, 3425.53, 3434.47, 68.54617297]
[1546459200, 3400, 3425.53, 3405.02, 3425.53, 72.28331023]
[1546455600, 3385, 3408.85, 3405.99, 3405.02, 67.88229291]
[1546452000, 3399.5, 3414, 3410.47, 3405.99, 44.43957478]
[1546448400, 3391, 3415, 3400.67, 3410.47, 84.01921529]
[1546444800, 3373.4, 3426.25, 3373.41, 3400.85, 120.85324059]
[1546441200, 3368.51, 3386.21, 3380.72, 3373.4, 57.83000964]
[1546437600, 3368.51, 3391.33, 3391.33, 3380.73, 96.54393478]
[1546434000, 3357.03, 3393.25, 3357.03, 3391.32, 160.38035476]
[1546430400, 3342.4, 3357.68, 3351.03, 3357.03, 58.18774033]
[1546426800, 3340, 3358.25, 3347.3, 3351.03, 65.91568786]
[1546423200, 3330, 3350.01, 3332.95, 3347.3, 46.76268986]
[1546419600, 3331.49, 3340.49, 3335.32, 3332.95, 52.68177575]
[1546416000, 3322.19, 3335.83, 3322.19, 3335.32, 35.3078389]
[1546412400, 3302.79, 3327.21, 3313.3, 3322.19, 76.9081107]
[1546408800, 3306.42, 3332.01, 3332, 3313.3, 20.2541054]
[1546405200, 3328.37, 3341.91, 3332.2, 3332.01, 36.03229941]
[1546401600, 3332.2, 3336.43, 3333, 3332.21, 3.91054299]
[1546398000, 3332.2, 3340, 3333, 3333, 9.75388549]
[1546394400, 3325, 3333, 3329.6, 3333, 7.85239648]
[1546390800, 3329.59, 3337.99, 3337.99, 3329.59, 9.82637174]
[1546387200, 3331, 3356, 3348.39, 3337.98, 32.63869597]
[1546383600, 3258.51, 3350.73, 3258.52, 3347.23, 119.26216203]
[1546380000, 3258.51, 3263.7, 3263.7, 3258.52, 33.73484167]
[1546376400, 3263.69, 3284.4, 3274, 3263.7, 49.79966639]
[1546372800, 3244.98, 3280.87, 3244.99, 3273.99, 118.85181547]
[1546369200, 3219.61, 3244.99, 3219.99, 3244.99, 26.78517748]
[1546365600, 3208.5, 3240.44, 3240.44, 3219.9, 72.71747133]
[1546362000, 3236.4, 3247.46, 3240.85, 3240.44, 26.11360629]
[1546358400, 3224.56, 3245.27, 3233.1, 3240.85, 30.10812752]
[1546354800, 3215.8, 3237.91, 3237.9, 3233.09, 42.50189558]
[1546351200, 3210.63, 3256.07, 3256.06, 3237.91, 110.74577005]
[1546347600, 3245.11, 3270, 3259.98, 3262.33, 128.00791532]
[1546344000, 3250.8, 3263.14, 3253.15, 3259.99, 39.8351334]
[1546340400, 3251.62, 3267, 3260.01, 3253.15, 42.84111158]
[1546336800, 3252.12, 3265.12, 3252.12, 3260.01, 17.4282118]
[1546333200, 3250.05, 3268.35, 3268.35, 3253, 37.77634951]
[1546329600, 3249.99, 3269.5, 3250, 3268.41, 46.45679158]
[1546326000, 3246.71, 3250, 3246.71, 3250, 27.51527902]
[1546322400, 3245.33, 3249.89, 3246.84, 3246.71, 9.20864494]
[1546318800, 3240, 3246.84, 3240, 3246.84, 5.40665214]
[1546315200, 3237.46, 3250, 3239.54, 3240, 5.87048594]
[1546311600, 3228.6, 3241.99, 3228.6, 3239.54, 10.69498234]
[1546308000, 3223.34, 3236.18, 3233.28, 3228.6, 9.59879888]
[1546304400, 3229.75, 3243.53, 3243.53, 3233.27, 14.40572296]
[1546300800, 3204.23, 3249.63, 3244.16, 3244.57, 44.99741053]
[1546297200, 3232.51, 3242.6, 3237.1, 3240, 34.68222516]
[1546293600, 3218.49, 3238.5, 3220.22, 3238.5, 47.97495371]
[1546290000, 3210.85, 3234.81, 3230.51, 3220.22, 48.2268388]
[1546286400, 3220.07, 3244.75, 3244.75, 3230.51, 42.20527747]
[1546282800, 3189.1, 3303.18, 3300.02, 3244.76, 369.55440288]
[1546279200, 3299.16, 3309.68, 3299.17, 3300.02, 26.85842817]
[1546275600, 3299.16, 3311.19, 3310.85, 3299.17, 75.59256769]
[1546272000, 3310, 3340, 3331.99, 3310.84, 81.08592482]
[1546268400, 3303.82, 3350, 3335.64, 3331.99, 79.67566685]
[1546264800, 3307.28, 3346.38, 3310.5, 3335.63, 56.79902165]
[1546261200, 3305, 3315.69, 3315, 3310.5, 93.28478703]
[1546257600, 3296.37, 3315.1, 3306.01, 3315, 67.72233413]
[1546254000, 3278.01, 3348.38, 3348.1, 3306.01, 210.41110307]
[1546250400, 3343.2, 3368.82, 3348.89, 3348.1, 83.66125356]
[1546246800, 3333.12, 3359, 3336.69, 3347.42, 95.10470834]
[1546243200, 3325.07, 3338.92, 3336.74, 3338.16, 32.5959105]
[1546239600, 3335, 3345.76, 3341.42, 3336.78, 15.31463568]
[1546236000, 3330.63, 3343.08, 3335.55, 3341.42, 8.24596992]
[1546232400, 3329.41, 3335.88, 3334.89, 3335.55, 3.07005811]
[1546228800, 3334.87, 3334.89, 3334.87, 3334.89, 3.92944723]
[1546225200, 3319.96, 3334.61, 3319.97, 3333.22, 15.75724632]
[1546221600, 3314, 3345.52, 3338.33, 3319.97, 17.28973233]
[1546218000, 3327.53, 3372.14, 3372.13, 3338.32, 56.77062872]
[1546214400, 3366, 3377.5, 3376.61, 3369.15, 25.7716312]
[1546210800, 3363.55, 3378.98, 3365, 3376.69, 13.08256488]
[1546207200, 3362.45, 3365, 3362.46, 3364.99, 22.0343325]
[1546203600, 3352.91, 3379, 3365.05, 3362.45, 53.65238189]
[1546200000, 3337.53, 3369.08, 3355.12, 3365.05, 31.47936162]
[1546196400, 3324, 3379.95, 3361.46, 3355.12, 49.04811266]
[1546192800, 3355.2, 3368.17, 3362.07, 3360.8, 28.87145424]
[1546189200, 3355.39, 3365, 3355.4, 3362.07, 23.04380148]
[1546185600, 3349.5, 3362.64, 3355.86, 3355.4, 22.80827538]
[1546182000, 3353.99, 3378.24, 3358.94, 3355.87, 20.59380997]
[1546178400, 3335.33, 3361.16, 3348.37, 3358.95, 22.78539944]
[1546174800, 3348, 3368.34, 3358.96, 3348.37, 28.57371197]
[1546171200, 3306.59, 3392.25, 3377.52, 3358.96, 82.53841191]
[1546167600, 3371.52, 3382, 3373, 3377.54, 25.76701477]
[1546164000, 3370.19, 3382, 3379.99, 3373, 32.09495334]
[1546160400, 3330, 3388, 3348.34, 3380, 46.287585]
[1546156800, 3308.57, 3348.34, 3315.02, 3348.34, 35.72802222]
[1546153200, 3309.63, 3318.56, 3310.69, 3314.74, 15.27786274]
[1546149600, 3308, 3318.85, 3313.07, 3310.73, 8.66314599]
[1546146000, 3302.16, 3315.57, 3315.56, 3313.08, 4.28523389]
[1546142400, 3290.2, 3316.8, 3294.6, 3313.86, 10.05117278]
[1546138800, 3290, 3300, 3295.26, 3294.61, 9.66181969]
[1546135200, 3292, 3300, 3295.43, 3295.25, 12.23338345]
[1546131600, 3278.64, 3303.88, 3290.04, 3295.43, 28.11430892]
[1546128000, 3256.51, 3311.16, 3284.99, 3290, 86.79938165]
[1546124400, 3259, 3448.99, 3427.26, 3284.99, 285.71615995]
[1546120800, 3426.19, 3444, 3439.5, 3428.36, 42.92837163]
[1546117200, 3391, 3442.3, 3391, 3439.5, 71.11015588]
[1546113600, 3372.61, 3405.97, 3372.61, 3391.01, 52.48127412]
[1546110000, 3358.26, 3372.61, 3360, 3372.61, 36.54463375]
[1546106400, 3343, 3375.63, 3370, 3360, 42.47439788]
[1546102800, 3350.45, 3377.93, 3370.41, 3369.68, 55.36785079]
[1546099200, 3362, 3410.91, 3410.91, 3369.1, 83.3394177]
[1546095600, 3400.01, 3414.92, 3403.86, 3410.91, 23.63508494]
[1546092000, 3400, 3415.1, 3408.38, 3403.86, 28.01529725]
[1546088400, 3400, 3408.38, 3407.79, 3408.37, 30.92051319]
[1546084800, 3395.05, 3408.38, 3403.33, 3407.79, 26.07888849]
[1546081200, 3387.9, 3409, 3391.45, 3403.33, 25.11248626]
[1546077600, 3385.99, 3427.51, 3427.51, 3391.45, 66.87051301]
[1546074000, 3403, 3450, 3436.23, 3427.51, 73.2837799]
[1546070400, 3421.24, 3448.18, 3441.55, 3436.23, 64.30510641]
[1546066800, 3410, 3441.56, 3413.12, 3441.54, 23.20552781]
[1546063200, 3403.77, 3415.29, 3403.77, 3413.13, 6.80939266]
[1546059600, 3402, 3422.13, 3420.41, 3408.2, 9.88469064]
[1546056000, 3410, 3424.79, 3418.84, 3420.4, 14.43065991]
[1546052400, 3413.67, 3425.57, 3413.91, 3418.98, 6.93344187]
[1546048800, 3409.99, 3425.27, 3425.27, 3413.91, 16.03769191]
[1546045200, 3415.33, 3429.37, 3429.03, 3425.27, 16.06679587]
[1546041600, 3408.77, 3434.34, 3408.77, 3429.03, 37.30842908]
[1546038000, 3360.81, 3415, 3411.29, 3408.78, 89.25914829]
[1546034400, 3410.25, 3429.99, 3427, 3411.3, 61.47667472]
[1546030800, 3417.1, 3437, 3435.32, 3427, 50.71541763]
[1546027200, 3407.3, 3437, 3415.52, 3436.99, 62.73584165]
[1546023600, 3397.99, 3450, 3397.99, 3419.01, 213.62902855]
[1546020000, 3376.02, 3398, 3390, 3397.99, 92.01381678]
[1546016400, 3360.08, 3395.25, 3392, 3389.91, 148.62034943]
[1546012800, 3368.97, 3440, 3375.61, 3392.01, 290.2455802]
[1546009200, 3182.23, 3395, 3185.35, 3375.61, 468.25549705]
[1546005600, 3175.7, 3185.46, 3185, 3185.46, 61.71579854]
[1546002000, 3177.8, 3192.65, 3188.68, 3185.01, 119.38306493]
[1545998400, 3180, 3205, 3201, 3188.67, 61.66834625]
[1545994800, 3184.55, 3200.36, 3184.56, 3200.36, 81.93189262]
[1545991200, 3181.27, 3201.95, 3201.47, 3184.56, 81.47592184]
[1545987600, 3190.09, 3209.4, 3191.99, 3201.54, 83.06320824]
[1545984000, 3171.18, 3192, 3175.79, 3191.99, 54.53809573]
[1545980400, 3168, 3185.3, 3168, 3175.79, 39.90322123]
[1545976800, 3168, 3170.02, 3170.01, 3168, 296.18483626]
[1545973200, 3157.23, 3170.02, 3160.61, 3170, 99.30243586]
[1545969600, 3160.6, 3162.89, 3161, 3160.61, 4.15383398]
[1545966000, 3160.6, 3167, 3166.95, 3160.6, 4.90855923]
[1545962400, 3161.97, 3170, 3166.26, 3166.95, 10.37688837]
[1545958800, 3166.25, 3177.75, 3175.11, 3166.26, 17.71249505]
[1545955200, 3157.17, 3178, 3157.17, 3175.12, 29.48270822]
[1545951600, 3122.58, 3159.02, 3159.02, 3157.17, 90.02128009]
[1545948000, 3153.31, 3164.63, 3159.13, 3159.01, 46.14490607]
[1545944400, 3155.99, 3177.19, 3155.99, 3159.13, 77.31228798]
[1545940800, 3150.2, 3182.71, 3179.99, 3160, 131.12006232]
[1545937200, 3173.33, 3286.51, 3286.51, 3179.99, 507.26511152]
[1545933600, 3286.4, 3307.2, 3307.2, 3286.5, 103.95595945]
[1545930000, 3300, 3312.53, 3312.52, 3307.19, 40.01939406]
[1545926400, 3303.33, 3314.99, 3303.33, 3313.07, 57.29210202]
