[1523606400, 6564.81, 6707.19, 6620.2, 6634.3, 335.19618322]
[1523602800, 6359.71, 6709.27, 6359.72, 6620.2, 477.51937592]
[1523599200, 6327.93, 6412.78, 6330.99, 6359.72, 97.06096426]
[1523595600, 6312.34, 6359.99, 6359.99, 6327.93, 41.92078072]
[1523592000, 6325.43, 6371.72, 6359.4, 6360, 23.78172217]
[1523588400, 6358.91, 6400, 6389.94, 6358.91, 19.43782059]
[1523584800, 6338.46, 6399.99, 6338.46, 6389.93, 35.55652408]
[1523581200, 6300, 6413.06, 6413.06, 6338.45, 57.24656506]
[1523577600, 6340, 6490.48, 6433.42, 6412, 96.20286125]
[1523574000, 6366.87, 6484.1, 6370.3, 6433.42, 143.37080071]
[1523570400, 6276.57, 6372, 6339, 6370.3, 118.93590459]
[1523566800, 6261, 6440.06, 6266.36, 6338.99, 293.75073866]
[1523563200, 6226.91, 6277.46, 6235.4, 6266.37, 82.44891949]
[1523559600, 6215.94, 6298, 6229.98, 6235.4, 125.39392961]
[1523556000, 6207.08, 6249, 6243.43, 6229.98, 98.93276329]
[1523552400, 6167.96, 6339, 6167.96, 6243.43, 353.93598676]
[1523548800, 6123.29, 6182.6, 6169.99, 6167.96, 169.35744511]
[1523545200, 6142.86, 6206.68, 6206.67, 6170, 163.49166978]
[1523541600, 6162.07, 6260, 6250, 6206.68, 181.94025787]
[1523538000, 6180.02, 6270, 6241, 6250, 227.22730773]
[1523534400, 6163.24, 6367.73, 6285.01, 6241, 573.92262068]
[1523530800, 5632, 6568.02, 5632.01, 6285, 2230.55692358]
[1523527200, 5557, 5650, 5568.99, 5632.01, 84.12522157]
[1523523600, 5558.55, 5569, 5558.56, 5569, 27.15054902]
[1523520000, 5529.27, 5558.56, 5547.11, 5558.56, 64.14426577]
[1523516400, 5481, 5553.89, 5502.3, 5547.11, 86.665708]
[1523512800, 5495.12, 5640, 5631.01, 5502.31, 131.11243404]
[1523509200, 5630.48, 5645.88, 5644.98, 5631.01, 22.61531561]
[1523505600, 5622.35, 5647.87, 5630.57, 5644.99, 19.67415898]
[1523502000, 5623.95, 5639.42, 5634.99, 5630.57, 14.05657615]
[1523498400, 5617.51, 5635, 5619, 5635, 9.12528528]
[1523494800, 5592, 5619, 5614.12, 5619, 26.57849196]
[1523491200, 5610.03, 5632.38, 5625.53, 5614.11, 30.25907537]
[1523487600, 5610.7, 5639.42, 5610.7, 5625.53, 30.65653751]
[1523484000, 5600.01, 5610.1, 5600.01, 5610.1, 12.20321311]
[1523480400, 5590, 5602.78, 5592.7, 5600.01, 22.72491163]
[1523476800, 5591.5, 5606.14, 5605, 5592.5, 34.73800962]
[1523473200, 5590.97, 5606.13, 5606.12, 5605, 33.56679596]
[1523469600, 5587.43, 5606.13, 5587.43, 5606.12, 51.55674717]
[1523466000, 5565.52, 5613.32, 5607.43, 5587.43, 69.96636377]
[1523462400, 5600.02, 5616.2, 5614.3, 5607.43, 41.04177677]
[1523458800, 5584.27, 5620.73, 5618.82, 5614.3, 73.79143544]
[1523455200, 5617.25, 5647.29, 5629.92, 5618.93, 75.23300159]
[1523451600, 5551.44, 5650, 5551.44, 5629.93, 172.17021593]
[1523448000, 5545.44, 5565.28, 5562.79, 5551.45, 39.69751785]
[1523444400, 5540, 5563.68, 5552.99, 5562.83, 67.35576627]
[1523440800, 5553.65, 5569.7, 5568.02, 5553.65, 46.88671511]
[1523437200, 5560.51, 5572.53, 5563.83, 5569.72, 52.65426681]
[1523433600, 5538.25, 5564.19, 5544.93, 5563.83, 39.19116145]
[1523430000, 5540, 5546.3, 5545.94, 5541.69, 40.00418475]
[1523426400, 5525.98, 5545.99, 5542.91, 5545.94, 36.87518075]
[1523422800, 5528.12, 5555.65, 5528.13, 5542.9, 23.02404591]
[1523419200, 5522.19, 5529.68, 5529.68, 5528.13, 7.18798471]
[1523415600, 5529.67, 5542.66, 5542.66, 5529.68, 6.24444246]
[1523412000, 5542.58, 5554.91, 5549.43, 5542.66, 15.60763147]
[1523408400, 5540, 5549.43, 5549.43, 5549.42, 6.3953377]
[1523404800, 5538.58, 5554.9, 5538.59, 5549.43, 8.16107763]
[1523401200, 5502.21, 5543.4, 5515.01, 5538.59, 40.7097989]
[1523397600, 5515.01, 5574, 5565.64, 5515.01, 45.97427033]
[1523394000, 5540.71, 5569.78, 5548.99, 5565.64, 40.05126873]
[1523390400, 5514.66, 5550, 5549.99, 5549, 52.9475433]
[1523386800, 5529.32, 5550, 5538.2, 5550, 32.75694203]
[1523383200, 5509.12, 5574.91, 5565.99, 5538.2, 93.42247414]
[1523379600, 5545.43, 5579.28, 5549.62, 5565.99, 64.66298593]
[1523376000, 5542, 5554.99, 5544, 5550, 70.14521575]
[1523372400, 5481, 5574.07, 5481, 5544.95, 202.91782119]
[1523368800, 5476.57, 5487.75, 5485, 5481.01, 39.48841421]
[1523365200, 5485, 5499.96, 5486, 5485.01, 79.55215672]
[1523361600, 5473.11, 5489, 5485.21, 5486, 55.85476344]
[1523358000, 5472, 5497.97, 5480, 5485.21, 75.70086177]
[1523354400, 5468.7, 5518, 5517.99, 5480.01, 52.93919661]
[1523350800, 5467.49, 5518, 5483.02, 5518, 70.92586823]
[1523347200, 5439.03, 5484.47, 5475, 5483.02, 59.36817501]
[1523343600, 5452.5, 5495.74, 5452.51, 5474.99, 50.00621693]
[1523340000, 5450, 5520.04, 5503, 5452.51, 71.47142934]
[1523336400, 5485.99, 5510.72, 5504.15, 5503, 14.58968558]
[1523332800, 5500.51, 5537.04, 5530.73, 5504.16, 19.78980713]
[1523329200, 5501.08, 5529.92, 5501.92, 5529.92, 30.890238]
[1523325600, 5492.72, 5506.6, 5492.73, 5501.92, 11.39258212]
[1523322000, 5469.77, 5514.39, 5514.39, 5492.73, 33.24916818]
[1523318400, 5503.74, 5530, 5516.55, 5514.38, 33.7487535]
[1523314800, 5450.01, 5528.99, 5450.01, 5516.55, 30.66990968]
[1523311200, 5446.1, 5474.01, 5474.01, 5450, 25.41304369]
[1523307600, 5434.76, 5474.87, 5434.77, 5474.01, 52.64326429]
[1523304000, 5400.42, 5444.42, 5443.19, 5434.77, 119.39724444]
[1523300400, 5403, 5503.18, 5503.18, 5443.22, 157.58048831]
[1523296800, 5492.85, 5508.04, 5492.86, 5503.18, 58.43189325]
[1523293200, 5485, 5500.09, 5491.68, 5492.86, 60.7341435]
[1523289600, 5480, 5503.93, 5481.61, 5491.68, 63.89889163]
[1523286000, 5476.7, 5515.94, 5486.95, 5481.6, 82.9721142]
[1523282400, 5450, 5487.1, 5486.33, 5487, 82.66546209]
[1523278800, 5480.49, 5516, 5498, 5486.15, 92.42444641]
[1523275200, 5459.77, 5539.09, 5508.42, 5498, 139.86118621]
[1523271600, 5457.23, 5546.2, 5546.2, 5508.42, 238.6083932]
[1523268000, 5529.86, 5805, 5805, 5547.47, 385.26600192]
[1523264400, 5800, 5862.37, 5859.9, 5805.01, 126.90051332]
[1523260800, 5813.49, 5859.91, 5813.5, 5859.91, 129.51187433]
[1523257200, 5802.15, 5827.2, 5804.99, 5813.5, 44.72041814]
[1523253600, 5776.2, 5809.33, 5785.59, 5804.1, 47.31701929]
[1523250000, 5784.57, 5819.78, 5819.78, 5785.59, 62.7983307]
[1523246400, 5783.41, 5828.57, 5805.86, 5819.77, 21.8630457]
[1523242800, 5771, 5805.85, 5792.2, 5805.85, 18.60053542]
[1523239200, 5791.7, 5839, 5806, 5792.2, 38.61198856]
[1523235600, 5774.27, 5828.51, 5774.28, 5802.67, 77.22543159]
[1523232000, 5737.47, 5790, 5737.47, 5775, 39.63901541]
[1523228400, 5716.23, 5740.22, 5737.31, 5737.47, 31.43850231]
[1523224800, 5690.7, 5744.17, 5690.7, 5737.3, 51.94811216]
[1523221200, 5661, 5690.7, 5661.01, 5690.7, 23.16054566]
[1523217600, 5661, 5686.21, 5686.19, 5661.01, 36.66252373]
[1523214000, 5675, 5698.01, 5698.01, 5686.2, 34.22716431]
[1523210400, 5659.11, 5699, 5694, 5698.01, 41.86828191]
[1523206800, 5656.99, 5708, 5708, 5694, 115.11002654]
[1523203200, 5708.07, 5752.15, 5752.15, 5708.07, 53.46270297]
[1523199600, 5730.43, 5769.58, 5730.43, 5752.15, 59.38912352]
[1523196000, 5728.05, 5763.25, 5763.25, 5729.52, 37.32822967]
[1523192400, 5763.24, 5772.16, 5769.77, 5763.25, 34.76730869]
[1523188800, 5757, 5795, 5795, 5769.77, 85.17646522]
[1523185200, 5694.1, 5795, 5698, 5795, 84.17673877]
[1523181600, 5681.32, 5698.9, 5689.28, 5697.99, 32.76302242]
[1523178000, 5672.71, 5710.1, 5672.71, 5689.29, 56.39885805]
[1523174400, 5649.15, 5672.72, 5658.5, 5672.72, 44.61458913]
[1523170800, 5622.8, 5661.35, 5629.01, 5658.5, 14.01608627]
[1523167200, 5601.28, 5652.41, 5648.2, 5631.64, 34.34006003]
[1523163600, 5642.46, 5688.07, 5676.44, 5648.21, 17.53712921]
[1523160000, 5655, 5682.78, 5655, 5676.44, 7.0641535]
[1523156400, 5642.01, 5655, 5652.92, 5655, 6.76701772]
[1523152800, 5641, 5666.99, 5651.01, 5652.92, 3.94312862]
[1523149200, 5634.26, 5668.57, 5659.96, 5651.02, 15.9237101]
[1523145600, 5595.99, 5668.57, 5595.99, 5659.95, 37.42788706]
[1523142000, 5555, 5630, 5628.74, 5596, 62.41196054]
[1523138400, 5611.67, 5671.1, 5671, 5628.75, 48.83567078]
[1523134800, 5655.88, 5694.29, 5694.29, 5671, 44.85506105]
[1523131200, 5687.98, 5694.29, 5694.27, 5694.29, 25.97775024]
[1523127600, 5687.9, 5697.5, 5688, 5694.27, 37.9395384]
[1523124000, 5682.01, 5718.17, 5711.01, 5688, 43.51819804]
[1523120400, 5696.74, 5725.81, 5709.99, 5711.01, 44.72558009]
[1523116800, 5693.89, 5749, 5718.01, 5709.99, 113.26519344]
[1523113200, 5585, 5719.97, 5595, 5718, 169.76124021]
[1523109600, 5579.99, 5595, 5580, 5595, 22.72512044]
[1523106000, 5540, 5614.98, 5612.01, 5580, 81.27713787]
[1523102400, 5611.59, 5632.79, 5611.59, 5612.01, 29.89795705]
[1523098800, 5600, 5614.32, 5600.01, 5611.6, 32.98941501]
[1523095200, 5578.99, 5614.37, 5599.62, 5600.01, 53.66769849]
[1523091600, 5596, 5635.01, 5635.01, 5599.62, 77.89025398]
[1523088000, 5594.45, 5643.11, 5594.45, 5635.01, 117.86136652]
[1523084400, 5570.98, 5594.4, 5593.88, 5594.4, 49.64878029]
[1523080800, 5580.45, 5593.88, 5580.45, 5593.87, 33.49031261]
[1523077200, 5569.61, 5591.4, 5579.99, 5580.5, 23.40147833]
[1523073600, 5554.94, 5579.99, 5570.49, 5579.99, 19.85119109]
[1523070000, 5542.89, 5575, 5556.72, 5570.49, 30.86471096]
[1523066400, 5540.18, 5575, 5572.69, 5556.72, 16.58671321]
[1523062800, 5410.01, 5592.16, 5410.01, 5572.68, 112.40530884]
[1523059200, 5395.92, 5410.01, 5401.77, 5410.01, 22.4109644]
[1523055600, 5336, 5401.76, 5351.4, 5401.76, 48.87850017]
[1523052000, 5352, 5408.16, 5391.91, 5352, 39.95008177]
[1523048400, 5382, 5397.55, 5384.99, 5391.29, 41.14400812]
[1523044800, 5372, 5397.41, 5397.41, 5385, 62.91068827]
[1523041200, 5368.6, 5397.08, 5383.84, 5397.08, 37.83832999]
[1523037600, 5379.5, 5409.98, 5394.01, 5383.83, 45.7391823]
[1523034000, 5385.5, 5400, 5400, 5394.01, 29.03023565]
[1523030400, 5375.19, 5410, 5388.34, 5400, 67.31650946]
[1523026800, 5366.2, 5398.95, 5398.95, 5388.34, 68.09795933]
[1523023200, 5395, 5416, 5416, 5398.92, 49.3640611]
[1523019600, 5380, 5430, 5412.56, 5416.15, 73.91797287]
[1523016000, 5381.75, 5439, 5432.36, 5412.69, 72.24209314]
[1523012400, 5350, 5458.99, 5352, 5433.07, 122.25177561]
[1523008800, 5352, 5397.31, 5389.99, 5352.01, 68.91932513]
[1523005200, 5370, 5407.5, 5400, 5389.99, 58.98876285]
[1523001600, 5385, 5440.64, 5438.3, 5400, 91.60507356]
[1522998000, 5378.5, 5446, 5396.52, 5437.88, 81.66330274]
[1522994400, 5350, 5540.01, 5540, 5394.6, 275.88311028]
[1522990800, 5532.7, 5592.96, 5550.01, 5540, 40.93542989]
[1522987200, 5520.64, 5560, 5523, 5550.01, 16.10522432]
[1522983600, 5513.94, 5534.67, 5528.7, 5523, 12.22576846]
[1522980000, 5505.01, 5571.93, 5537.6, 5534.51, 20.74527084]
[1522976400, 5514.39, 5575.86, 5567.14, 5537.6, 68.00007173]
[1522972800, 5527.83, 5590, 5527.84, 5578.13, 23.48860708]
[1522969200, 5526.89, 5579, 5574.2, 5526.89, 28.60428358]
[1522965600, 5497.4, 5579, 5501.65, 5574.2, 102.61271001]
[1522962000, 5461, 5529.95, 5529.95, 5501.65, 62.43731384]
[1522958400, 5512.1, 5542.31, 5537.81, 5529.95, 58.23419106]
[1522954800, 5486.4, 5567.81, 5488.2, 5537.81, 95.76208977]
[1522951200, 5480.01, 5515.4, 5482.85, 5488.2, 76.88704901]
[1522947600, 5472.46, 5575, 5495.01, 5482.85, 79.19305853]
[1522944000, 5456.04, 5532.96, 5519.08, 5495.01, 82.2464492]
[1522940400, 5485.12, 5542, 5542, 5518.67, 126.19815255]
[1522936800, 5537.01, 5670.99, 5596, 5541.8, 144.73224652]
[1522933200, 5430, 5612.85, 5452.03, 5596, 233.32252702]
[1522929600, 5423, 5553.78, 5552.6, 5452.04, 186.77853505]
[1522926000, 5525.75, 5570, 5545.8, 5552, 96.26743875]
[1522922400, 5531.01, 5601.1, 5598.99, 5546.08, 116.0246857]
[1522918800, 5592.65, 5622.3, 5615.06, 5599.1, 58.21881808]
[1522915200, 5545.1, 5650, 5551.33, 5615.06, 137.18590003]
[1522911600, 5471.65, 5572.81, 5505.22, 5550, 79.0380381]
[1522908000, 5499, 5590.1, 5590.09, 5505.22, 99.64514962]
[1522904400, 5527.63, 5590.1, 5536.53, 5590.1, 59.58353582]
[1522900800, 5508.51, 5606.6, 5519.57, 5544.15, 71.16168419]
[1522897200, 5378.41, 5540.05, 5399.99, 5519.57, 76.24517234]
[1522893600, 5371.27, 5426.94, 5371.27, 5392.6, 30.41789045]
[1522890000, 5371.27, 5467.48, 5445.84, 5371.27, 106.32332715]
[1522886400, 5431, 5564.66, 5535.34, 5445.83, 92.84194776]
