[1540886400, 5520, 5540, 5540, 5520.01, 48.3353259]
[1540882800, 5534.34, 5540, 5534.35, 5540, 25.05127722]
[1540879200, 5525.01, 5534.35, 5525.01, 5534.35, 12.58517554]
[1540875600, 5524.98, 5525.01, 5524.99, 5525.01, 4.06108296]
[1540872000, 5522.94, 5524.99, 5522.94, 5524.99, 6.17154018]
[1540868400, 5516.99, 5522.96, 5517, 5522.93, 2.51905603]
[1540864800, 5515.06, 5517.41, 5516.78, 5516.99, 2.39507278]
[1540861200, 5515.06, 5519.87, 5518.29, 5516.8, 5.83145823]
[1540857600, 5510.92, 5519.66, 5519.48, 5518.29, 12.40628307]
[1540854000, 5514.1, 5519.99, 5514.99, 5519.13, 19.53438452]
[1540850400, 5500, 5526.44, 5500.01, 5514.99, 40.01542682]
[1540846800, 5493.54, 5505.54, 5500, 5500.01, 26.55822596]
[1540843200, 5495, 5507.69, 5495, 5499.99, 31.02907828]
[1540839600, 5485.88, 5519.85, 5519.84, 5494.99, 57.13184112]
[1540836000, 5519.83, 5521.22, 5521.22, 5519.84, 25.31052556]
[1540832400, 5521.21, 5536.13, 5533.34, 5521.22, 48.34286772]
[1540828800, 5530, 5534, 5533.17, 5533.34, 49.58198468]
[1540825200, 5529.97, 5533.21, 5529.97, 5533.18, 26.40984852]
[1540821600, 5520.49, 5529.98, 5522.98, 5529.98, 36.46305916]
[1540818000, 5502.98, 5545, 5504, 5522.99, 78.21315526]
[1540814400, 5460.95, 5572.87, 5566.82, 5504, 134.94865425]
[1540810800, 5500, 5630.86, 5630.86, 5566.73, 235.06098874]
[1540807200, 5630.85, 5636.25, 5636.25, 5630.86, 40.93611509]
[1540803600, 5629.02, 5638.75, 5629.02, 5636.25, 35.97171778]
[1540800000, 5621.26, 5629.99, 5621.26, 5629.03, 23.17448784]
[1540796400, 5600, 5638.7, 5638.7, 5621.27, 70.26284386]
[1540792800, 5636.68, 5638.7, 5638.65, 5638.7, 7.21726392]
[1540789200, 5636.68, 5639, 5638.98, 5638.64, 2.86125181]
[1540785600, 5637.48, 5639, 5639, 5639, 2.71554601]
[1540782000, 5638.99, 5639, 5639, 5639, 1.43344745]
[1540778400, 5636.37, 5639, 5639, 5639, 3.77547755]
[1540774800, 5634.16, 5639, 5638.68, 5639, 4.49174523]
[1540771200, 5633.53, 5638.68, 5635.72, 5638.68, 5.92273635]
[1540767600, 5631, 5635.73, 5631.01, 5635.73, 10.51916561]
[1540764000, 5628, 5631.94, 5628.01, 5631, 7.09939293]
[1540760400, 5628, 5632.85, 5628.8, 5628.01, 12.95963542]
[1540756800, 5624.01, 5632, 5630, 5629.5, 18.56639941]
[1540753200, 5630, 5632.96, 5630.02, 5630.01, 23.01027939]
[1540749600, 5630.01, 5633.28, 5633.28, 5630.02, 14.20853801]
[1540746000, 5631.28, 5633.78, 5633.11, 5633.28, 15.54034563]
[1540742400, 5630.36, 5633.63, 5633.63, 5633.12, 11.70125324]
[1540738800, 5632.53, 5636.9, 5636.46, 5633.62, 18.33275248]
[1540735200, 5632.99, 5636.9, 5634.6, 5635, 12.35089001]
[1540731600, 5630.37, 5634.58, 5630.37, 5634.57, 9.37142123]
[1540728000, 5630, 5634.02, 5631.01, 5630.38, 16.13307419]
[1540724400, 5630.4, 5633.02, 5632.52, 5631.01, 13.40116528]
[1540720800, 5632, 5635, 5634.5, 5632.52, 10.97855977]
[1540717200, 5633.6, 5635, 5634.99, 5634.83, 8.09370956]
[1540713600, 5633.06, 5634.93, 5634.48, 5634.93, 8.27548383]
[1540710000, 5629.17, 5637.22, 5637.22, 5634.48, 9.68130591]
[1540706400, 5635.43, 5637.99, 5635.44, 5637.22, 7.77104353]
[1540702800, 5633.92, 5635.44, 5633.92, 5635.44, 1.76359488]
[1540699200, 5632.99, 5635.44, 5635.44, 5633.91, 6.10079633]
[1540695600, 5635.39, 5635.44, 5635.44, 5635.4, 0.49762778]
[1540692000, 5634.81, 5635.44, 5635.42, 5635.43, 1.74016878]
[1540688400, 5634.5, 5636, 5636, 5635.42, 1.03104686]
[1540684800, 5634.85, 5636, 5634.85, 5636, 3.48615606]
[1540681200, 5632.99, 5634.99, 5633, 5634.85, 6.30591758]
[1540677600, 5632.99, 5633, 5633, 5633, 6.35596483]
[1540674000, 5629.99, 5633, 5630.99, 5632.99, 7.00391554]
[1540670400, 5627.67, 5631, 5628.37, 5631, 4.73302314]
[1540666800, 5627.01, 5631.51, 5630.33, 5628.37, 12.01537224]
[1540663200, 5624.18, 5632.99, 5632.39, 5630.34, 9.28274296]
[1540659600, 5631.9, 5632.5, 5631.91, 5632.39, 7.55593336]
[1540656000, 5620, 5632, 5626.5, 5631.92, 22.22177535]
[1540652400, 5621.54, 5628.58, 5628.58, 5626.5, 27.45031939]
[1540648800, 5624, 5634.99, 5633.14, 5629, 30.31145701]
[1540645200, 5627.02, 5633.8, 5629.27, 5633.16, 10.45970529]
[1540641600, 5627, 5634.31, 5631.45, 5631.4, 12.52119314]
[1540638000, 5630.16, 5635, 5631.06, 5634.86, 9.26600276]
[1540634400, 5626.01, 5639, 5635, 5631.06, 27.29847184]
[1540630800, 5627.18, 5639, 5633.5, 5632.76, 23.3391471]
[1540627200, 5630.1, 5638.86, 5637.55, 5633.5, 21.22855787]
[1540623600, 5631.01, 5638.8, 5637.29, 5637.56, 16.06712685]
[1540620000, 5631.99, 5637.9, 5636.23, 5637.3, 18.48709341]
[1540616400, 5632.87, 5643.38, 5643.38, 5637.42, 4.94365406]
[1540612800, 5638.78, 5643.9, 5642.99, 5642.44, 2.75638525]
[1540609200, 5635.54, 5643, 5635.55, 5643, 4.04997565]
[1540605600, 5633.09, 5638.85, 5638.84, 5635.54, 2.61506619]
[1540602000, 5632.82, 5640.28, 5637.98, 5638.85, 3.5349752]
[1540598400, 5632.82, 5640.28, 5637.04, 5638.52, 11.34073743]
[1540594800, 5632.82, 5637.44, 5636.2, 5637.14, 9.57705742]
[1540591200, 5633.09, 5636.2, 5633.22, 5636.2, 6.42654389]
[1540587600, 5633.09, 5636.2, 5636.19, 5633.23, 13.77386354]
[1540584000, 5632.48, 5638.01, 5632.49, 5636.2, 15.48266651]
[1540580400, 5630.95, 5632.5, 5630.96, 5632.48, 22.16604514]
[1540576800, 5629, 5632.31, 5631.01, 5630.96, 30.96039797]
[1540573200, 5631, 5632.5, 5632.5, 5631.01, 18.99684671]
[1540569600, 5630.11, 5635.95, 5635.95, 5632.5, 25.72808697]
[1540566000, 5632.31, 5645.2, 5641, 5635.94, 37.10584975]
[1540562400, 5640.79, 5653.46, 5653.46, 5641, 54.12168887]
[1540558800, 5642.08, 5660.21, 5660, 5653.47, 69.45079313]
[1540555200, 5660, 5666.51, 5666.51, 5660.01, 23.94704437]
[1540551600, 5664.92, 5667.92, 5664.92, 5666.51, 34.57188279]
[1540548000, 5661.53, 5664.95, 5661.54, 5664.93, 28.89905833]
[1540544400, 5650.83, 5662.13, 5661, 5661.53, 32.94455947]
[1540540800, 5621.02, 5666, 5621.02, 5660.99, 65.74561299]
[1540537200, 5620.26, 5633.42, 5628.77, 5621.03, 37.76720171]
[1540533600, 5622, 5634.31, 5628.58, 5628.78, 22.43158636]
[1540530000, 5621.91, 5631.3, 5627.93, 5629.96, 11.54700077]
[1540526400, 5622.52, 5627.93, 5627.87, 5627.93, 9.22967807]
[1540522800, 5626, 5631.25, 5627.05, 5627.86, 4.26929115]
[1540519200, 5621, 5634.31, 5633.17, 5623.85, 14.22723222]
[1540515600, 5624.31, 5639.81, 5636.38, 5634.31, 7.15629315]
[1540512000, 5625.01, 5638.97, 5631.76, 5634.29, 5.39409027]
[1540508400, 5623.75, 5640, 5640, 5631.75, 11.79621969]
[1540504800, 5630.02, 5640, 5631.99, 5640, 10.2291221]
[1540501200, 5627.4, 5639.01, 5639, 5632, 17.82764096]
[1540497600, 5635.01, 5643, 5641.41, 5639.01, 23.27927772]
[1540494000, 5641.41, 5649.27, 5649.01, 5643.01, 14.61869323]
[1540490400, 5624, 5650, 5637, 5649.02, 45.15402697]
[1540486800, 5630.9, 5640.47, 5635.26, 5637.01, 27.95515838]
[1540483200, 5631.09, 5648.14, 5632, 5635.26, 36.03140507]
[1540479600, 5630, 5638.38, 5637.18, 5632, 37.64862311]
[1540476000, 5630, 5651.59, 5640.22, 5637.18, 53.68359869]
[1540472400, 5620.26, 5643.77, 5621.63, 5640.22, 32.28866938]
[1540468800, 5616.45, 5625, 5618.06, 5621.63, 33.15641475]
[1540465200, 5613, 5629.01, 5615.41, 5618.06, 38.31499348]
[1540461600, 5610, 5623.84, 5616.94, 5615.42, 27.472936]
[1540458000, 5612.01, 5627.04, 5626.99, 5616.93, 25.65349341]
[1540454400, 5620, 5633.31, 5628.07, 5626.98, 39.03016576]
[1540450800, 5620.26, 5630, 5620.26, 5629.1, 25.25146254]
[1540447200, 5603.69, 5623.76, 5605.91, 5621.06, 28.61744359]
[1540443600, 5600.66, 5619, 5611.22, 5601.45, 15.14050565]
[1540440000, 5602.43, 5617.36, 5605.28, 5616.96, 6.42016535]
[1540436400, 5599.99, 5612.85, 5600, 5607.25, 3.82664131]
[1540432800, 5581.56, 5635.51, 5635.51, 5599.99, 61.62605628]
[1540425600, 5632.5, 5640.02, 5640.02, 5636.95, 8.50820246]
[1540422000, 5640, 5643.02, 5643.01, 5640.02, 6.55408442]
[1540418400, 5643.01, 5648.3, 5647.94, 5643.02, 9.25861466]
[1540414800, 5640.91, 5650, 5644.38, 5648.01, 16.34047736]
[1540411200, 5631, 5652.11, 5652.1, 5645, 80.70881221]
[1540407600, 5652, 5654, 5653.69, 5652.1, 15.69644007]
[1540404000, 5653.34, 5660.97, 5658, 5653.69, 28.56362993]
[1540400400, 5658, 5660, 5658, 5658.01, 27.98673801]
[1540396800, 5655.1, 5660, 5655.1, 5658.01, 25.86095796]
[1540393200, 5652, 5664.25, 5664.23, 5655.11, 34.25111049]
[1540389600, 5646.7, 5666.25, 5666.04, 5664.23, 47.79928866]
[1540386000, 5657.5, 5666.24, 5657.5, 5666.23, 42.71854736]
[1540382400, 5655.85, 5657.95, 5656, 5657.51, 24.77075017]
[1540378800, 5656, 5660.88, 5660.87, 5656.01, 22.00456475]
[1540375200, 5653.03, 5670, 5653.03, 5660.88, 53.74248071]
[1540371600, 5652.62, 5657.23, 5657.22, 5653.04, 37.02885035]
[1540368000, 5630.97, 5660, 5630.97, 5657.23, 123.2736526]
[1540364400, 5620.49, 5647.66, 5625.66, 5630.96, 68.98513458]
[1540360800, 5621, 5634.5, 5627.57, 5625.66, 35.13296488]
[1540357200, 5620.25, 5635, 5635, 5627.57, 12.01788168]
[1540353600, 5594.14, 5635, 5600, 5635, 35.3877336]
[1540350000, 5594.88, 5600, 5594.88, 5600, 9.90447734]
[1540346400, 5594.13, 5594.89, 5594.14, 5594.89, 5.91637301]
[1540342800, 5592.38, 5594.14, 5592.38, 5594.13, 4.96724316]
[1540339200, 5590.67, 5592.39, 5590.67, 5592.39, 1.64507142]
[1540335600, 5590.67, 5590.68, 5590.68, 5590.68, 9.74106405]
[1540332000, 5586.02, 5594, 5590.01, 5590.67, 8.42220202]
[1540328400, 5590, 5594.89, 5590, 5590, 12.68759369]
[1540324800, 5587.47, 5596, 5596, 5590.01, 23.29698315]
[1540321200, 5580.9, 5597.5, 5580.91, 5596, 25.11370634]
[1540317600, 5577.01, 5585.02, 5585.02, 5580.91, 25.48418062]
[1540314000, 5585, 5592.26, 5592.25, 5585.01, 20.71283601]
[1540310400, 5586.49, 5593, 5586.49, 5592.26, 42.65391112]
[1540306800, 5569, 5592.52, 5592.51, 5586.5, 70.62304282]
[1540303200, 5592.5, 5599.04, 5598, 5592.51, 35.12504101]
[1540299600, 5590.64, 5598, 5590.87, 5598, 32.44659032]
[1540296000, 5571, 5594.53, 5576.92, 5588.86, 33.8767814]
[1540292400, 5570, 5582.24, 5570.75, 5576.92, 49.21428346]
[1540288800, 5570, 5584.04, 5584.04, 5570.76, 43.11973118]
[1540285200, 5574.5, 5598.34, 5596.53, 5584.04, 64.75030896]
[1540281600, 5591.07, 5603.01, 5603, 5596.53, 40.98426436]
[1540278000, 5600.01, 5608.57, 5600.08, 5603.01, 30.81768607]
[1540274400, 5600, 5611.25, 5603.26, 5600.09, 31.73152269]
[1540270800, 5599.07, 5608.49, 5601.95, 5600.03, 8.99909375]
[1540267200, 5600, 5609.92, 5600.01, 5602.99, 9.55233908]
[1540263600, 5600, 5609.19, 5607.93, 5600.01, 3.66585987]
[1540260000, 5602.53, 5609.18, 5609.18, 5607.92, 3.79681648]
[1540256400, 5608.81, 5609.19, 5608.82, 5609.17, 3.20829389]
[1540252800, 5600, 5608.89, 5605.01, 5608.82, 8.73222726]
[1540249200, 5605, 5606.95, 5605.02, 5605, 6.10378938]
[1540245600, 5605, 5609.19, 5609.18, 5605.02, 8.15253958]
[1540242000, 5605.13, 5617.15, 5615.01, 5609.18, 20.81946889]
[1540238400, 5596, 5617.15, 5596.45, 5615, 32.75896681]
[1540234800, 5596.44, 5597.74, 5596.44, 5596.46, 21.77138111]
[1540231200, 5595, 5598.7, 5597.02, 5596.45, 27.38133911]
[1540227600, 5595.94, 5599, 5597.71, 5597.03, 21.91005967]
[1540224000, 5592.26, 5598.59, 5596.6, 5597.7, 31.11926962]
[1540220400, 5589.82, 5598, 5590.1, 5596.6, 41.6376819]
[1540216800, 5582.24, 5590.1, 5582.25, 5590.1, 26.07192737]
[1540213200, 5571.76, 5590.83, 5588.55, 5582.25, 48.36610848]
[1540209600, 5583.43, 5589.98, 5583.44, 5589, 15.61277977]
[1540206000, 5582.53, 5583.45, 5582.54, 5583.44, 25.00200164]
[1540202400, 5582.5, 5585, 5583.49, 5582.53, 32.8205276]
[1540198800, 5573.45, 5583.5, 5573.45, 5583.49, 57.67688061]
[1540195200, 5570.1, 5587.11, 5575.45, 5573.45, 42.31339138]
[1540191600, 5575.22, 5581.95, 5581.94, 5575.45, 19.49967799]
[1540188000, 5578.07, 5600, 5599.99, 5581.95, 18.33162567]
[1540184400, 5591, 5600, 5591, 5600, 6.35157372]
[1540180800, 5580.01, 5591.31, 5580.02, 5591.01, 6.33195792]
[1540177200, 5580.01, 5580.89, 5580.89, 5580.01, 3.42887108]
[1540173600, 5580.12, 5588.76, 5586.49, 5580.78, 1.38065831]
[1540170000, 5576.67, 5590.12, 5579.43, 5586.5, 10.18201334]
[1540166400, 5574.01, 5586.33, 5586.32, 5579.43, 15.17447047]
