[1519286400, 8505.23, 8736.01, 8687.59, 8507.01, 145.11469694]
[1519282800, 8612.51, 8940.77, 8916.31, 8687.6, 194.86991844]
[1519279200, 8844, 8950, 8844.9, 8916.31, 135.51809879]
[1519275600, 8735.52, 8883.76, 8735.52, 8841, 102.57292722]
[1519272000, 8659.53, 8766.1, 8736.43, 8735.5, 40.50320496]
[1519268400, 8722.75, 8800.3, 8795.7, 8734.42, 54.81146164]
[1519264800, 8648.8, 8810, 8687.45, 8795.71, 75.46046363]
[1519261200, 8540.23, 8687.45, 8560.24, 8687.45, 66.512299]
[1519257600, 8425.88, 8560.25, 8520.68, 8560.25, 60.09735517]
[1519254000, 8462.01, 8600, 8512.71, 8520.68, 141.64889611]
[1519250400, 8306.63, 8524.3, 8349.98, 8512.71, 214.12080833]
[1519246800, 8330, 8447.99, 8419, 8349.99, 172.28208551]
[1519243200, 8300, 8528.5, 8441.46, 8419, 364.23778202]
[1519239600, 8409.45, 8580.01, 8580.01, 8441.45, 317.54826483]
[1519236000, 8559.63, 8717.24, 8559.64, 8580, 305.13594033]
[1519232400, 8451.21, 8559.68, 8518.79, 8559.64, 234.48177032]
[1519228800, 8430.36, 8643.48, 8600, 8518.8, 330.07775088]
[1519225200, 8471.07, 8724, 8673.64, 8600.01, 333.43905155]
[1519221600, 8456.97, 8770.89, 8746.57, 8675.4, 671.40545788]
[1519218000, 8703.83, 9098, 9027.76, 8746.57, 303.86116724]
[1519214400, 8954, 9030, 8955, 9027.39, 84.30722492]
[1519210800, 8921.65, 9057.5, 8974.88, 8955, 138.99591851]
[1519207200, 8888, 9159, 9158.84, 8974.88, 224.51776509]
[1519203600, 8981.74, 9159.14, 9039.8, 9157.86, 200.36569939]
[1519200000, 8966.51, 9150.17, 9150.17, 9039.79, 202.58884837]
[1519196400, 9030.68, 9166.89, 9095, 9150.17, 203.38463192]
[1519192800, 8801.12, 9095, 8855.01, 9095, 187.3118234]
[1519189200, 8763.01, 8945.72, 8805.31, 8855.01, 138.92179653]
[1519185600, 8778.99, 8952, 8912.81, 8805.3, 152.38255229]
[1519182000, 8900.26, 9108.06, 9009.83, 8912.81, 66.92763733]
[1519178400, 8910, 9113.18, 9111.21, 9009.84, 97.01383269]
[1519174800, 8993.97, 9221.45, 9030.68, 9111.21, 178.03793338]
[1519171200, 8830, 9150.6, 9150.6, 9030.69, 505.8852375]
[1519167600, 9025, 9360, 9326.3, 9150.6, 616.63337597]
[1519164000, 9175.55, 9573.79, 9530, 9315.47, 574.71299599]
[1519160400, 9504, 9550.94, 9546.5, 9530, 180.11839795]
[1519156800, 9475.01, 9547.5, 9501, 9546.5, 122.36432221]
[1519153200, 9415.85, 9535, 9517.01, 9501, 242.6771221]
[1519149600, 9460.1, 9570, 9533.03, 9516.01, 276.95864622]
[1519146000, 9421, 9543.42, 9421.01, 9533.03, 273.24172234]
[1519142400, 9379.99, 9441, 9380, 9421.01, 205.66068289]
[1519138800, 9306.2, 9385.01, 9385, 9380, 184.70542724]
[1519135200, 9342, 9423.5, 9396.15, 9385.01, 164.5748288]
[1519131600, 9310.2, 9427.18, 9333.34, 9396.13, 141.91220395]
[1519128000, 9328.05, 9380, 9328.06, 9333.33, 126.77751486]
[1519124400, 9250, 9344, 9294.3, 9328.06, 142.92794021]
[1519120800, 9201.12, 9300.7, 9258.47, 9294.29, 214.76133946]
[1519117200, 9111, 9270.01, 9270, 9259.18, 395.75934943]
[1519113600, 9216.78, 9420, 9414.08, 9270.01, 377.32293219]
[1519110000, 9330.56, 9459, 9330.65, 9414.08, 286.37797572]
[1519106400, 9223.87, 9340, 9223.87, 9331.86, 161.75571408]
[1519102800, 9175, 9233.15, 9204.84, 9223.88, 65.7177079]
[1519099200, 9175.01, 9246.54, 9205.47, 9204.83, 91.71395106]
[1519095600, 9107.71, 9242.08, 9175, 9205.47, 46.4772903]
[1519092000, 9151.8, 9249.5, 9225, 9175, 84.06084852]
[1519088400, 9160.1, 9225, 9174.99, 9225, 169.09739407]
[1519084800, 9025.64, 9174.99, 9036.97, 9174.97, 276.14748836]
[1519081200, 8984, 9040.99, 8993.79, 9030.85, 62.47042222]
[1519077600, 8965, 9030, 8994.59, 8993.79, 88.97577709]
[1519074000, 8930.92, 9065, 9063.7, 8995.52, 193.32750823]
[1519070400, 8965.01, 9063.7, 9024, 9063.7, 139.86930612]
[1519066800, 8965.89, 9056.63, 9018, 9023.99, 147.64451203]
[1519063200, 8866.9, 9018.01, 8866.91, 9017.99, 124.18865077]
[1519059600, 8819, 8971.95, 8970.01, 8862.28, 266.40308023]
[1519056000, 8952, 9092, 9011.46, 8970, 281.990856]
[1519052400, 8892.99, 9037.13, 8893, 9011.45, 347.36991668]
[1519048800, 8849.97, 8909.61, 8849.97, 8893, 121.59833723]
[1519045200, 8811.99, 8855, 8825.84, 8849.99, 92.38325951]
[1519041600, 8801, 8924.4, 8881.62, 8826.45, 170.05631052]
[1519038000, 8816.9, 8914.8, 8869.52, 8881.62, 138.75767446]
[1519034400, 8865.01, 8968, 8868.44, 8869.52, 261.00578995]
[1519030800, 8712.11, 8888, 8777, 8868.44, 253.98095794]
[1519027200, 8705.04, 8790.1, 8780, 8776.99, 115.71041006]
[1519023600, 8540.19, 8800, 8540.2, 8780, 193.08952697]
[1519020000, 8502.85, 8559.7, 8513, 8540.19, 26.44442567]
[1519016400, 8470, 8575.99, 8575.99, 8513, 40.83379957]
[1519012800, 8538.61, 8599.96, 8555.58, 8575.99, 11.63859694]
[1519009200, 8528.01, 8619.17, 8566.31, 8555.58, 28.07317097]
[1519005600, 8465, 8613, 8600, 8566.32, 24.42248871]
[1519002000, 8411.41, 8600, 8453.38, 8600, 62.98039029]
[1518998400, 8403.13, 8498, 8442.06, 8453.37, 85.79024425]
[1518994800, 8403, 8587.77, 8587.77, 8442.07, 192.79304398]
[1518991200, 8554.5, 8714, 8713.99, 8587.76, 102.10918076]
[1518987600, 8616.2, 8749.47, 8749.47, 8714, 91.64563164]
[1518984000, 8720.89, 8789.14, 8770.51, 8749.58, 94.47245669]
[1518980400, 8687.42, 8795, 8739.55, 8770.51, 123.18807759]
[1518976800, 8618, 8740, 8738.17, 8739.56, 105.02603621]
[1518973200, 8586.78, 8741.87, 8586.78, 8738.17, 87.83349141]
[1518969600, 8522.01, 8740, 8703.64, 8584.02, 197.34564951]
[1518966000, 8664.66, 8849.98, 8750.01, 8700.21, 213.65806086]
[1518962400, 8680.93, 8797, 8709.94, 8750.01, 138.33533218]
[1518958800, 8555, 8799.98, 8618.92, 8709.94, 281.83699706]
[1518955200, 8501, 8657.01, 8657.01, 8618.93, 155.06175878]
[1518951600, 8550, 8699.98, 8630.05, 8657.01, 275.97218521]
[1518948000, 8201.7, 8643, 8202.4, 8630.06, 411.63046412]
[1518944400, 8196.57, 8499.95, 8410.86, 8203.5, 448.12792526]
[1518940800, 8410, 8667, 8667, 8410.86, 203.97219956]
[1518937200, 8485.45, 8711, 8485.45, 8667.79, 184.57599347]
[1518933600, 8473.1, 8718.45, 8522.18, 8485.46, 224.91432742]
[1518930000, 8501, 8935.72, 8935.72, 8510.67, 242.28142699]
[1518926400, 8807.49, 8944.98, 8828.75, 8935.71, 51.59266309]
[1518922800, 8806.67, 9084.76, 9080.01, 8811.31, 101.95269899]
[1518919200, 9080, 9177.81, 9176.42, 9080, 72.27361283]
[1518915600, 9035, 9199, 9035, 9176.42, 255.40056268]
[1518912000, 8951.35, 9038.25, 9014, 9035, 97.79683702]
[1518908400, 8890, 9074, 8894.99, 9014, 339.87261653]
[1518904800, 8729.25, 8899.95, 8780.01, 8894.99, 199.64717834]
[1518901200, 8760, 8780.01, 8769.01, 8780, 49.41763422]
[1518897600, 8686.63, 8769.27, 8727.65, 8769, 89.3202524]
[1518894000, 8709.1, 8769.94, 8767.52, 8727.65, 88.0072853]
[1518890400, 8730, 8771.57, 8761.42, 8767.52, 65.7011826]
[1518886800, 8750, 8789.99, 8776.84, 8761.42, 84.87714217]
[1518883200, 8725, 8795.69, 8733, 8776.85, 117.59350484]
[1518879600, 8659.85, 8740.2, 8684.13, 8732.99, 78.75455317]
[1518876000, 8615, 8735.89, 8735.38, 8684.13, 225.78809912]
[1518872400, 8705.04, 8824.25, 8806.16, 8735.39, 167.00249746]
[1518868800, 8756, 8836, 8760.01, 8806.16, 139.7435643]
[1518865200, 8674.4, 8781.3, 8674.4, 8760.01, 125.61573353]
[1518861600, 8628.19, 8762, 8667.99, 8674.39, 251.8915661]
[1518858000, 8630.47, 8839, 8786.07, 8666.21, 275.60361039]
[1518854400, 8700, 8845, 8712.02, 8786.07, 312.32176777]
[1518850800, 8590.33, 8715.37, 8715.37, 8712.02, 228.61612374]
[1518847200, 8526.43, 8715.37, 8526.44, 8715.36, 184.7586884]
[1518843600, 8448.68, 8544.5, 8500, 8526.44, 63.23751163]
[1518840000, 8448.99, 8500, 8448.99, 8500, 65.74515753]
[1518836400, 8379.65, 8449, 8379.65, 8449, 33.32079695]
[1518832800, 8319, 8443, 8319, 8379.64, 121.62000021]
[1518829200, 8219.46, 8319.86, 8219.48, 8319, 110.08171676]
[1518825600, 8138.1, 8230.1, 8216.1, 8219.63, 79.93525866]
[1518822000, 8191.27, 8230.1, 8200, 8216.09, 92.96396264]
[1518818400, 8124.88, 8200, 8141.04, 8200, 123.46767023]
[1518814800, 8099.99, 8149, 8100, 8141, 66.39939844]
[1518811200, 8073.8, 8124.4, 8124.39, 8099.67, 52.47476745]
[1518807600, 8037.2, 8126.18, 8049, 8124.4, 69.43549781]
[1518804000, 8004, 8126.95, 8126.95, 8049, 153.38291021]
[1518800400, 8120.5, 8160.5, 8145.02, 8126.95, 98.76332842]
[1518796800, 8102, 8189, 8108.95, 8145.02, 109.53978195]
[1518793200, 8109.12, 8150, 8110.01, 8109.12, 143.55615807]
[1518789600, 7961.88, 8145, 7961.88, 8110.01, 180.63091687]
[1518786000, 7952.29, 8025, 7960.68, 7961.88, 156.80280379]
[1518782400, 7904.4, 7965.5, 7924, 7960.78, 151.5897519]
[1518778800, 7860, 7938.88, 7930.01, 7924.77, 177.39048855]
[1518775200, 7912.14, 7984.21, 7980, 7930, 137.70666324]
[1518771600, 7975.47, 8029.99, 8009.88, 7980.01, 122.88948715]
[1518768000, 7851, 8058.81, 7904, 8010.88, 224.01769394]
[1518764400, 7900, 8020.85, 7971.01, 7904, 248.44915241]
[1518760800, 7971, 8159.99, 8132.25, 7971, 118.31221746]
[1518757200, 8048.2, 8163.23, 8051.2, 8132.25, 54.94267418]
[1518753600, 8030.01, 8135.09, 8135.09, 8051.2, 65.61282206]
[1518750000, 8115.05, 8199.98, 8181.01, 8135.08, 46.37823193]
[1518746400, 8181, 8236, 8221.59, 8181.01, 47.06083914]
[1518742800, 8175.02, 8221, 8217.39, 8221, 62.77236179]
[1518739200, 8100, 8217.6, 8103.81, 8217.39, 112.83412945]
[1518735600, 8101, 8171.41, 8120.65, 8107.93, 108.13171939]
[1518732000, 7960.8, 8171.41, 7971.87, 8120.64, 188.04494107]
[1518728400, 7950, 8167.37, 8167.37, 7971.89, 325.89060235]
[1518724800, 8081.42, 8209, 8190.02, 8168.77, 270.32864617]
[1518721200, 8125, 8220, 8131.66, 8190.02, 296.90414025]
[1518717600, 8060, 8276, 8157.44, 8136.68, 693.28816412]
[1518714000, 7938.3, 8170, 7980.5, 8157.44, 519.60984182]
[1518710400, 7904, 7980.85, 7939.8, 7980.49, 140.39570806]
[1518706800, 7904.75, 7969, 7957.3, 7939.8, 149.88582417]
[1518703200, 7812.7, 7960.49, 7820, 7957.3, 200.41866342]
[1518699600, 7777, 7861.32, 7860, 7820, 147.09741603]
[1518696000, 7791.05, 7899, 7799, 7860, 145.72490868]
[1518692400, 7750.99, 7921.27, 7833.31, 7799, 276.27213918]
[1518688800, 7616.09, 7900, 7824.97, 7833.31, 585.33076943]
[1518685200, 7650, 8086.29, 7975, 7825.16, 784.39005105]
[1518681600, 7950, 7988, 7976.59, 7975.01, 326.87402227]
[1518678000, 7870, 7980, 7880.01, 7976.59, 296.96415212]
[1518674400, 7850, 7905, 7865.02, 7880.01, 217.50243743]
[1518670800, 7808.58, 7880, 7874.48, 7865.03, 139.94471576]
[1518667200, 7765.86, 7876.94, 7780.68, 7874.48, 99.3174522]
[1518663600, 7745.25, 7810, 7766.01, 7773.6, 118.24201872]
[1518660000, 7581.07, 7791, 7581.08, 7766.01, 114.85726193]
[1518656400, 7559, 7614.71, 7559.01, 7581.08, 37.19859348]
[1518652800, 7559, 7661.21, 7661.21, 7559, 99.27381844]
[1518649200, 7614.35, 7687.09, 7621.88, 7661.21, 201.44542729]
[1518645600, 7475.01, 7621.88, 7514.61, 7621.87, 249.4932834]
[1518642000, 7456, 7529.8, 7488.73, 7514.6, 118.64797613]
[1518638400, 7451.99, 7521, 7452.43, 7488.72, 102.59219537]
[1518634800, 7450, 7523.21, 7523.21, 7452.43, 150.74117583]
[1518631200, 7500, 7566, 7517.74, 7523.21, 156.66757459]
[1518627600, 7467.01, 7540, 7530, 7517.75, 146.08947482]
[1518624000, 7490, 7575, 7566.99, 7530.01, 204.04810687]
[1518620400, 7445.54, 7567, 7447.29, 7566.99, 210.1951724]
[1518616800, 7410.15, 7525.01, 7525.01, 7447.29, 274.95414808]
[1518613200, 7422.46, 7594.8, 7450.03, 7525.01, 530.05302493]
[1518609600, 7260.13, 7499, 7269.69, 7450.03, 840.70066921]
[1518606000, 7132, 7275, 7134.15, 7269.6, 206.3932412]
[1518602400, 7134.15, 7184, 7140.5, 7134.16, 125.82767086]
[1518598800, 7127.61, 7190, 7180.78, 7140, 78.55841176]
[1518595200, 7158.84, 7200, 7194.3, 7180.62, 147.0278357]
[1518591600, 7100.36, 7199, 7100.37, 7194.31, 127.46483975]
[1518588000, 7100, 7143, 7120.08, 7100.36, 84.2546689]
[1518584400, 7072.51, 7124, 7090.11, 7120.07, 56.46488689]
[1518580800, 7025.32, 7100, 7025.32, 7090.12, 88.5674631]
[1518577200, 6996.24, 7036.5, 7004.51, 7025.32, 27.64873888]
[1518573600, 6969.52, 7030, 6969.52, 7007.78, 57.37525964]
[1518570000, 6900.5, 7025.51, 6995, 6969.52, 130.28149428]
[1518566400, 6952, 7018.99, 6952.01, 6995, 32.25308335]
