[1516406400, 9619.87, 9741.29, 9690, 9627.17, 62.00905305]
[1516402800, 9500.02, 9690, 9510.05, 9690, 71.83208088]
[1516399200, 9500, 9610.66, 9601.69, 9509.91, 74.87731333]
[1516395600, 9551, 9740, 9615.67, 9601.69, 117.37331307]
[1516392000, 9500.01, 9661.51, 9539.99, 9615.67, 103.44658061]
[1516388400, 9450, 9631.41, 9550.01, 9539.99, 150.65248151]
[1516384800, 9401.69, 9660, 9568.12, 9550.01, 203.69948494]
[1516381200, 9521, 9799.99, 9799.39, 9569.3, 161.60039382]
[1516377600, 9671.68, 9860.28, 9675.75, 9799.39, 132.44754303]
[1516374000, 9564.55, 9794.51, 9674.06, 9675.75, 157.61837534]
[1516370400, 9604.18, 9930.39, 9901.18, 9674.06, 149.91891379]
[1516366800, 9901.18, 9999.99, 9960.01, 9901.23, 107.60968946]
[1516363200, 9880, 10057.14, 9943.18, 9961.69, 131.10853523]
[1516359600, 9852.01, 10000, 9999.99, 9946.13, 111.3036493]
[1516356000, 9849, 10044.37, 9888.98, 9999.99, 145.96042409]
[1516352400, 9803, 9992.2, 9915, 9888.99, 144.75819532]
[1516348800, 9474.38, 9985, 9598.91, 9915.01, 251.18417964]
[1516345200, 9482.73, 9698.99, 9680.01, 9598.91, 121.56007682]
[1516341600, 9501.11, 9767.41, 9538.95, 9680.01, 78.2789111]
[1516338000, 9472.75, 9652.18, 9541.57, 9540, 53.21054363]
[1516334400, 9265, 9589.67, 9376.18, 9541.58, 54.8075745]
[1516330800, 9307, 9499.19, 9351.05, 9380.12, 60.29422771]
[1516327200, 9310, 9645.62, 9600.02, 9351.66, 62.2846372]
[1516323600, 9600.01, 9776.39, 9724.97, 9600.02, 44.90574776]
[1516320000, 9484.09, 9755, 9556.12, 9724.97, 96.35306829]
[1516316400, 9402, 9649.99, 9544.09, 9562.28, 178.97261093]
[1516312800, 9490, 9853.87, 9837.3, 9544.09, 324.16847861]
[1516309200, 9715.25, 10066.85, 10013.88, 9832.09, 259.13539813]
[1516305600, 9954.69, 10139.99, 10020.96, 10021.14, 182.10470336]
[1516302000, 9858.55, 10070, 10048.99, 10020.96, 170.12284177]
[1516298400, 9748, 10050, 9800, 10048.98, 265.60245459]
[1516294800, 9800, 10143.42, 10023.86, 9800, 284.90089636]
[1516291200, 9849, 10312.83, 10312.82, 10023.86, 425.64695192]
[1516287600, 10200, 10514.82, 10217.68, 10312.83, 651.77857775]
[1516284000, 10012.5, 10235, 10057.2, 10217.67, 333.10143195]
[1516280400, 9800, 10191, 10005.08, 10049.5, 411.06225054]
[1516276800, 9829, 10299, 9831.93, 10005.08, 655.39641381]
[1516273200, 9574.37, 10000, 9574.37, 9829.01, 568.44632161]
[1516269600, 9477, 9670.35, 9541.73, 9574.45, 313.62323029]
[1516266000, 9106, 9675, 9106.01, 9533.6, 344.58335795]
[1516262400, 8921.66, 9209.87, 8950, 9106.32, 253.39612992]
[1516258800, 8860, 9449, 9445.1, 8950, 256.6472423]
[1516255200, 9192.99, 9550.9, 9193, 9445.1, 138.36741196]
[1516251600, 9053.74, 9392.72, 9284.29, 9193, 110.66455329]
[1516248000, 9231, 9665.84, 9450.01, 9284.29, 78.37239686]
[1516244400, 9290.28, 9821.6, 9794.15, 9450, 121.61329502]
[1516240800, 9084.07, 9794.15, 9556, 9794.15, 160.45052783]
[1516237200, 9300.37, 9650, 9395, 9556, 177.82607542]
[1516233600, 9050.94, 9395, 9262, 9395, 158.15416409]
[1516230000, 8805.38, 9402.14, 9284.43, 9262, 617.41377252]
[1516226400, 9024.24, 10210, 9758.01, 9284.47, 1357.2980895]
[1516222800, 8989, 9976, 9191.89, 9762.23, 1285.17159367]
[1516219200, 8500, 9239.34, 8581.03, 9193.29, 1063.95497114]
[1516215600, 8035, 8727.63, 8039.76, 8581.03, 633.46918847]
[1516212000, 7894.07, 8291.22, 8261.04, 8039.75, 581.38294571]
[1516208400, 8000, 8799.99, 8727.05, 8261.04, 1095.08889933]
[1516204800, 7599.99, 8807.44, 7599.99, 8732.63, 1404.8578653]
[1516201200, 7221, 7899.99, 7519.98, 7600, 1463.04844426]
[1516197600, 7500, 8374.35, 8222.98, 7511, 1488.00628257]
[1516194000, 8217.15, 8600, 8529.19, 8222.67, 470.13276608]
[1516190400, 8250, 8900, 8369.56, 8521.4, 562.8710992]
[1516186800, 8142, 8694.6, 8189.51, 8359.57, 709.75297954]
[1516183200, 8183.71, 8666.53, 8632, 8189.19, 678.41680876]
[1516179600, 8434, 9022.32, 9018.9, 8632.01, 565.0331654]
[1516176000, 8809.46, 9249.44, 9249.06, 9020.39, 381.08950358]
[1516172400, 9154.72, 9350.45, 9339.99, 9249.06, 159.91059013]
[1516168800, 9068.89, 9490.35, 9068.89, 9340, 204.66528852]
[1516165200, 8907.09, 9193.97, 9164.15, 9075.65, 121.55746903]
[1516161600, 8713.4, 9267.99, 8958.02, 9164.15, 116.27576543]
[1516158000, 8585.04, 9004.23, 8996.62, 8976.11, 115.90820693]
[1516154400, 8800, 9316.5, 9274.67, 9000, 107.42122616]
[1516150800, 9130.01, 9587.13, 9186.98, 9274.66, 148.08245654]
[1516147200, 9114.32, 9865, 9510.26, 9186.92, 316.11671467]
[1516143600, 8860.04, 9729, 9232.9, 9510.25, 580.13082855]
[1516140000, 7909.57, 9474.89, 8848.85, 9233.97, 1891.90394311]
[1516136400, 8450, 9386.58, 9126.05, 8850, 1489.11102022]
[1516132800, 9019.5, 9590.65, 9557.04, 9126.05, 552.16841454]
[1516129200, 9534.15, 9900, 9631.34, 9558.25, 534.38141243]
[1516125600, 9350, 9669.85, 9592.22, 9631.34, 588.60953328]
[1516122000, 9563, 10047, 10033.53, 9592.22, 452.68944443]
[1516118400, 10000.02, 10275, 10257.26, 10033.53, 249.43599842]
[1516114800, 9941, 10259.72, 9999.92, 10259.72, 269.08428827]
[1516111200, 9706.76, 10150, 9769.29, 9999.92, 387.05093743]
[1516107600, 9608.92, 10308.43, 10205.7, 9769.32, 499.24355367]
[1516104000, 10050, 10650, 10426.99, 10204.9, 544.95917373]
[1516100400, 9899.1, 10450, 9899.1, 10427, 547.38268374]
[1516096800, 9500, 10126.83, 9519.46, 9899.1, 807.90228911]
[1516093200, 9201, 10337.55, 10289.79, 9519.49, 970.30468852]
[1516089600, 9301, 10480, 10233.8, 10293.09, 1479.78904925]
[1516086000, 10200.04, 10963.98, 10906.3, 10227.12, 304.91098949]
[1516082400, 10718.99, 10933.96, 10852.68, 10906.3, 112.25306572]
[1516078800, 10677.76, 10911.15, 10716.43, 10852.68, 83.34601381]
[1516075200, 10638.4, 10793.63, 10700.01, 10716.43, 45.05764446]
[1516071600, 10622.12, 10887.98, 10882.32, 10700, 32.0602304]
[1516068000, 10555, 10900, 10871.27, 10882.32, 96.34350562]
[1516064400, 10600, 11128.65, 11064.2, 10871.27, 277.02143645]
[1516060800, 11034.02, 11321.6, 11301.8, 11064.38, 216.09638151]
[1516057200, 11262, 11440.5, 11409.98, 11301.8, 105.64028329]
[1516053600, 11379.05, 11521.44, 11521.44, 11433.65, 82.13917328]
[1516050000, 11427.01, 11523.99, 11427.66, 11521.44, 84.10838093]
[1516046400, 11412.86, 11572, 11554.4, 11427.67, 118.79528183]
[1516042800, 11505.03, 11677, 11633.03, 11554.4, 115.86021184]
[1516039200, 11502.01, 11674.78, 11555.55, 11653.74, 194.16011756]
[1516035600, 11536.72, 11770, 11740, 11555.56, 144.13635342]
[1516032000, 11537.52, 11754.57, 11645.8, 11745.55, 189.84877425]
[1516028400, 11603, 11726.05, 11726.05, 11645.79, 117.18873999]
[1516024800, 11689.91, 11845, 11749.2, 11726.05, 176.23389581]
[1516021200, 11569.58, 11798.12, 11700, 11748.33, 229.24345199]
[1516017600, 11374.4, 11700, 11433, 11699.99, 226.01594606]
[1516014000, 11280.07, 11433, 11336.55, 11432.99, 218.03348672]
[1516010400, 11225, 11391.98, 11256.41, 11332.09, 119.08997898]
[1516006800, 11240.81, 11338.54, 11260.48, 11256.41, 124.75746104]
[1516003200, 11230, 11346.71, 11340.01, 11260.35, 89.72217325]
[1515999600, 11340, 11403.04, 11399.99, 11340.01, 55.94369514]
[1515996000, 11249.22, 11400, 11249.22, 11400, 31.60363114]
[1515992400, 11159, 11310, 11310, 11249.23, 25.86482212]
[1515988800, 11200, 11310, 11224.59, 11309.99, 10.83764245]
[1515985200, 11150, 11224.59, 11221, 11224.59, 16.32359975]
[1515981600, 11220, 11358.84, 11358.83, 11224.33, 24.16957369]
[1515978000, 11330.65, 11381.95, 11379, 11358.83, 20.63437248]
[1515974400, 11260.35, 11379, 11323.87, 11379, 43.05086885]
[1515970800, 11284.34, 11381.71, 11284.35, 11323.88, 52.28233966]
[1515967200, 11155.01, 11325, 11156.61, 11284.35, 63.26747033]
[1515963600, 11130.37, 11245, 11242.04, 11156.6, 72.8686243]
[1515960000, 11054.06, 11242.05, 11149.7, 11242.05, 91.357969]
[1515956400, 11149.69, 11283.47, 11223.27, 11149.7, 70.56230826]
[1515952800, 11181.15, 11325, 11250, 11219.45, 103.52016188]
[1515949200, 11133.47, 11254.99, 11179.99, 11250, 103.06475996]
[1515945600, 11000, 11180, 11105.01, 11180, 163.09230592]
[1515942000, 11030, 11292.92, 11292.87, 11105.01, 189.91720794]
[1515938400, 11269.11, 11349.99, 11340.01, 11287.29, 70.35349189]
[1515934800, 11161.14, 11400, 11165, 11340.01, 106.88761794]
[1515931200, 11100, 11300, 11300, 11165, 133.58871567]
[1515927600, 11275.13, 11365.07, 11344.64, 11300, 82.62496349]
[1515924000, 11319.99, 11421, 11320.01, 11352.38, 104.76578326]
[1515920400, 11275.17, 11376.34, 11361.08, 11320.01, 106.2355333]
[1515916800, 11349.33, 11506.14, 11409.22, 11361.09, 56.28034151]
[1515913200, 11355.63, 11511.01, 11511.01, 11409.23, 44.66453279]
[1515909600, 11443.33, 11556.14, 11455.4, 11511, 22.87845573]
[1515906000, 11374.01, 11550.98, 11550.98, 11455.39, 93.14358537]
[1515902400, 11514.04, 11760.01, 11760.01, 11550.99, 41.9140961]
[1515898800, 11760, 11763.5, 11763.5, 11760, 8.52178453]
[1515895200, 11717.28, 11812.48, 11779.42, 11763.5, 28.4070089]
[1515891600, 11726.14, 11813.41, 11782.38, 11779.41, 28.96148891]
[1515888000, 11701, 11895.27, 11745.48, 11782.39, 74.59468952]
[1515884400, 11742, 11849.84, 11849.73, 11745.48, 54.38268849]
[1515880800, 11764.18, 11850, 11814, 11849.74, 74.1438071]
[1515877200, 11710, 11824.74, 11774.74, 11814.01, 80.71980657]
[1515873600, 11741.01, 11829.46, 11746.15, 11774.73, 55.36179764]
[1515870000, 11707.19, 11907.19, 11867.02, 11741, 107.12583882]
[1515866400, 11865.03, 11928, 11914.92, 11867.02, 132.91024356]
[1515862800, 11855, 11920, 11891.01, 11914.92, 124.55166482]
[1515859200, 11828.37, 11920, 11828.38, 11891.01, 91.02358363]
[1515855600, 11820, 11975.02, 11962.49, 11828.38, 108.90930085]
[1515852000, 11915.43, 12048.98, 11991.16, 11962.75, 120.41009162]
[1515848400, 11884.99, 11999, 11906.4, 11991.19, 137.44518961]
[1515844800, 11844, 11912, 11844.57, 11904, 73.13888257]
[1515841200, 11800, 11852.75, 11852.69, 11844.96, 59.86948149]
[1515837600, 11796.45, 11876.13, 11804.91, 11852.69, 75.01129616]
[1515834000, 11740, 11857, 11850.01, 11804.92, 75.6535393]
[1515830400, 11817.99, 11890, 11875.14, 11850.01, 75.31061303]
[1515826800, 11750.75, 11879.99, 11817.64, 11875.15, 77.9901008]
[1515823200, 11749.85, 11817.64, 11792.01, 11817.64, 24.22481741]
[1515819600, 11767.76, 11874.9, 11767.77, 11792.01, 23.42916645]
[1515816000, 11756.11, 11809.99, 11804.92, 11767.77, 14.52101229]
[1515812400, 11635, 11814.75, 11814.75, 11804.92, 27.20767856]
[1515808800, 11756.75, 11867, 11822.66, 11814.75, 38.67791085]
[1515805200, 11715.7, 11866.98, 11801.02, 11822.66, 60.76544888]
[1515801600, 11571.87, 11866, 11581.03, 11801.02, 125.82664068]
[1515798000, 11468.93, 11621, 11470.18, 11581.03, 59.79733997]
[1515794400, 11459.73, 11551.21, 11551.21, 11470.18, 78.02139582]
[1515790800, 11500, 11599.99, 11598, 11551.21, 85.36460546]
[1515787200, 11477.53, 11600.01, 11500.01, 11598, 84.20867189]
[1515783600, 11364, 11549.99, 11364.01, 11500.01, 84.34738187]
[1515780000, 11346.47, 11440, 11424.69, 11364.01, 89.97786293]
[1515776400, 11338.88, 11495.95, 11422.13, 11427.59, 143.31729625]
[1515772800, 11349.83, 11560, 11486.01, 11422.14, 164.44271765]
[1515769200, 11479.94, 11699.49, 11683.7, 11486.02, 146.88135675]
[1515765600, 11560, 11699, 11630, 11683.7, 149.79370101]
[1515762000, 11560, 11750, 11749, 11630.05, 193.09315157]
[1515758400, 11595.67, 11750, 11694.03, 11749, 162.11053008]
[1515754800, 11561.01, 11750, 11650, 11694.02, 193.26559251]
[1515751200, 11326.03, 11650, 11326.04, 11650, 203.47940439]
[1515747600, 11218.01, 11401.95, 11401.93, 11326.03, 105.46060577]
[1515744000, 11300, 11470.18, 11451.01, 11401.94, 98.13200836]
[1515740400, 11451, 11578.22, 11496.1, 11451.01, 98.89949817]
[1515736800, 11313.29, 11496.98, 11370.01, 11496.1, 72.40545468]
[1515733200, 11200.08, 11482, 11435.85, 11370, 51.29286428]
[1515729600, 11250.01, 11435.95, 11355, 11435.95, 29.6501364]
[1515726000, 11159.26, 11395, 11199.96, 11355, 27.96774132]
[1515722400, 11120.04, 11252, 11229.08, 11199.96, 53.99313332]
[1515718800, 10915.09, 11229.08, 10987.23, 11229.08, 76.25169684]
[1515715200, 10800, 11199.99, 11199.99, 10987.22, 207.46271218]
[1515711600, 11011, 11229, 11173.57, 11199.98, 277.34555411]
[1515708000, 11031.11, 11487, 11355.87, 11173.57, 238.3874234]
[1515704400, 11168.42, 11400, 11400, 11355.87, 199.76894151]
[1515700800, 11210, 11473.53, 11373, 11400, 216.58047004]
[1515697200, 11209.06, 11612.99, 11510.01, 11373.31, 211.8732302]
[1515693600, 11510, 11638.99, 11580.28, 11510.01, 136.64447759]
[1515690000, 11567.01, 11747.06, 11747.06, 11580.05, 156.58420587]
[1515686400, 11728.98, 11916, 11844.39, 11747.05, 153.89863163]
