[1532246400, 6300.02, 6355.08, 6300.03, 6354.9, 11.2672305]
[1532242800, 6299.99, 6307.86, 6299.99, 6300.03, 6.72497623]
[1532239200, 6289.12, 6323.65, 6321.52, 6299.99, 7.88182028]
[1532235600, 6292.68, 6321.89, 6308.01, 6321.52, 4.28764005]
[1532232000, 6286.03, 6325.2, 6323.21, 6318.95, 11.42174093]
[1532228400, 6315.77, 6335.26, 6333.25, 6325.2, 2.06965839]
[1532224800, 6331.63, 6375, 6370, 6334.02, 7.48416552]
[1532221200, 6343.9, 6370, 6343.9, 6370, 9.33011076]
[1532217600, 6267.01, 6343.91, 6325.4, 6343.91, 17.17764329]
[1532214000, 6318.67, 6337.63, 6320, 6325.4, 8.78516045]
[1532210400, 6317.8, 6320, 6319.21, 6320, 16.18911391]
[1532206800, 6307.99, 6344, 6337.01, 6319.2, 24.07077172]
[1532203200, 6334.99, 6363, 6347, 6337.02, 84.61256019]
[1532199600, 6319.82, 6347, 6343.8, 6346.99, 18.43362542]
[1532196000, 6298.15, 6349.99, 6325.57, 6343.79, 45.56877254]
[1532192400, 6317.13, 6339.58, 6327.56, 6325.58, 30.62240712]
[1532188800, 6319, 6345, 6319, 6327.55, 21.86606374]
[1532185200, 6280.08, 6330, 6288.01, 6321.65, 36.35401179]
[1532181600, 6281, 6295, 6281, 6288.01, 26.88068661]
[1532178000, 6256.17, 6292.5, 6260, 6280.99, 27.94537118]
[1532174400, 6232.11, 6261.99, 6249.77, 6260, 20.58231326]
[1532170800, 6220, 6249.78, 6239.39, 6249.78, 21.66315032]
[1532167200, 6225.71, 6254.21, 6251.01, 6239.39, 36.0554488]
[1532163600, 6250.96, 6262.81, 6252.01, 6251.02, 14.33701994]
[1532160000, 6250, 6276.99, 6265.01, 6252.03, 26.78114991]
[1532156400, 6247.81, 6270.91, 6264.99, 6265, 13.14392417]
[1532152800, 6256.82, 6265.07, 6260.26, 6265, 15.87254775]
[1532149200, 6231.01, 6260.63, 6231.01, 6260.3, 16.12022388]
[1532145600, 6217.7, 6232.16, 6220.47, 6231.01, 6.30114628]
[1532142000, 6196.9, 6235.21, 6210.01, 6220.47, 14.11939373]
[1532138400, 6187.86, 6223.6, 6187.86, 6210.01, 7.48189594]
[1532134800, 6169.19, 6193.67, 6169.19, 6187.86, 22.58469734]
[1532131200, 6163, 6259.36, 6259.36, 6163.27, 52.59740961]
[1532127600, 6243.06, 6280, 6271, 6260.19, 10.67931295]
[1532124000, 6208.26, 6285.64, 6250.01, 6271, 53.67672619]
[1532120400, 6250, 6300, 6286.34, 6250.01, 40.25821057]
[1532116800, 6255, 6298, 6263.64, 6289.98, 36.49485715]
[1532113200, 6251, 6301, 6286.85, 6263.64, 40.43077321]
[1532109600, 6197.05, 6301, 6269, 6287.28, 132.33195153]
[1532106000, 6237, 6407.08, 6394.65, 6271.14, 297.99861783]
[1532102400, 6383.05, 6580, 6383.06, 6394.79, 254.47150213]
[1532098800, 6379, 6420.98, 6388.62, 6383.05, 50.11289439]
[1532095200, 6350, 6400, 6386.75, 6389, 95.75945658]
[1532091600, 6375, 6392.96, 6390.19, 6386.77, 38.25749665]
[1532088000, 6377.95, 6438.6, 6430.92, 6390.18, 48.31851222]
[1532084400, 6408.31, 6439.58, 6412.92, 6430.92, 52.62857667]
[1532080800, 6387.29, 6418, 6394.01, 6412.85, 62.53134076]
[1532077200, 6384.09, 6425, 6419.42, 6394.01, 56.59169094]
[1532073600, 6401.1, 6439.96, 6405, 6420, 104.56567061]
[1532070000, 6322.69, 6405, 6343.49, 6405, 66.97749162]
[1532066400, 6326.73, 6381.07, 6363.04, 6343.48, 84.40588734]
[1532062800, 6361.89, 6404.52, 6403.09, 6361.89, 22.14234845]
[1532059200, 6394.07, 6416.97, 6412.49, 6403.51, 21.58893726]
[1532055600, 6380.36, 6412.49, 6411.91, 6412.49, 6.62758653]
[1532052000, 6402.62, 6423.63, 6409, 6411.92, 4.01955946]
[1532048400, 6354.8, 6406.67, 6365.22, 6406.67, 16.52338237]
[1532044800, 6334.04, 6423, 6420.37, 6365.61, 53.46083164]
[1532041200, 6389, 6444, 6427.5, 6418.3, 60.96573997]
[1532037600, 6396.94, 6490.96, 6396.95, 6425.26, 115.81439317]
[1532034000, 6384.7, 6409.99, 6384.71, 6396.95, 19.52405428]
[1532030400, 6382.94, 6428.67, 6421, 6384.1, 35.05481311]
[1532026800, 6374.77, 6444.44, 6375.72, 6421.01, 68.63850491]
[1532023200, 6368.27, 6398.79, 6374.46, 6375.62, 53.59197624]
[1532019600, 6353.83, 6376.85, 6358.22, 6371.07, 47.09105566]
[1532016000, 6350, 6396.84, 6373.29, 6358.24, 43.62162827]
[1532012400, 6355, 6447.04, 6422.08, 6377.25, 151.88158694]
[1532008800, 6395.95, 6449, 6448.39, 6422.13, 191.07406586]
[1532005200, 6405.52, 6478, 6411.87, 6448.69, 95.46082487]
[1532001600, 6398.94, 6429.49, 6403.22, 6411.86, 70.99133029]
[1531998000, 6354.51, 6410, 6366.01, 6405.28, 78.50944985]
[1531994400, 6363.32, 6394.57, 6383.88, 6366, 103.06806918]
[1531990800, 6310, 6389, 6310.3, 6383.88, 104.43427879]
[1531987200, 6288.54, 6319.98, 6297, 6310.31, 59.11743779]
[1531983600, 6296.99, 6322, 6310.75, 6297, 40.64369352]
[1531980000, 6290.04, 6329.01, 6290.04, 6310.8, 37.79700045]
[1531976400, 6266.06, 6294.2, 6279.14, 6290.04, 33.17381832]
[1531972800, 6272.8, 6308.5, 6286.51, 6280, 6.07164026]
[1531969200, 6273.73, 6311.06, 6297.09, 6285.16, 30.77050465]
[1531965600, 6239.61, 6297.15, 6267.83, 6294.6, 13.82993654]
[1531962000, 6243.94, 6303.55, 6303.55, 6274.64, 16.23120967]
[1531958400, 6277, 6336, 6330.94, 6305.99, 28.00319988]
[1531954800, 6291.97, 6340.97, 6329.88, 6330.31, 33.17418163]
[1531951200, 6256.11, 6340, 6296.66, 6324.24, 91.098775]
[1531947600, 6275.01, 6324.98, 6299.1, 6297.6, 71.22995159]
[1531944000, 6221, 6354.97, 6354.97, 6299.26, 293.64139318]
[1531940400, 6312.01, 6395.62, 6385, 6351.74, 178.55665807]
[1531936800, 6367, 6514.2, 6443.35, 6385, 254.45415916]
[1531933200, 6384, 6443.37, 6389.97, 6443.35, 81.33596356]
[1531929600, 6366.58, 6399, 6379.99, 6391.34, 53.92105142]
[1531926000, 6340, 6400.11, 6392.81, 6379.99, 127.95896783]
[1531922400, 6390, 6476.28, 6403.03, 6392.03, 206.58847334]
[1531918800, 6358.07, 6419.84, 6407.7, 6403.03, 112.76738966]
[1531915200, 6391.04, 6429.9, 6391.04, 6407.7, 122.05153415]
[1531911600, 6364, 6398.24, 6370.53, 6391.04, 76.00538983]
[1531908000, 6353, 6393.94, 6365.37, 6370.76, 90.3140465]
[1531904400, 6341.21, 6368.97, 6342.88, 6365.87, 56.51151127]
[1531900800, 6304.63, 6410.88, 6402.21, 6342.91, 166.7770889]
[1531897200, 6382, 6421, 6416.99, 6403, 121.78910193]
[1531893600, 6409.34, 6430.98, 6415.97, 6416.99, 140.1773352]
[1531890000, 6375.55, 6430.99, 6383.91, 6415.22, 66.37964064]
[1531886400, 6354.1, 6417, 6407.48, 6380.97, 58.399809]
[1531882800, 6344.61, 6466.37, 6346.93, 6403.01, 84.61801991]
[1531879200, 6290.4, 6350, 6290.4, 6347.52, 36.5125323]
[1531875600, 6277.92, 6300.01, 6300, 6288.71, 8.60788329]
[1531872000, 6271.21, 6317.92, 6274.16, 6300.01, 26.31302245]
[1531868400, 6260.04, 6285, 6274.99, 6275.13, 34.21476747]
[1531864800, 6236.12, 6324.3, 6311.34, 6274.34, 102.09907524]
[1531861200, 6265.8, 6323.38, 6270.63, 6311, 117.37320802]
[1531857600, 6249.14, 6285.83, 6255.78, 6263.6, 122.50615438]
[1531854000, 6255.82, 6323.27, 6293.9, 6255.83, 185.4246968]
[1531850400, 6150, 6400, 6150, 6293.91, 643.74064557]
[1531846800, 5790.48, 6214, 5797.6, 6150.01, 590.23040828]
[1531843200, 5771.29, 5801.21, 5801.21, 5795.72, 71.1899196]
[1531839600, 5743, 5801.21, 5743, 5801.2, 97.24702858]
[1531836000, 5719.99, 5755.45, 5720, 5743, 53.06577077]
[1531832400, 5719, 5730, 5723.73, 5720, 33.47934524]
[1531828800, 5705.65, 5729.99, 5707.01, 5724.86, 40.65459724]
[1531825200, 5707, 5737.35, 5726.86, 5707.01, 35.02321794]
[1531821600, 5706.32, 5729, 5707.85, 5727.89, 36.41131386]
[1531818000, 5698.49, 5725.93, 5725.52, 5706.82, 107.69696657]
[1531814400, 5705.31, 5745, 5705.31, 5725.91, 88.22089246]
[1531810800, 5673.77, 5711.11, 5673.78, 5700.05, 68.84311968]
[1531807200, 5651, 5703, 5702.35, 5673.78, 59.61011335]
[1531803600, 5702.35, 5728.29, 5725.32, 5703, 31.30352437]
[1531800000, 5723.36, 5757.18, 5743.44, 5725.59, 19.48076184]
[1531796400, 5741.36, 5750, 5743.93, 5743.43, 19.29613177]
[1531792800, 5730.79, 5743.92, 5735.8, 5743.92, 4.2622252]
[1531789200, 5705, 5745, 5742.45, 5735.79, 31.43945109]
[1531785600, 5715, 5742.46, 5731.35, 5742.46, 36.38966121]
[1531782000, 5681, 5749, 5683, 5729.94, 54.11014852]
[1531778400, 5676.93, 5698.12, 5687.99, 5689.58, 22.21578219]
[1531774800, 5669.42, 5689.39, 5684.27, 5688, 29.06728925]
[1531771200, 5669.86, 5696.27, 5695.73, 5684.39, 71.10870261]
[1531767600, 5662.44, 5695.73, 5685, 5695.73, 40.1791776]
[1531764000, 5665.01, 5710.43, 5687.53, 5685.8, 76.51062754]
[1531760400, 5638.43, 5700, 5645.53, 5687.39, 78.63785023]
[1531756800, 5631.99, 5649.46, 5632, 5648.29, 143.4571426]
[1531753200, 5622.48, 5649.9, 5644.99, 5631.99, 206.59943215]
[1531749600, 5617.5, 5645, 5617.99, 5644.99, 89.90674293]
[1531746000, 5617.75, 5643.92, 5625.16, 5618, 96.44097588]
[1531742400, 5610, 5649.9, 5640, 5625.15, 101.92116686]
[1531738800, 5567.15, 5665.65, 5579.7, 5640, 427.72538897]
[1531735200, 5542.11, 5580.53, 5550, 5577.81, 217.87550912]
[1531731600, 5429.98, 5583.01, 5429.99, 5550, 558.41039742]
[1531728000, 5417.99, 5454.3, 5427.34, 5429.99, 186.90802577]
[1531724400, 5418.51, 5434.81, 5428.34, 5426.44, 110.65088351]
[1531720800, 5418.98, 5434.81, 5422, 5428.97, 151.01398534]
[1531717200, 5421.81, 5437.86, 5421.83, 5421.99, 135.64055972]
[1531713600, 5417.86, 5430, 5430, 5421.83, 71.79093139]
[1531710000, 5429.98, 5438.69, 5434.67, 5430, 92.88776849]
[1531706400, 5423.82, 5436.75, 5428, 5433.97, 75.71387422]
[1531702800, 5427.55, 5439.13, 5436, 5427.99, 55.62449227]
[1531699200, 5435.94, 5483.78, 5438.26, 5435.99, 104.88323923]
[1531695600, 5432.97, 5456.79, 5453.04, 5435.2, 10.93227988]
[1531692000, 5451, 5474.14, 5467.66, 5453.04, 32.91009326]
[1531688400, 5457.97, 5467.66, 5458, 5467.66, 10.55652515]
[1531684800, 5444.3, 5458, 5449.26, 5455.2, 19.10170066]
[1531681200, 5439.46, 5452.01, 5452.01, 5449.48, 28.09935955]
[1531677600, 5434.03, 5464, 5464, 5452.01, 35.60400427]
[1531674000, 5455.36, 5482.95, 5477.97, 5463.99, 19.22339797]
[1531670400, 5464.51, 5482, 5464.93, 5481.97, 9.99103934]
[1531666800, 5448.65, 5480.65, 5452.82, 5464.93, 31.50016983]
[1531663200, 5440, 5453.61, 5440.5, 5452.82, 18.15676697]
[1531659600, 5438.17, 5440.5, 5440.01, 5440.5, 18.18925496]
[1531656000, 5430, 5455.4, 5453.48, 5440.01, 23.62698221]
[1531652400, 5437.7, 5455.4, 5437.71, 5453.48, 17.2764845]
[1531648800, 5403.84, 5457.69, 5403.99, 5437.7, 40.45190974]
[1531645200, 5399.99, 5433, 5416.89, 5403.99, 26.95191656]
[1531641600, 5382, 5433, 5383, 5416.89, 30.84228096]
[1531638000, 5373.8, 5386.23, 5386.23, 5383, 5.75722103]
[1531634400, 5379.36, 5395, 5392.38, 5386.23, 5.08348736]
[1531630800, 5368.32, 5395, 5374.98, 5392.37, 8.93283832]
[1531627200, 5363.62, 5381.1, 5363.79, 5374.98, 0.66509328]
[1531623600, 5358.28, 5363.12, 5358.28, 5359.15, 0.83375818]
[1531620000, 5351, 5360.4, 5359.29, 5357.99, 0.63138021]
[1531616400, 5351, 5364.76, 5351.01, 5359.39, 1.94936865]
[1531612800, 5351, 5375.71, 5375.71, 5351.01, 6.49586085]
[1531609200, 5366.93, 5378.2, 5366.93, 5375.71, 6.7090808]
[1531605600, 5366.93, 5394.32, 5382.73, 5366.93, 17.73661958]
[1531602000, 5381.2, 5398.19, 5384.25, 5383.09, 8.42585979]
[1531598400, 5324, 5440, 5379.73, 5384.25, 70.11123653]
[1531594800, 5340, 5380, 5363.32, 5378.08, 19.84112853]
[1531591200, 5351.55, 5385.86, 5379.79, 5363.55, 16.93053956]
[1531587600, 5360.64, 5379.79, 5373.02, 5379.79, 19.09512002]
[1531584000, 5359.88, 5380, 5359.88, 5373.02, 18.0884365]
[1531580400, 5341.71, 5382.62, 5356.7, 5350.41, 43.76591783]
[1531576800, 5345.08, 5357.4, 5352.28, 5353.68, 15.47701113]
[1531573200, 5344.18, 5359.08, 5356.69, 5344.88, 11.20618173]
[1531569600, 5346.61, 5361.25, 5355.56, 5358.25, 32.00688927]
[1531566000, 5337, 5360, 5337, 5355.29, 30.47663934]
[1531562400, 5313.38, 5337, 5320.14, 5334.54, 27.08210876]
[1531558800, 5306.49, 5333.51, 5330.6, 5320.14, 18.48440102]
[1531555200, 5326.69, 5333.47, 5333.47, 5330.59, 6.1861359]
[1531551600, 5315.7, 5333.47, 5315.7, 5333.46, 6.72908893]
[1531548000, 5315.97, 5333.47, 5333.47, 5315.97, 8.40046423]
[1531544400, 5332.82, 5333.5, 5333.06, 5333.47, 4.43961349]
[1531540800, 5329.17, 5336.6, 5331.02, 5333.21, 1.28244514]
[1531537200, 5325.53, 5350.34, 5350.34, 5331.89, 2.63905881]
[1531533600, 5350.31, 5358.37, 5357.09, 5350.34, 0.44267127]
[1531530000, 5350.32, 5385.57, 5364.01, 5353.45, 8.61939963]
[1531526400, 5338.69, 5373.55, 5338.7, 5364, 4.41174698]
