[1541606400, 5677.46, 5691, 5681.62, 5690.55, 27.67977961]
[1541602800, 5677.28, 5681.75, 5680.04, 5681.63, 43.76444301]
[1541599200, 5677, 5690, 5686.65, 5677.07, 33.94793764]
[1541595600, 5679.75, 5688, 5680.19, 5686.65, 27.1951941]
[1541592000, 5673.75, 5684.61, 5673.76, 5680.19, 48.17499122]
[1541588400, 5673.46, 5682.1, 5680.14, 5673.76, 60.67725411]
[1541584800, 5680, 5685, 5685, 5680.14, 42.89559067]
[1541581200, 5681.03, 5708.16, 5708.16, 5685, 63.86373051]
[1541577600, 5695.94, 5708.33, 5697.83, 5708.15, 37.87381094]
[1541574000, 5681.01, 5715.8, 5700, 5695.1, 51.68737438]
[1541570400, 5687.78, 5700.01, 5700.01, 5699.99, 16.57584807]
[1541566800, 5687.77, 5700.28, 5687.78, 5700.01, 21.51821214]
[1541563200, 5687.78, 5697.1, 5697.1, 5687.78, 10.06038285]
[1541559600, 5693.37, 5714.01, 5714.01, 5697.1, 14.07852168]
[1541556000, 5714, 5738.28, 5725.82, 5714.01, 18.53551371]
[1541552400, 5690, 5725, 5692.01, 5725, 14.3704917]
[1541548800, 5654.31, 5712, 5654.31, 5692, 122.77990829]
[1541545200, 5651.99, 5655, 5652, 5654.32, 19.11208665]
[1541541600, 5639.6, 5652, 5639.7, 5652, 31.54816925]
[1541538000, 5635.96, 5639.91, 5639.91, 5639.69, 26.32558967]
[1541534400, 5635, 5640, 5637.71, 5639.91, 31.85867562]
[1541530800, 5637.7, 5642.5, 5641.28, 5637.71, 41.98844983]
[1541527200, 5640.67, 5645, 5643.01, 5642.39, 25.78574293]
[1541523600, 5639.41, 5644.77, 5639.41, 5643, 25.33537631]
[1541520000, 5638.3, 5645, 5644.99, 5639.42, 39.48020373]
[1541516400, 5630, 5645, 5632.58, 5645, 45.63804438]
[1541512800, 5630, 5633.88, 5630.01, 5632.58, 59.94021687]
[1541509200, 5630, 5640, 5640, 5630.01, 54.91099156]
[1541505600, 5628.41, 5640, 5633.24, 5640, 44.65512102]
[1541502000, 5633.23, 5645.52, 5645.51, 5633.23, 60.57639074]
[1541498400, 5643.94, 5660, 5649.75, 5645.51, 62.62570879]
[1541494800, 5627.99, 5649.75, 5628, 5649.75, 44.71070487]
[1541491200, 5621.4, 5644.11, 5630.51, 5628, 56.74273519]
[1541487600, 5621.4, 5637.56, 5622.01, 5630.51, 46.41835125]
[1541484000, 5618.59, 5624.99, 5624.99, 5622.02, 18.94560203]
[1541480400, 5618.9, 5625, 5618.91, 5624.99, 13.91717993]
[1541476800, 5618.59, 5618.96, 5618.96, 5618.9, 3.8393771]
[1541473200, 5618.95, 5624.88, 5624.88, 5618.95, 4.77700321]
[1541469600, 5624.88, 5624.89, 5624.88, 5624.89, 1.6963654]
[1541466000, 5624.88, 5624.89, 5624.89, 5624.89, 8.69838602]
[1541462400, 5618.59, 5624.89, 5618.59, 5624.89, 7.77547219]
[1541458800, 5618.59, 5618.6, 5618.6, 5618.6, 5.78919664]
[1541455200, 5618.59, 5618.6, 5618.6, 5618.6, 11.14884565]
[1541451600, 5611.31, 5620.33, 5611.32, 5618.6, 18.96231989]
[1541448000, 5605.09, 5612.9, 5605.1, 5611.32, 13.18770349]
[1541444400, 5601, 5609.17, 5601, 5605.1, 27.6709986]
[1541440800, 5601, 5623.85, 5623.85, 5601.01, 36.16740328]
[1541437200, 5623.84, 5638.89, 5633.75, 5623.85, 30.16578291]
[1541433600, 5631.4, 5647.86, 5636.46, 5633.75, 56.84187756]
[1541430000, 5630, 5640.02, 5640.02, 5636.45, 55.8928287]
[1541426400, 5640.01, 5650.01, 5650.01, 5640.02, 38.39818071]
[1541422800, 5640.01, 5655.65, 5642.79, 5650.01, 50.72826819]
[1541419200, 5634.99, 5648.36, 5635, 5642.79, 45.23925279]
[1541415600, 5630.01, 5635, 5631.01, 5635, 27.52873006]
[1541412000, 5630, 5635.61, 5633.93, 5631.01, 36.62429285]
[1541408400, 5624, 5636.38, 5624.64, 5633.93, 46.73597425]
[1541404800, 5624.81, 5640, 5639.44, 5626.34, 38.27399419]
[1541401200, 5621, 5641.97, 5638.71, 5639.44, 47.78074212]
[1541397600, 5630, 5639.88, 5630.1, 5635.52, 8.18255075]
[1541394000, 5630.01, 5637.05, 5635.21, 5630.09, 3.26930845]
[1541390400, 5634, 5641.48, 5635.01, 5635.2, 1.87649892]
[1541386800, 5635.01, 5647.91, 5641.76, 5635.01, 5.05022878]
[1541383200, 5633.6, 5643.57, 5643.14, 5642.83, 2.0120402]
[1541379600, 5630.51, 5650.99, 5649.99, 5643.41, 4.87380342]
[1541376000, 5636.56, 5650, 5638.41, 5650, 7.21564594]
[1541372400, 5632.84, 5638.42, 5638.42, 5638.42, 9.71890263]
[1541368800, 5627, 5640.04, 5640.04, 5638.42, 21.05419239]
[1541365200, 5631.09, 5640.16, 5631.1, 5640.04, 15.41864181]
[1541361600, 5631, 5640, 5639.05, 5631.1, 23.77240271]
[1541358000, 5638.59, 5665.84, 5651.91, 5639.04, 31.74524617]
[1541354400, 5635.51, 5670, 5636.5, 5651.91, 59.64039413]
[1541350800, 5630.93, 5638.59, 5638.58, 5637.9, 26.6242719]
[1541347200, 5611.26, 5645, 5642.99, 5638.59, 55.5603477]
[1541343600, 5577.54, 5642.99, 5586.07, 5642.99, 114.71265783]
[1541340000, 5581.66, 5586.99, 5586.99, 5586.05, 13.41876849]
[1541336400, 5580, 5587, 5586, 5586.99, 13.26790837]
[1541332800, 5582.68, 5586, 5582.68, 5586, 16.84580481]
[1541329200, 5578.65, 5582.9, 5580.01, 5582.67, 22.84464891]
[1541325600, 5580, 5580.94, 5580.01, 5580.01, 20.26256382]
[1541322000, 5574.88, 5580.96, 5580.96, 5580.01, 18.68147017]
[1541318400, 5566.56, 5580.96, 5571.26, 5580.96, 13.60662367]
[1541314800, 5563.94, 5578.07, 5573.12, 5570.91, 7.33242163]
[1541311200, 5561.86, 5580, 5568.48, 5573.12, 4.1322182]
[1541307600, 5560.21, 5571.99, 5571.99, 5568.61, 6.34613534]
[1541304000, 5571.98, 5571.99, 5571.99, 5571.99, 1.46449474]
[1541300400, 5571.09, 5571.99, 5571.1, 5571.99, 0.79746272]
[1541296800, 5570.24, 5572.02, 5572.02, 5571.1, 1.60419573]
[1541293200, 5572, 5572.02, 5572.02, 5572.02, 2.19547832]
[1541289600, 5571, 5577.97, 5576.49, 5572.01, 5.358807]
[1541286000, 5572.16, 5577.43, 5574.49, 5576.49, 3.51605223]
[1541282400, 5571, 5579.94, 5572.48, 5574.48, 8.63123745]
[1541278800, 5570.52, 5581.32, 5581.32, 5572.48, 9.15644928]
[1541275200, 5571.96, 5581.44, 5572, 5581.32, 9.94209783]
[1541271600, 5567, 5572.41, 5570, 5572, 12.95029754]
[1541268000, 5566.4, 5571.02, 5567.01, 5570.73, 13.14989865]
[1541264400, 5566.4, 5567.01, 5566.41, 5567.01, 13.74449239]
[1541260800, 5566.4, 5574.02, 5574.02, 5566.41, 11.4189076]
[1541257200, 5573.9, 5574.44, 5574.44, 5574.02, 16.9100682]
[1541253600, 5565.72, 5574.44, 5565.73, 5574.44, 14.01693481]
[1541250000, 5565.46, 5572.01, 5572.01, 5565.73, 18.62856501]
[1541246400, 5569.88, 5572.88, 5569.88, 5572.01, 11.43611308]
[1541242800, 5567.89, 5574.98, 5572.14, 5569.88, 13.93222122]
[1541239200, 5566.4, 5572.14, 5566.41, 5572.14, 14.85214718]
[1541235600, 5555.25, 5585, 5585, 5566.41, 24.16856859]
[1541232000, 5582, 5585.01, 5585.01, 5584.99, 15.98820763]
[1541228400, 5585, 5586.01, 5586, 5585.01, 12.74772155]
[1541224800, 5586, 5586.01, 5586.01, 5586.01, 3.54003474]
[1541221200, 5586, 5586.01, 5586.01, 5586.01, 2.28849111]
[1541217600, 5586, 5586.01, 5586, 5586.01, 1.1999402]
[1541214000, 5586, 5586.01, 5586.01, 5586, 4.18249204]
[1541210400, 5586, 5589.97, 5588.72, 5586.01, 3.52683801]
[1541206800, 5586, 5589.83, 5586.9, 5588.72, 6.00225244]
[1541203200, 5585, 5589.96, 5589.96, 5586.9, 5.38531853]
[1541199600, 5585.16, 5590.71, 5590.7, 5589.96, 8.90093565]
[1541196000, 5588.54, 5592.88, 5592.11, 5590.71, 15.28986869]
[1541192400, 5588.94, 5594.25, 5592.55, 5593.71, 20.27300413]
[1541188800, 5585, 5594.05, 5593.27, 5592.55, 24.10558474]
[1541185200, 5587.28, 5593.27, 5592.99, 5593.26, 18.10475295]
[1541181600, 5587.8, 5594.8, 5594.8, 5592.99, 22.77704273]
[1541178000, 5588.17, 5599.04, 5594.8, 5594.79, 30.82777966]
[1541174400, 5592.12, 5598.44, 5592.12, 5594.8, 31.6097159]
[1541170800, 5582, 5594.7, 5582.01, 5592.12, 45.6400263]
[1541167200, 5580, 5588.91, 5588.91, 5582, 29.82754543]
[1541163600, 5569.62, 5590.99, 5569.63, 5588.9, 41.7490342]
[1541160000, 5562.42, 5570.94, 5562.42, 5569.63, 38.84889693]
[1541156400, 5562.42, 5566.02, 5566.01, 5562.43, 25.99431733]
[1541152800, 5566.5, 5567.01, 5567.01, 5566.51, 40.04607652]
[1541149200, 5567, 5567.06, 5567.01, 5567.01, 28.40833193]
[1541145600, 5566.5, 5570.99, 5566.6, 5567.01, 22.48370412]
[1541142000, 5565.24, 5580, 5580, 5566.6, 31.7460439]
[1541138400, 5575, 5581.09, 5578.01, 5580, 7.5905054]
[1541134800, 5575, 5583.23, 5582.42, 5580.91, 4.29194857]
[1541131200, 5581.71, 5589.64, 5585.49, 5582.43, 10.146305]
[1541127600, 5585.48, 5591.17, 5585.85, 5585.49, 2.85642662]
[1541124000, 5581.05, 5599, 5598.99, 5585.85, 6.17937238]
[1541120400, 5596.72, 5599, 5596.73, 5599, 12.37588907]
[1541116800, 5573.02, 5596.73, 5573.03, 5596.73, 8.72376265]
[1541113200, 5570.11, 5576.5, 5573.41, 5573.03, 10.11270802]
[1541109600, 5569.7, 5585.45, 5582.95, 5573.41, 14.11956285]
[1541106000, 5569.7, 5594.44, 5569.71, 5582.95, 28.46915613]
[1541102400, 5551.88, 5570, 5556.01, 5569.7, 25.36008713]
[1541098800, 5549.34, 5559.35, 5549.35, 5556.01, 27.16547413]
[1541095200, 5544.35, 5552.6, 5544.36, 5549.35, 21.99425913]
[1541091600, 5541.08, 5553.84, 5553.84, 5544.36, 17.76044141]
[1541088000, 5542.8, 5554.51, 5542.8, 5553.84, 43.12081282]
[1541084400, 5533, 5550.01, 5550.01, 5542.8, 37.76055929]
[1541080800, 5550, 5550.82, 5550.01, 5550.01, 24.35267716]
[1541077200, 5550, 5555.21, 5553.01, 5550, 28.10411029]
[1541073600, 5552.39, 5554.89, 5554.89, 5553.01, 39.4054542]
[1541070000, 5552.39, 5564.93, 5564.93, 5554.89, 34.0162802]
[1541066400, 5556.41, 5566.14, 5566.13, 5564.93, 33.79789848]
[1541062800, 5566.13, 5566.14, 5566.14, 5566.14, 34.65246985]
[1541059200, 5566.13, 5576.62, 5576.62, 5566.14, 27.26335116]
[1541055600, 5561.61, 5577.41, 5575.16, 5576.61, 28.08265719]
[1541052000, 5575.15, 5575.16, 5575.16, 5575.16, 7.29477513]
[1541048400, 5571.57, 5576.92, 5571.57, 5575.16, 4.75835865]
[1541044800, 5559.68, 5571.63, 5565.58, 5571.58, 8.66368188]
[1541041200, 5564.8, 5575.01, 5575.01, 5564.8, 6.43679003]
[1541037600, 5575, 5578.51, 5578.51, 5575, 3.656699]
[1541034000, 5578.37, 5581.93, 5581.93, 5578.5, 7.10083284]
[1541030400, 5563.59, 5592, 5590.86, 5581.93, 42.14791398]
[1541026800, 5587.79, 5598.27, 5598.27, 5590.86, 17.77703042]
[1541023200, 5587.79, 5603.94, 5587.8, 5598.27, 30.31338416]
[1541019600, 5587, 5589, 5588.99, 5587.8, 11.37552977]
[1541016000, 5583.66, 5589, 5583.84, 5589, 9.81479671]
[1541012400, 5583.83, 5585.93, 5585.62, 5583.84, 22.14376643]
[1541008800, 5583.67, 5586.99, 5583.68, 5585.62, 23.38256314]
[1541005200, 5583.66, 5595, 5587.29, 5583.68, 45.87625624]
[1541001600, 5577.6, 5592.69, 5592.68, 5587.3, 37.49228731]
[1540998000, 5503, 5603.34, 5515.39, 5590.9, 124.77828169]
[1540994400, 5515.39, 5546.64, 5546.63, 5515.39, 70.70562781]
[1540990800, 5540.99, 5549.5, 5541, 5546.64, 24.9273586]
[1540987200, 5540, 5541.35, 5540.01, 5541, 24.45762059]
[1540983600, 5540, 5543.25, 5542.56, 5540.01, 32.01174381]
[1540980000, 5537.92, 5542.56, 5537.93, 5542.56, 19.43843657]
[1540976400, 5535, 5540, 5538.41, 5537.93, 30.02003669]
[1540972800, 5538.4, 5541.01, 5541.01, 5538.4, 28.64154856]
[1540969200, 5535, 5544.8, 5544.8, 5541.01, 26.73119707]
[1540965600, 5544.78, 5545.17, 5544.79, 5544.79, 7.6957249]
[1540962000, 5543.97, 5545.16, 5543.98, 5544.79, 4.33645653]
[1540958400, 5543.97, 5543.98, 5543.98, 5543.98, 2.49982216]
[1540954800, 5540.83, 5543.97, 5540.84, 5543.97, 3.65729942]
[1540951200, 5530, 5542.75, 5542.75, 5540.09, 3.10448663]
[1540947600, 5534.35, 5545, 5544.26, 5543.12, 6.10085892]
[1540944000, 5534.93, 5544.26, 5540, 5544.26, 14.62689197]
[1540940400, 5532, 5540, 5534.22, 5540, 11.4138217]
[1540936800, 5528.12, 5540.01, 5539.28, 5539.82, 26.8945574]
[1540933200, 5535.12, 5543.46, 5541.87, 5539.28, 13.32034058]
[1540929600, 5528.05, 5541.98, 5530, 5541.87, 27.14285522]
[1540926000, 5524.97, 5531.74, 5526.73, 5530, 25.40680317]
[1540922400, 5519.97, 5533.14, 5532.35, 5526.73, 49.16394875]
[1540918800, 5530, 5537.51, 5532.16, 5532.35, 26.99654984]
[1540915200, 5532.15, 5542.47, 5537.88, 5532.16, 54.32109739]
[1540911600, 5525.01, 5538.65, 5525.02, 5537.87, 34.29253872]
[1540908000, 5525.01, 5530.01, 5530.01, 5525.02, 31.77329943]
[1540904400, 5525, 5537.21, 5537.21, 5530, 35.92542323]
[1540900800, 5526.63, 5546.19, 5533.76, 5537.2, 49.64352952]
[1540897200, 5520.89, 5534.45, 5526.64, 5533.76, 31.14585012]
[1540893600, 5515, 5542.75, 5521.98, 5526.64, 72.564537]
[1540890000, 5515, 5523.21, 5520.01, 5522.19, 46.26136221]
[1540886400, 5520, 5540, 5540, 5520.01, 48.3353259]
