[1526486400, 6981, 7079, 7039.59, 7008.9, 62.94292116]
[1526482800, 6983.17, 7133.39, 6984.26, 7044.95, 121.7921742]
[1526479200, 6935.9, 6998.1, 6944.02, 6984.27, 64.51851024]
[1526475600, 6915.6, 7125.01, 7124.24, 6944.02, 183.00845973]
[1526472000, 7118.61, 7139.9, 7129.99, 7124.24, 37.91868515]
[1526468400, 7105.04, 7185.5, 7120, 7130.82, 73.328752]
[1526464800, 6993.31, 7163.67, 6999.01, 7120, 179.31695348]
[1526461200, 6953.27, 6999.2, 6962.62, 6999.02, 48.14638217]
[1526457600, 6945.35, 6988, 6963.13, 6964, 67.31165021]
[1526454000, 6952.67, 7000.25, 6977.75, 6963.13, 92.07351763]
[1526450400, 6940, 6988.25, 6955, 6978.3, 99.16687474]
[1526446800, 6930.56, 6974.88, 6967.02, 6955, 73.96468586]
[1526443200, 6919.62, 6993.51, 6919.95, 6967.02, 60.46338761]
[1526439600, 6896.25, 6961.2, 6896.25, 6919.99, 25.86581437]
[1526436000, 6860.98, 7059.65, 7059.65, 6890, 257.97762143]
[1526432400, 7033.02, 7169.41, 7163.11, 7059.64, 70.75463066]
[1526428800, 7140, 7200, 7180.46, 7163.12, 18.81821728]
[1526425200, 7163.18, 7208.32, 7163.18, 7180.47, 23.46000645]
[1526421600, 7129.99, 7229.34, 7182.4, 7160.8, 43.33962204]
[1526418000, 7179.01, 7229.34, 7214.01, 7187.39, 24.56424222]
[1526414400, 7188.64, 7240.88, 7240.88, 7215, 48.38805508]
[1526410800, 7160, 7268.16, 7204.93, 7240.89, 89.68928416]
[1526407200, 7128, 7232, 7230, 7203, 122.59056021]
[1526403600, 7200, 7241.18, 7220.33, 7230, 72.60898291]
[1526400000, 7182, 7250, 7200, 7220.33, 85.33597842]
[1526396400, 7174.34, 7226.09, 7200.42, 7200, 110.74576806]
[1526392800, 7190, 7410.01, 7410.01, 7200.42, 185.99875545]
[1526389200, 7349.36, 7416.63, 7400, 7410, 150.21487692]
[1526385600, 7380, 7400, 7384.49, 7399.99, 51.45269387]
[1526382000, 7371.07, 7397.56, 7384.99, 7381.23, 54.47235757]
[1526378400, 7310.2, 7420, 7321.19, 7383.8, 155.33333704]
[1526374800, 7308.81, 7342.3, 7336.94, 7321.19, 42.40459399]
[1526371200, 7280, 7348, 7348, 7336.95, 86.07074754]
[1526367600, 7328.31, 7353.23, 7340.25, 7348, 39.77044813]
[1526364000, 7316.23, 7369.36, 7318.92, 7340.1, 76.49884205]
[1526360400, 7292.39, 7337.54, 7294.53, 7319.16, 26.50709625]
[1526356800, 7285, 7326.2, 7294.56, 7291.01, 21.12147464]
[1526353200, 7237.95, 7294.56, 7271.59, 7294.55, 12.91327687]
[1526349600, 7235.15, 7316.6, 7297.11, 7275.3, 20.53226397]
[1526346000, 7258.59, 7308.7, 7296.99, 7308.46, 13.39326672]
[1526342400, 7256.85, 7339.41, 7266.8, 7296.83, 36.44541287]
[1526338800, 7213.13, 7281.12, 7213.13, 7256.9, 19.85779282]
[1526335200, 7212.67, 7321.34, 7314.87, 7212.69, 100.8470528]
[1526331600, 7314.86, 7406, 7386.7, 7314.86, 77.73330484]
[1526328000, 7330.31, 7450, 7337.89, 7387, 146.05478899]
[1526324400, 7312.3, 7348.99, 7314.78, 7337.89, 52.34209636]
[1526320800, 7307.01, 7334.67, 7315.85, 7311.64, 39.59667019]
[1526317200, 7271, 7338.68, 7334.11, 7315.86, 88.14470381]
[1526313600, 7306.74, 7356.9, 7331, 7334.11, 85.87934131]
[1526310000, 7291.66, 7372.99, 7326.02, 7331, 139.04063308]
[1526306400, 7261.26, 7359, 7265, 7326.02, 305.02752055]
[1526302800, 6887, 7343.51, 7059.21, 7266.24, 638.88161205]
[1526299200, 7016.86, 7068.4, 7053.94, 7062.53, 75.85254987]
[1526295600, 7025, 7091.89, 7047.79, 7052.76, 89.99117878]
[1526292000, 6990.41, 7073.83, 7051.64, 7047.78, 106.88866957]
[1526288400, 7005.58, 7077.54, 7077.54, 7057.79, 106.51314981]
[1526284800, 7005.53, 7090.62, 7022.81, 7077.54, 114.17182491]
[1526281200, 6980.4, 7051.18, 7048.65, 7022.8, 104.09489434]
[1526277600, 6991.76, 7076.95, 7029.99, 7048.66, 135.47830153]
[1526274000, 6969.07, 7047.6, 7037.16, 7031.5, 127.86237022]
[1526270400, 7015, 7068.33, 7049.51, 7035.1, 67.04721515]
[1526266800, 7030, 7251.67, 7239.26, 7049.51, 170.34000056]
[1526263200, 7228.93, 7290, 7290, 7239.25, 19.70031509]
[1526259600, 7265.57, 7299.99, 7285.91, 7293.78, 7.29542599]
[1526256000, 7221, 7307.47, 7299.3, 7287.2, 34.60048274]
[1526252400, 7274.41, 7348.99, 7348.48, 7299.3, 32.81254632]
[1526248800, 7277, 7349, 7277, 7348.49, 30.79656536]
[1526245200, 7277, 7349, 7337.01, 7277, 61.66541171]
[1526241600, 7265.01, 7340, 7268.02, 7337, 59.72330472]
[1526238000, 7245.5, 7277.33, 7266.07, 7268.02, 31.09746815]
[1526234400, 7219.4, 7273.53, 7223.12, 7266.07, 38.27271656]
[1526230800, 7209.07, 7310, 7292.83, 7223.13, 62.17838618]
[1526227200, 7253.55, 7319, 7265.02, 7292.83, 70.67952017]
[1526223600, 7230.43, 7281.14, 7280.28, 7265.02, 46.96779731]
[1526220000, 7201.62, 7281.96, 7205, 7281.15, 40.93700644]
[1526216400, 7146.73, 7237.87, 7224.18, 7205, 55.29855383]
[1526212800, 7209.02, 7252.52, 7209.03, 7230.61, 41.21204481]
[1526209200, 7209.01, 7252.06, 7209.02, 7209.03, 73.83110856]
[1526205600, 7188.64, 7230, 7229, 7209.02, 41.48801613]
[1526202000, 7083.09, 7243, 7090.48, 7229, 121.43193146]
[1526198400, 7086.41, 7138.4, 7127.6, 7091.4, 43.20601349]
[1526194800, 7090, 7136.9, 7115.21, 7127.59, 36.98272768]
[1526191200, 7040, 7163.22, 7045.03, 7115.37, 24.31568218]
[1526187600, 7016.38, 7074.32, 7020.01, 7045.03, 8.82789272]
[1526184000, 7020, 7097.99, 7090.01, 7020.01, 13.14882424]
[1526180400, 7065.95, 7103.13, 7076.02, 7090.01, 4.47355908]
[1526176800, 7041.01, 7096.15, 7096.15, 7081.3, 11.87512665]
[1526173200, 7048.99, 7104.83, 7048.99, 7096.15, 3.63143127]
[1526169600, 7048.64, 7142.39, 7092, 7049, 25.28614041]
[1526166000, 7083.4, 7155, 7111.97, 7092, 31.34941588]
[1526162400, 7038.66, 7154, 7080.96, 7110, 43.14016285]
[1526158800, 7017.3, 7088.4, 7081.86, 7076.48, 37.66065274]
[1526155200, 7081.85, 7154, 7137.47, 7081.85, 34.78789354]
[1526151600, 7011.1, 7138.98, 7033.12, 7137.47, 42.57081991]
[1526148000, 7014.61, 7048.26, 7044.42, 7033.13, 36.82704567]
[1526144400, 6965, 7044.42, 6971.44, 7044.42, 57.01047591]
[1526140800, 6936, 7035.38, 7003.7, 6971.44, 69.2234611]
[1526137200, 6943.82, 7135.89, 7135.89, 7003.7, 161.61847677]
[1526133600, 7122.4, 7214.01, 7214, 7135.89, 86.01196386]
[1526130000, 7211.06, 7273.02, 7273.01, 7214, 75.83120229]
[1526126400, 7173.46, 7298.14, 7173.47, 7267.77, 107.57394675]
[1526122800, 7157.99, 7212.99, 7185.01, 7173.47, 92.08107305]
[1526119200, 7112.77, 7197, 7161.89, 7185.01, 134.60859517]
[1526115600, 6890.44, 7180, 6923.5, 7162.28, 165.61626734]
[1526112000, 6910, 6998.03, 6998.03, 6923.5, 55.89312516]
[1526108400, 6920.7, 7000, 6965.7, 6998.03, 81.63070848]
[1526104800, 6873, 6978.95, 6966.49, 6960.11, 139.69764433]
[1526101200, 6950, 7051.36, 7051.36, 6966.49, 87.32655355]
[1526097600, 7045, 7079.98, 7058.82, 7051.36, 10.60535433]
[1526094000, 7020.11, 7090.14, 7081.01, 7056.16, 17.07391437]
[1526090400, 7055, 7090, 7079.01, 7081.01, 17.29132509]
[1526086800, 7055, 7084, 7078.74, 7079.01, 43.70086269]
[1526083200, 7055.02, 7084, 7055.02, 7078.91, 21.87419511]
[1526079600, 7055.01, 7093, 7075.01, 7055.02, 22.80646944]
[1526076000, 7055, 7095.25, 7055, 7075.01, 82.71555652]
[1526072400, 7014.5, 7081.7, 7073.01, 7055.01, 113.00570763]
[1526068800, 7055, 7247.09, 7223.89, 7075.01, 155.67271911]
[1526065200, 7220.02, 7275.96, 7240.01, 7223.96, 59.65238898]
[1526061600, 7190, 7246.99, 7221.99, 7240.01, 50.25504048]
[1526058000, 7198.29, 7253.99, 7245.5, 7222, 71.24210977]
[1526054400, 7182.71, 7285, 7196.98, 7245.5, 130.08745577]
[1526050800, 7183.71, 7263.35, 7256.75, 7196.98, 103.2860797]
[1526047200, 7149.99, 7274.35, 7156.51, 7250.34, 146.37240416]
[1526043600, 7134.2, 7222.38, 7148.99, 7158.2, 151.24170989]
[1526040000, 7110, 7237.01, 7237.01, 7149, 327.48327581]
[1526036400, 7234.56, 7329.28, 7303.99, 7242, 150.78646718]
[1526032800, 7295.01, 7364.22, 7330.92, 7303, 112.33372644]
[1526029200, 7260.79, 7388.74, 7388.74, 7330.92, 180.63605482]
[1526025600, 7342.13, 7417.9, 7353.83, 7389.84, 175.11755125]
[1526022000, 7301, 7441.8, 7424.17, 7356.9, 311.92769174]
[1526018400, 7420, 7576.46, 7576.3, 7424.93, 128.36094093]
[1526014800, 7527.78, 7583.46, 7530, 7575.02, 29.82814978]
[1526011200, 7498.78, 7542.97, 7504.97, 7530.01, 46.84743882]
[1526007600, 7487.7, 7515, 7487.7, 7503.07, 22.26575939]
[1526004000, 7487.69, 7520.76, 7501, 7487.69, 8.94871372]
[1526000400, 7487.69, 7531.15, 7519, 7500.99, 44.29131641]
[1525996800, 7438.35, 7589.31, 7585.03, 7517.62, 177.25204792]
[1525993200, 7560.64, 7645, 7639.01, 7587.65, 85.29836903]
[1525989600, 7610.41, 7655.25, 7655.01, 7639.01, 43.84397831]
[1525986000, 7635.29, 7669.02, 7650, 7655.01, 29.8194855]
[1525982400, 7608.01, 7656.47, 7645.57, 7650, 74.31420364]
[1525978800, 7642.27, 7672.1, 7669.56, 7645.57, 46.4549494]
[1525975200, 7645, 7693.11, 7690.01, 7669.56, 99.25514331]
[1525971600, 7650, 7866.59, 7865.97, 7690, 251.51266057]
[1525968000, 7854.03, 7877, 7862.79, 7855.7, 32.83429487]
[1525964400, 7851.24, 7880.01, 7868.01, 7852, 39.7467216]
[1525960800, 7864.22, 7883.27, 7883.26, 7868.01, 50.78558702]
[1525957200, 7844, 7885, 7855, 7883.26, 49.14899927]
[1525953600, 7855, 7883, 7871, 7855, 51.00900592]
[1525950000, 7863, 7914, 7891.77, 7871.01, 43.1072247]
[1525946400, 7862.35, 7901.5, 7877.67, 7891.78, 59.45952584]
[1525942800, 7867.8, 7896, 7894.68, 7877.68, 39.21249486]
[1525939200, 7887.54, 7919.9, 7900.52, 7894.6, 45.89837574]
[1525935600, 7826.5, 7920, 7826.5, 7901.07, 79.63378798]
[1525932000, 7807.22, 7880, 7843.02, 7826.5, 47.73574078]
[1525928400, 7842.6, 7889, 7859.4, 7847.17, 18.66380844]
[1525921200, 7859.4, 7861.22, 7861.22, 7859.4, 2.6728556]
[1525917600, 7840, 7861.22, 7853, 7861.21, 3.26876549]
[1525914000, 7843.97, 7873.41, 7859.64, 7843.97, 2.18645419]
[1525910400, 7847.53, 7882, 7847.53, 7859.63, 15.93793619]
[1525906800, 7820.1, 7854.91, 7854.91, 7847.53, 11.06990312]
[1525903200, 7820.11, 7860, 7820.11, 7854.91, 17.09263597]
[1525899600, 7797, 7824.19, 7806.74, 7820.12, 32.55756955]
[1525896000, 7802.84, 7862.07, 7836.02, 7807.5, 37.57323947]
[1525892400, 7801.34, 7853.91, 7822, 7836.01, 60.95287103]
[1525888800, 7820, 7890, 7857.94, 7821.83, 64.95805485]
[1525885200, 7850, 7900, 7869.01, 7857.94, 101.0069611]
[1525881600, 7849.5, 7870, 7849.51, 7869.01, 40.89332346]
[1525878000, 7839.99, 7859.89, 7840, 7849.51, 47.75595627]
[1525874400, 7813.19, 7840, 7816.41, 7839.99, 37.86833436]
[1525870800, 7804.49, 7845.3, 7809.89, 7816.42, 89.43885011]
[1525867200, 7773.89, 7857.83, 7773.89, 7809.9, 161.09586281]
[1525863600, 7738, 7776.5, 7741.02, 7771, 91.73615537]
[1525860000, 7663.4, 7748, 7689.29, 7741.02, 73.41555812]
[1525856400, 7660.5, 7699.59, 7685.45, 7689.5, 42.52664811]
[1525852800, 7626.3, 7704, 7640, 7684.96, 78.98493194]
[1525849200, 7640, 7686.96, 7683.09, 7640.01, 64.02547766]
[1525845600, 7645, 7686.96, 7652, 7683.09, 58.03166083]
[1525842000, 7618.04, 7660, 7656.45, 7651.99, 41.16702065]
[1525838400, 7580, 7660, 7637.93, 7658.86, 92.54588451]
[1525834800, 7610, 7668.65, 7668.65, 7637.94, 67.85620543]
[1525831200, 7659.47, 7733.72, 7733.72, 7668.99, 12.74621874]
[1525827600, 7709.1, 7741.47, 7709.1, 7734.94, 10.04059644]
[1525824000, 7694.59, 7752.99, 7741.93, 7709.1, 22.96340544]
[1525820400, 7741.6, 7790, 7769.25, 7743.4, 17.38818093]
[1525816800, 7753, 7789, 7753.01, 7768.91, 29.85776105]
[1525813200, 7723.3, 7783.95, 7723.3, 7753.01, 53.40352846]
[1525809600, 7723.28, 7802.64, 7801.02, 7723.31, 51.05531505]
[1525806000, 7766.1, 7805, 7773.95, 7802, 63.54656069]
[1525802400, 7652, 7794, 7701.01, 7773.95, 139.78423912]
[1525798800, 7679.99, 7715, 7680, 7701, 39.52827605]
[1525795200, 7670, 7750.47, 7750.47, 7680, 67.61662896]
[1525791600, 7698.2, 7758.2, 7717.87, 7758.2, 51.34613832]
[1525788000, 7700, 7749, 7709.53, 7717.87, 63.89728195]
[1525784400, 7684.1, 7747.24, 7701.01, 7710.05, 142.73642291]
[1525780800, 7651.05, 7770, 7770, 7701, 175.22043097]
[1525777200, 7755.01, 7844.01, 7844.01, 7770, 105.25959524]
[1525773600, 7835, 7874.81, 7846.91, 7844.01, 65.27379595]
[1525770000, 7810, 7921.11, 7921.11, 7846.39, 104.65300583]
[1525766400, 7879.01, 7923.1, 7879.51, 7921.11, 64.75945897]
