[1522166400, 6519.1, 6565.42, 6525.04, 6562.02, 86.80918724]
[1522162800, 6511.05, 6579.66, 6523.52, 6520, 111.82585972]
[1522159200, 6479.17, 6572.84, 6544.11, 6523.53, 113.17651847]
[1522155600, 6425, 6574, 6436.77, 6544.11, 120.28588728]
[1522152000, 6415.16, 6472, 6446.93, 6436.77, 82.90200608]
[1522148400, 6389.1, 6488.38, 6468.63, 6446.94, 96.10449728]
[1522144800, 6406.27, 6543.99, 6408.87, 6468.62, 126.14768445]
[1522141200, 6382.03, 6447.4, 6422.37, 6408.88, 60.5161637]
[1522137600, 6339, 6482.62, 6418.95, 6422.37, 131.25824668]
[1522134000, 6360, 6440, 6432.69, 6418.95, 130.00824085]
[1522130400, 6353.86, 6492.39, 6386.2, 6432.69, 115.6082612]
[1522126800, 6255, 6411.54, 6260.01, 6386.2, 116.71738638]
[1522123200, 6255, 6362, 6334.25, 6260.02, 90.30727251]
[1522119600, 6310, 6365, 6327.69, 6332.37, 41.17925023]
[1522116000, 6310, 6468.29, 6449.91, 6327.69, 87.2661996]
[1522112400, 6441.05, 6609.41, 6599.99, 6450, 72.11416378]
[1522108800, 6546.98, 6612.45, 6546.99, 6600, 25.98097776]
[1522105200, 6547.53, 6659, 6587, 6547.53, 81.88257185]
[1522101600, 6346.09, 6648, 6359.97, 6587, 394.28279221]
[1522098000, 6335.88, 6387.76, 6359.95, 6359.98, 93.37606549]
[1522094400, 6322, 6397.24, 6379.12, 6359.96, 91.87910234]
[1522090800, 6330.86, 6424.79, 6362.81, 6379.12, 150.88855892]
[1522087200, 6350.05, 6417.32, 6372.02, 6363.01, 168.06150058]
[1522083600, 6333, 6519, 6518.99, 6374.98, 388.35788681]
[1522080000, 6504.82, 6528.4, 6526.49, 6518.99, 66.15595805]
[1522076400, 6513.83, 6556.28, 6530.07, 6526.59, 94.12569789]
[1522072800, 6500.01, 6560.01, 6560.01, 6530.21, 173.28120053]
[1522069200, 6550, 6605.7, 6568.45, 6560.01, 122.78425924]
[1522065600, 6501.55, 6622.23, 6570.21, 6568.45, 280.02202626]
[1522062000, 6520, 6654.97, 6650.99, 6563.23, 333.80568276]
[1522058400, 6651, 6742.59, 6722.69, 6651, 138.72463175]
[1522054800, 6695.15, 6807.01, 6807.01, 6722.69, 204.38529382]
[1522051200, 6806.26, 6848.7, 6834.01, 6807, 79.10264777]
[1522047600, 6805.71, 6875.23, 6875.23, 6834, 91.86741105]
[1522044000, 6859.99, 6883.69, 6883.69, 6875.22, 29.29443713]
[1522040400, 6846.47, 6884.77, 6846.48, 6883.68, 20.86777234]
[1522036800, 6830.37, 6880.18, 6834.01, 6849.12, 30.01756098]
[1522033200, 6834, 6868.88, 6837.27, 6834.01, 24.95174616]
[1522029600, 6834, 6855.32, 6846.53, 6838.96, 23.18850528]
[1522026000, 6830.37, 6855.51, 6830.37, 6846.53, 28.33841974]
[1522022400, 6830.37, 6916.54, 6871.12, 6830.38, 46.71773129]
[1522018800, 6836.21, 6888, 6878.34, 6873.12, 71.44376153]
[1522015200, 6854, 7026.37, 7007, 6878.34, 129.37478509]
[1522011600, 6982.43, 7017.7, 6990.88, 7006.94, 67.08829546]
[1522008000, 6935.01, 7025.44, 7025.44, 6990.88, 53.49618761]
[1522004400, 6968.86, 7061.75, 7028.25, 7025.44, 70.44715937]
[1522000800, 6941, 7051.31, 6941, 7028.25, 86.34020706]
[1521997200, 6900, 6972.5, 6965.01, 6938.1, 60.52777766]
[1521993600, 6912.93, 6969, 6912.94, 6965.01, 39.91636746]
[1521990000, 6909.52, 6969.9, 6969.6, 6912.95, 76.73373691]
[1521986400, 6934.4, 7004.7, 6960.01, 6969.6, 76.67548204]
[1521982800, 6900, 6969.34, 6918.39, 6960.01, 40.03015988]
[1521979200, 6850, 6949.19, 6859.11, 6918.39, 52.41330386]
[1521975600, 6838.41, 6905.93, 6905.93, 6854.51, 82.38250839]
[1521972000, 6886, 6930.6, 6928.81, 6905.92, 61.33727947]
[1521968400, 6909, 6949.9, 6949.89, 6928.82, 27.67367532]
[1521964800, 6899.99, 6969.97, 6899.99, 6951.4, 44.18570063]
[1521961200, 6851, 6932.24, 6932.19, 6900, 103.25854521]
[1521957600, 6925, 6966.54, 6945.01, 6932.19, 14.93854097]
[1521954000, 6945, 6977.82, 6945.5, 6945, 22.77222369]
[1521950400, 6922.55, 6947, 6940.19, 6945.49, 7.60681695]
[1521946800, 6905.31, 6958.99, 6905.32, 6940.19, 19.60749029]
[1521943200, 6905.31, 6973, 6940.45, 6905.32, 36.87284031]
[1521939600, 6920.52, 6997.68, 6960, 6940.45, 69.57363378]
[1521936000, 6907.01, 6960, 6929, 6960, 46.45756261]
[1521932400, 6907.01, 7035.36, 7000.31, 6929.01, 105.55978323]
[1521928800, 6982.38, 7082.59, 7054.99, 7000.31, 201.63645078]
[1521925200, 7035.01, 7227.59, 7227.59, 7055, 259.36190885]
[1521921600, 7207.72, 7234.8, 7213.44, 7227.59, 44.98347037]
[1521918000, 7213.43, 7228.68, 7228.68, 7213.44, 25.09689022]
[1521914400, 7184, 7228.68, 7189.96, 7228.68, 41.03017142]
[1521910800, 7177, 7220, 7220, 7189.97, 56.56553771]
[1521907200, 7207, 7248.78, 7240, 7220, 36.65288033]
[1521903600, 7212, 7245, 7243.11, 7239.99, 63.65164353]
[1521900000, 7160, 7250, 7165, 7243.11, 91.37320649]
[1521896400, 7139.7, 7185, 7166.97, 7165, 40.74706032]
[1521892800, 7050.01, 7193.99, 7080, 7166.98, 92.74345999]
[1521889200, 7079.99, 7116.62, 7110.22, 7080.01, 43.8170937]
[1521885600, 7066.2, 7219.25, 7219.24, 7110.22, 190.0411751]
[1521882000, 7207, 7224, 7207.71, 7219.25, 33.99760926]
[1521878400, 7200.11, 7231, 7226, 7208.03, 47.88112398]
[1521874800, 7199.5, 7249.99, 7199.5, 7225.99, 51.266361]
[1521871200, 7170, 7206.1, 7170.3, 7199.49, 28.32698577]
[1521867600, 7158.45, 7257.5, 7236.16, 7170.95, 35.36073935]
[1521864000, 7183.95, 7250, 7183.99, 7236.15, 21.18088262]
[1521860400, 7158.33, 7212.01, 7195, 7184, 28.44537015]
[1521856800, 7139.65, 7205.43, 7139.65, 7187, 46.18381271]
[1521853200, 7138.01, 7222.52, 7222.51, 7139.65, 61.92288944]
[1521849600, 7178.74, 7267.91, 7200, 7222.52, 158.63249958]
[1521846000, 7006.46, 7200, 7006.46, 7200, 198.01947812]
[1521842400, 6997.28, 7044, 7000, 7006.47, 79.28784757]
[1521838800, 6978, 7000, 6978.55, 7000, 35.18481112]
[1521835200, 6943.91, 6984.08, 6984.08, 6978.56, 52.80380149]
[1521831600, 6955.2, 6995.99, 6984.37, 6984.09, 38.85367168]
[1521828000, 6926.12, 7070.99, 6996.3, 6984.36, 188.09102643]
[1521824400, 6975.57, 7014.56, 6988.72, 6996.3, 58.42621259]
[1521820800, 6957.7, 7019.99, 6997.84, 6992.16, 76.23279935]
[1521817200, 6951.47, 7059, 6956, 6995.43, 181.86112595]
[1521813600, 6786.09, 7000, 6788.99, 6956, 252.45364908]
[1521810000, 6732.98, 6795.18, 6756.53, 6788.99, 113.29911137]
[1521806400, 6735.5, 6910.32, 6909.83, 6767.7, 216.42984117]
[1521802800, 6870.42, 6917.86, 6886.32, 6909.88, 55.44788786]
[1521799200, 6859.18, 6910.64, 6900, 6886.33, 52.92243991]
[1521795600, 6887.03, 6922, 6905.89, 6900, 59.2162969]
[1521792000, 6840.01, 6935, 6840.01, 6905.9, 106.73019657]
[1521788400, 6814, 6850, 6814.01, 6840.02, 71.80134024]
[1521784800, 6801.99, 6871.35, 6824.83, 6814.01, 47.95135586]
[1521781200, 6800, 6839.46, 6835.9, 6824.83, 45.66136952]
[1521777600, 6818.44, 6870, 6825.9, 6836.86, 48.4104491]
[1521774000, 6800, 6849.03, 6839.87, 6825.9, 68.76513107]
[1521770400, 6820, 6992.94, 6992.94, 6831.51, 143.46500827]
[1521766800, 6934.56, 7021.31, 7021.3, 6992.94, 84.18914591]
[1521763200, 7021.29, 7073, 7066.82, 7021.29, 23.76563053]
[1521759600, 7049.51, 7122.96, 7064.52, 7066.82, 86.39265079]
[1521756000, 7004.99, 7069, 7005, 7063.74, 74.60467173]
[1521752400, 6933, 7026.93, 6994.79, 7005, 96.03234629]
[1521748800, 6962, 7003.93, 7000.21, 6994.8, 71.89585084]
[1521745200, 6977.39, 7056.94, 7049.98, 7000.21, 66.76759883]
[1521741600, 7019.99, 7081.99, 7062.42, 7049.98, 87.93429722]
[1521738000, 6955.4, 7062.42, 6990, 7062.42, 97.89210904]
[1521734400, 6970, 7066.84, 6992.99, 6990, 177.47643469]
[1521730800, 6890.83, 6999, 6890.84, 6993, 192.32825571]
[1521727200, 6885.4, 6999.99, 6976.01, 6890.91, 231.36597968]
[1521723600, 6922.15, 7082.52, 7082.52, 6976, 192.06210544]
[1521720000, 7034.46, 7109, 7034.46, 7080.01, 135.52874005]
[1521716400, 7011, 7110.02, 7110.02, 7034.49, 151.31609842]
[1521712800, 7023.15, 7129.66, 7129.66, 7110.02, 218.50305012]
[1521709200, 7046.61, 7310, 7270, 7129.65, 326.62643615]
[1521705600, 7259.79, 7288.99, 7269.7, 7270, 44.22565918]
[1521702000, 7218.99, 7320.26, 7320.26, 7269.71, 79.44243233]
[1521698400, 7299.98, 7322, 7299.99, 7320.26, 24.9744432]
[1521694800, 7288.16, 7323.97, 7297.97, 7299.98, 15.91590779]
[1521691200, 7263.47, 7297.97, 7288.55, 7297.97, 7.92493424]
[1521687600, 7286.05, 7340.9, 7317.8, 7288.55, 14.0334858]
[1521684000, 7317.66, 7336.11, 7318.35, 7317.81, 7.22900362]
[1521680400, 7268.99, 7339, 7314.03, 7318.34, 24.04930437]
[1521676800, 7200, 7314.03, 7216.46, 7314.03, 57.16179078]
[1521673200, 7130, 7231.31, 7165, 7216.46, 86.6521708]
[1521669600, 7165, 7235.05, 7233.06, 7165, 70.4593192]
[1521666000, 7203.3, 7262, 7218, 7233.06, 81.19774368]
[1521662400, 7180, 7230, 7218.48, 7218.01, 97.82863326]
[1521658800, 7210.99, 7283.69, 7222.01, 7221.08, 65.96199259]
[1521655200, 7177.03, 7290, 7245, 7222.01, 152.5880599]
[1521651600, 7150, 7275, 7234.84, 7245, 294.89728929]
[1521648000, 7121, 7422.58, 7422.58, 7234.85, 641.8886517]
[1521644400, 7404.99, 7479, 7404.99, 7422.58, 136.68232336]
[1521640800, 7370.99, 7430, 7371, 7404.98, 116.21192797]
[1521637200, 7365.11, 7434.02, 7393.99, 7371, 103.679225]
[1521633600, 7370, 7454.4, 7434.38, 7393.98, 132.76128554]
[1521630000, 7422.8, 7477.99, 7422.8, 7434.38, 102.36170659]
[1521626400, 7416, 7444, 7428.99, 7422.8, 64.33591165]
[1521622800, 7354.56, 7446, 7354.56, 7429, 93.36555983]
[1521619200, 7267.24, 7378.43, 7300, 7353.29, 123.78414205]
[1521615600, 7265, 7431.75, 7416.04, 7300, 190.70759543]
[1521612000, 7358.44, 7444.02, 7401.87, 7416.07, 85.47063013]
[1521608400, 7396.8, 7460, 7439.85, 7401.87, 74.00195315]
[1521604800, 7365.03, 7450, 7365.03, 7439.85, 65.13777457]
[1521601200, 7314.02, 7373.8, 7337.38, 7365.03, 31.16501421]
[1521597600, 7330, 7350, 7332.34, 7337.37, 24.00793637]
[1521594000, 7314.99, 7335, 7315.49, 7332.34, 31.05509031]
[1521590400, 7270.12, 7317.6, 7289.99, 7315.5, 39.02540319]
[1521586800, 7230.2, 7305.82, 7305.81, 7290, 109.52073158]
[1521583200, 7289.7, 7382.26, 7374.95, 7305.82, 164.8738864]
[1521579600, 7251, 7380, 7282.01, 7374.95, 174.29379529]
[1521576000, 7220, 7430, 7331.49, 7282.01, 530.85774188]
[1521572400, 7219.42, 7335.89, 7219.43, 7331.49, 219.844259]
[1521568800, 7204, 7257.97, 7252.26, 7219.43, 193.94739708]
[1521565200, 7181, 7254.33, 7229.99, 7252.26, 221.52060285]
[1521561600, 6953.99, 7230, 6953.99, 7229.99, 618.34535845]
[1521558000, 6936.99, 6990, 6937, 6953.99, 103.16234036]
[1521554400, 6886.01, 6945.99, 6921.86, 6936.99, 86.92291304]
[1521550800, 6910, 6993.1, 6970.01, 6920.8, 188.27518725]
[1521547200, 6902.39, 7015.4, 6931.17, 6970.01, 180.66425292]
[1521543600, 6862.37, 6950, 6888, 6931.17, 116.14068745]
[1521540000, 6854.42, 6900, 6854.42, 6887.99, 86.21196401]
[1521536400, 6739.61, 6896.41, 6810.51, 6854.42, 147.95680948]
[1521532800, 6720, 6841.14, 6833.86, 6810.5, 146.70500162]
[1521529200, 6810, 6900.01, 6900, 6833.87, 96.88510391]
[1521525600, 6859.52, 6920, 6885.32, 6900, 28.63496391]
[1521522000, 6807.2, 6887.38, 6855, 6887.29, 47.72350491]
[1521518400, 6853.02, 6941.8, 6935.56, 6854.99, 38.82324618]
[1521514800, 6915.15, 6989.76, 6939.99, 6945.99, 37.78374364]
[1521511200, 6840.07, 6956.88, 6841.41, 6940, 25.59377943]
[1521507600, 6819.94, 6904.74, 6880, 6840.06, 31.08735764]
[1521504000, 6836.37, 6955.38, 6955.37, 6880, 85.70539884]
[1521500400, 6878, 6975, 6910.01, 6955.38, 95.07868563]
[1521496800, 6800, 6966.07, 6808.15, 6909.61, 197.46468167]
[1521493200, 6800, 6876.41, 6830.77, 6810, 100.71248841]
[1521489600, 6778.22, 6917.07, 6796.22, 6828.74, 236.28502199]
[1521486000, 6746.49, 6858, 6746.5, 6796.22, 173.79020603]
[1521482400, 6735.39, 6820, 6753.69, 6746.5, 214.39428124]
[1521478800, 6655.03, 6824.01, 6824, 6754.19, 442.52720268]
[1521475200, 6824, 7015.41, 6959.5, 6824, 239.27242322]
[1521471600, 6936.06, 6995.67, 6979.07, 6959.5, 194.72808554]
[1521468000, 6931.3, 7110, 6931.3, 6979.07, 561.32776614]
[1521464400, 6720, 6999.99, 6744.39, 6931.29, 413.3961457]
[1521460800, 6713.03, 6807.39, 6807.38, 6744.39, 117.19389541]
[1521457200, 6683.95, 6825, 6690.38, 6807.39, 154.12268643]
[1521453600, 6600.08, 6701, 6700, 6690.1, 196.80774106]
[1521450000, 6647.56, 6826.4, 6815.01, 6700, 235.65120576]
[1521446400, 6781.99, 6891, 6782, 6815.01, 203.28030895]
