[1524326400, 7127.82, 7231, 7189.21, 7148.47, 71.6559262]
[1524322800, 7126, 7214.73, 7139.8, 7189.21, 114.78680046]
[1524319200, 7137, 7145, 7137.04, 7139.81, 33.23792175]
[1524315600, 7110, 7141.8, 7131.99, 7137.04, 54.48614543]
[1524312000, 7068.99, 7132, 7069, 7132, 76.89148218]
[1524308400, 7003.18, 7087.43, 7087.43, 7069, 128.49172771]
[1524304800, 7059.13, 7134.38, 7081.21, 7087.42, 129.22254617]
[1524301200, 7007.43, 7208.11, 7186.81, 7081.2, 216.6408993]
[1524297600, 7102.62, 7273.16, 7273.16, 7187.01, 316.00817352]
[1524294000, 7254.41, 7397.45, 7334, 7273.12, 234.42283771]
[1524290400, 7261.89, 7338.18, 7264.95, 7334.01, 145.30446531]
[1524286800, 7221.68, 7264.19, 7221.69, 7263.31, 47.03652929]
[1524283200, 7215, 7244.18, 7235.01, 7221.7, 22.04205936]
[1524279600, 7220.09, 7268, 7220.09, 7235, 27.28504453]
[1524276000, 7188.75, 7220.09, 7188.75, 7220.09, 13.54529219]
[1524272400, 7173, 7190, 7189.23, 7188.75, 21.11087042]
[1524268800, 7187.01, 7249.5, 7249.5, 7187.02, 55.37947233]
[1524265200, 7162.9, 7299, 7200.1, 7249.49, 189.2912743]
[1524261600, 6934, 7289, 6934, 7200.2, 550.9694221]
[1524258000, 6934, 6935, 6934, 6934, 49.97463251]
[1524254400, 6924, 6934.01, 6930.04, 6934, 45.69552131]
[1524250800, 6922, 6930.04, 6922.5, 6930.04, 49.06808656]
[1524247200, 6909.1, 6935, 6920, 6922.5, 64.49348039]
[1524243600, 6915.03, 6931.31, 6929.38, 6920.01, 81.8526882]
[1524240000, 6851.33, 6930, 6905.08, 6929.39, 135.11245996]
[1524236400, 6892.29, 6936.99, 6936.39, 6905.08, 88.02140935]
[1524232800, 6926.63, 6946.9, 6939, 6936.56, 90.28613533]
[1524229200, 6912.51, 6950.2, 6935, 6939, 135.90552807]
[1524225600, 6930, 6962.4, 6937.33, 6935, 183.43760205]
[1524222000, 6883.75, 6937.33, 6914, 6937.33, 227.8277629]
[1524218400, 6765, 6968, 6769.39, 6915.21, 468.76701672]
[1524214800, 6756.01, 6771.07, 6768.99, 6769.39, 73.30303955]
[1524211200, 6759, 6771.07, 6771.07, 6768.99, 101.51145822]
[1524207600, 6734.39, 6787.11, 6754.82, 6771.07, 122.25752593]
[1524204000, 6720.01, 6755, 6720.02, 6754.81, 72.24127878]
[1524200400, 6685, 6737.39, 6722.45, 6720.01, 49.49600518]
[1524196800, 6705, 6762.52, 6760.33, 6722.46, 39.1568759]
[1524193200, 6754.98, 6774.26, 6760.21, 6760.33, 18.90022454]
[1524189600, 6746.5, 6797.8, 6774.64, 6757.12, 47.66947006]
[1524186000, 6745.5, 6780, 6766.26, 6774.65, 18.28523522]
[1524182400, 6717, 6780, 6717.02, 6769, 75.83843553]
[1524178800, 6695, 6717.01, 6697.91, 6717.01, 27.00408358]
[1524175200, 6697.05, 6705, 6697.06, 6697.9, 50.45165386]
[1524171600, 6674.01, 6705, 6680.01, 6697.06, 41.53284619]
[1524168000, 6660, 6704.92, 6704.92, 6680, 145.59165141]
[1524164400, 6704, 6720, 6720, 6704.92, 52.56191822]
[1524160800, 6702, 6729, 6712.25, 6720, 64.90234534]
[1524157200, 6682.01, 6738.81, 6690.53, 6705.5, 164.42870235]
[1524153600, 6681.08, 6735.83, 6681.5, 6690.53, 120.03874656]
[1524150000, 6660, 6681.5, 6668.79, 6681.5, 40.88765971]
[1524146400, 6620.37, 6694, 6662.99, 6668.8, 118.47891445]
[1524142800, 6660.66, 6682.99, 6672.78, 6662.99, 96.18733055]
[1524139200, 6633.02, 6674.43, 6656, 6672.78, 48.19544205]
[1524135600, 6655, 6680.74, 6669.41, 6656.01, 82.48483076]
[1524132000, 6660.06, 6684, 6667.1, 6669.41, 82.4116393]
[1524128400, 6601.01, 6683.21, 6626.01, 6669.02, 159.632717]
[1524124800, 6606.99, 6684.39, 6607, 6626.01, 86.08315953]
[1524121200, 6550, 6659.49, 6623.75, 6607, 134.63641888]
[1524117600, 6616.9, 6659.58, 6622.5, 6623.75, 65.31406626]
[1524114000, 6616.42, 6622.5, 6617.46, 6622.5, 24.50563734]
[1524110400, 6600.41, 6626.44, 6626.44, 6622.5, 11.62616681]
[1524106800, 6604.4, 6636.47, 6632.07, 6626.44, 18.39064573]
[1524103200, 6601.04, 6700, 6627.55, 6632.07, 49.55242793]
[1524099600, 6583.12, 6627.55, 6601.46, 6627.55, 12.05705673]
[1524096000, 6568.91, 6610.26, 6607.49, 6601.47, 24.58461274]
[1524092400, 6605, 6619.92, 6609.16, 6607.49, 14.56078739]
[1524088800, 6581.7, 6641.6, 6634.73, 6609.16, 99.52000314]
[1524085200, 6612.81, 6634.76, 6629.59, 6634.73, 38.21038803]
[1524081600, 6566.05, 6681.04, 6568.7, 6629.6, 219.25971911]
[1524078000, 6564, 6577.01, 6564.01, 6568.71, 39.53927737]
[1524074400, 6548.25, 6570, 6548.25, 6564.01, 36.89158983]
[1524070800, 6541.29, 6570.01, 6570, 6547.99, 40.96630924]
[1524067200, 6487, 6593, 6487.01, 6570, 118.29190455]
[1524063600, 6445, 6495.03, 6451.1, 6487, 98.06678378]
[1524060000, 6451.39, 6565.02, 6551.01, 6451.39, 217.44717894]
[1524056400, 6543.57, 6570, 6550.31, 6551, 37.12303224]
[1524052800, 6547.51, 6570, 6564.58, 6550.31, 54.65358289]
[1524049200, 6534.67, 6568.01, 6568.01, 6564.58, 54.17342707]
[1524045600, 6560, 6570, 6564.99, 6568, 54.00964747]
[1524042000, 6552.56, 6566.44, 6556.01, 6564.99, 48.94680308]
[1524038400, 6540.43, 6581.62, 6577.28, 6556.01, 77.02056231]
[1524034800, 6557.82, 6589.97, 6557.82, 6577.28, 75.93496065]
[1524031200, 6383.52, 6594.99, 6422.99, 6557.82, 197.18429364]
[1524027600, 6408.46, 6425, 6413.8, 6422.98, 13.98032392]
[1524024000, 6407.66, 6425.77, 6410, 6414.51, 21.57492799]
[1524020400, 6408.78, 6423.67, 6412.03, 6410, 30.9306944]
[1524016800, 6405, 6434.04, 6428.99, 6412.02, 17.81041911]
[1524013200, 6413.58, 6433.71, 6413.59, 6429, 11.54058379]
[1524009600, 6386.97, 6415, 6397.24, 6413.97, 11.50184243]
[1524006000, 6378.56, 6414, 6412.36, 6397.24, 22.03481942]
[1524002400, 6381.76, 6418.01, 6418.01, 6412.35, 54.69330456]
[1523998800, 6401.04, 6425.49, 6417, 6418.01, 59.28973111]
[1523995200, 6350, 6427.72, 6400.5, 6416.99, 123.098351]
[1523991600, 6340.7, 6449.08, 6440.16, 6400.5, 234.63725529]
[1523988000, 6417.46, 6575.01, 6575.01, 6449.99, 179.28694447]
[1523984400, 6563.2, 6589.49, 6583.76, 6575.01, 55.38398729]
[1523980800, 6571, 6590, 6572.61, 6583.77, 49.27995696]
[1523977200, 6572, 6593.97, 6586.8, 6572.61, 50.17963689]
[1523973600, 6571, 6595, 6580.01, 6588.83, 47.39750262]
[1523970000, 6555, 6590, 6580.88, 6580.01, 67.96017225]
[1523966400, 6573.94, 6619.8, 6573.94, 6581.05, 144.1681264]
[1523962800, 6564, 6574.94, 6564, 6573.94, 54.29055865]
[1523959200, 6550, 6605.09, 6601.04, 6564, 100.52807752]
[1523955600, 6577.55, 6617.66, 6597.76, 6604.19, 93.85688592]
[1523952000, 6568.13, 6599, 6568.14, 6597.77, 79.13547018]
[1523948400, 6480.1, 6598.4, 6480.1, 6568.14, 132.67925277]
[1523944800, 6460, 6497, 6460, 6481.37, 45.30043985]
[1523941200, 6460, 6494, 6484.99, 6460.01, 23.87434766]
[1523937600, 6467.01, 6507.26, 6495.99, 6484.99, 11.26567583]
[1523934000, 6484, 6511.05, 6506.68, 6495.99, 14.67775206]
[1523930400, 6460.94, 6520.4, 6495.03, 6506.68, 24.26160141]
[1523926800, 6495.02, 6519.46, 6501.68, 6495.02, 8.48391185]
[1523923200, 6496.01, 6525, 6515, 6501.68, 16.63370327]
[1523919600, 6484.81, 6536.66, 6484.81, 6514.99, 47.42168218]
[1523916000, 6460.91, 6494.39, 6485.37, 6484.81, 22.95020501]
[1523912400, 6465.01, 6496.04, 6472.87, 6485.36, 41.84766802]
[1523908800, 6445, 6472.87, 6454.37, 6472.86, 59.88640272]
[1523905200, 6454.37, 6517.35, 6500.88, 6454.37, 85.06143136]
[1523901600, 6500.02, 6518.77, 6513.25, 6500.87, 90.84284924]
[1523898000, 6460.19, 6522, 6460.2, 6513.24, 105.55679916]
[1523894400, 6430, 6465.92, 6464.71, 6460.19, 71.24496063]
[1523890800, 6458.86, 6481.95, 6469.8, 6468.34, 61.62265867]
[1523887200, 6419.99, 6476.9, 6449.98, 6469.72, 100.67860252]
[1523883600, 6400, 6461.93, 6449.99, 6449.98, 130.99566853]
[1523880000, 6420, 6562.9, 6559.71, 6449.99, 207.00813071]
[1523876400, 6428.32, 6573, 6555.26, 6559.72, 176.18773531]
[1523872800, 6544.69, 6619.48, 6580.01, 6555.27, 93.80126394]
[1523869200, 6552, 6600.6, 6600, 6580.01, 100.22698203]
[1523865600, 6575, 6600, 6585, 6600, 77.48179474]
[1523862000, 6557.7, 6606.78, 6574.7, 6585.01, 99.39067995]
[1523858400, 6520, 6587.16, 6540, 6574.69, 82.63463059]
[1523854800, 6480, 6610.01, 6610.01, 6540.01, 144.53517339]
[1523851200, 6601, 6621.67, 6621.67, 6610.01, 19.39222624]
[1523847600, 6599.45, 6626.47, 6607.29, 6620.74, 27.52241433]
[1523844000, 6560.03, 6769.9, 6763, 6610.1, 205.94093553]
[1523840400, 6763, 6814.3, 6787.16, 6763, 37.6667335]
[1523836800, 6772.3, 6818.59, 6780.05, 6787.16, 35.21203598]
[1523833200, 6745.99, 6780.06, 6759, 6780.06, 66.8703027]
[1523829600, 6712.5, 6770, 6719.98, 6758.99, 114.53980974]
[1523826000, 6711.99, 6720, 6720, 6719.99, 30.20453674]
[1523822400, 6675, 6779.97, 6774.99, 6720, 170.32056901]
[1523818800, 6755.12, 6780.13, 6780.13, 6775, 43.48031771]
[1523815200, 6745.47, 6786.55, 6759.01, 6780.13, 40.42527625]
[1523811600, 6735.25, 6760.01, 6745.17, 6759.01, 35.07947522]
[1523808000, 6734.99, 6778.43, 6735, 6745.17, 93.47630759]
[1523804400, 6712.94, 6771.99, 6771.99, 6734.99, 83.79568228]
[1523800800, 6770, 6819.72, 6799.07, 6771.98, 87.86397357]
[1523797200, 6787, 6807.41, 6800, 6794.12, 104.25395853]
[1523793600, 6777.39, 6804.72, 6790.23, 6800, 106.25121201]
[1523790000, 6616.48, 6838.35, 6616.49, 6790.23, 495.95530805]
[1523786400, 6610, 6636.17, 6610, 6616.48, 61.43704055]
[1523782800, 6589, 6617.99, 6604.25, 6610, 50.68610195]
[1523779200, 6583.39, 6625, 6583.4, 6604.25, 73.67287721]
[1523775600, 6577.99, 6590, 6589, 6583.39, 18.08682944]
[1523772000, 6583.32, 6595.64, 6591.59, 6588.99, 16.54676389]
[1523768400, 6563.14, 6595, 6576.73, 6591.59, 21.55184232]
[1523764800, 6564.73, 6594.1, 6564.73, 6576.74, 8.41957781]
[1523761200, 6562.18, 6575.88, 6575.88, 6564.73, 10.77112792]
[1523757600, 6562.18, 6593.72, 6562.34, 6575.88, 23.76306496]
[1523754000, 6530.04, 6568.76, 6547.93, 6562.34, 12.07590749]
[1523750400, 6512.99, 6591.29, 6513, 6548.2, 52.42285317]
[1523746800, 6485, 6550.01, 6550, 6512.99, 51.27884135]
[1523743200, 6540, 6555, 6540.01, 6550.65, 22.34177064]
[1523739600, 6538.01, 6566.54, 6549.98, 6540.01, 42.90026702]
[1523736000, 6508.17, 6556.02, 6510.22, 6549.99, 57.10557029]
[1523732400, 6503.6, 6533.44, 6533.44, 6510.23, 37.83881794]
[1523728800, 6460, 6533.44, 6474.95, 6533.43, 51.3113969]
[1523725200, 6459.3, 6488.71, 6469.99, 6474.94, 38.64674437]
[1523721600, 6424.39, 6480.01, 6480.01, 6470, 51.78873086]
[1523718000, 6468.59, 6482.8, 6468.59, 6480.01, 30.94439969]
[1523714400, 6434.9, 6490, 6477.5, 6468.46, 50.94407268]
[1523710800, 6420, 6484.65, 6421.2, 6477.5, 47.92567326]
[1523707200, 6400.31, 6503.83, 6489.79, 6421.2, 79.63243868]
[1523703600, 6470, 6526.34, 6470.01, 6489.79, 58.82261543]
[1523700000, 6470, 6531.7, 6525.01, 6470.01, 78.23041221]
[1523696400, 6480, 6598.06, 6598.06, 6525.01, 99.28135765]
[1523692800, 6582.96, 6603, 6599, 6598.05, 77.6143193]
[1523689200, 6500, 6600, 6509, 6599, 88.78781372]
[1523685600, 6463.05, 6522.14, 6463.05, 6509, 42.09086328]
[1523682000, 6459.33, 6518, 6468, 6459.33, 19.17013483]
[1523678400, 6460, 6524.9, 6519.33, 6467.99, 20.36975931]
[1523674800, 6499.72, 6530.1, 6530.09, 6519.33, 14.990135]
[1523671200, 6488.23, 6541.22, 6534.2, 6530.09, 38.34693292]
[1523667600, 6425.31, 6535.02, 6427.09, 6534.19, 34.82584927]
[1523664000, 6354.48, 6427.7, 6385.02, 6427.09, 44.41238445]
[1523660400, 6361.08, 6494.81, 6394.45, 6370, 105.02206829]
[1523656800, 6318, 6394.48, 6373.65, 6394.45, 109.33244301]
[1523653200, 6348.43, 6417.46, 6389.68, 6373.66, 219.82720177]
[1523649600, 6353.07, 6574.8, 6561, 6380, 351.40799565]
[1523646000, 6550.4, 6584.81, 6577.39, 6561, 74.52624437]
[1523642400, 6568.1, 6601.06, 6601.06, 6577.39, 75.41055281]
[1523638800, 6549, 6621, 6606.96, 6601.06, 148.48780948]
[1523635200, 6553.92, 6623.06, 6623.06, 6606.96, 91.2426639]
[1523631600, 6566.36, 6623.06, 6595.01, 6623.05, 115.20077308]
[1523628000, 6529.1, 6610.01, 6589.14, 6595.01, 117.72843896]
[1523624400, 6526.15, 6687.86, 6673.44, 6589.13, 267.19662658]
[1523620800, 6585, 6695, 6595.36, 6673.45, 185.56531165]
[1523617200, 6560, 6621.05, 6571.8, 6595.4, 139.9408339]
[1523613600, 6501, 6582.84, 6580.67, 6571.81, 195.27303897]
[1523610000, 6575.12, 6645, 6637, 6580.67, 165.48462038]
[1523606400, 6564.81, 6707.19, 6620.2, 6634.3, 335.19618322]
