[1528646400, 6165, 6208.72, 6190.01, 6172.48, 30.88984345]
[1528642800, 6187, 6202.01, 6191.02, 6190.01, 22.04093028]
[1528639200, 6191, 6223.34, 6222.01, 6191.02, 26.02470028]
[1528635600, 6152.26, 6228.3, 6190.01, 6222.02, 48.74186701]
[1528632000, 6190, 6212.5, 6190.01, 6190, 36.14859052]
[1528628400, 6165.79, 6193.16, 6165.8, 6190.01, 24.96899055]
[1528624800, 6150, 6195.01, 6195.01, 6165.8, 59.28104557]
[1528621200, 6166.9, 6217.6, 6172.08, 6195.01, 71.71029712]
[1528617600, 6140, 6187.19, 6164.11, 6172.09, 81.44354629]
[1528614000, 6151, 6270.21, 6263.81, 6164.11, 131.74281719]
[1528610400, 6252.26, 6271.4, 6253.35, 6263.81, 57.85725329]
[1528606800, 6234.35, 6256.08, 6234.35, 6253.34, 16.12227498]
[1528603200, 6225.03, 6264.9, 6225.03, 6234.35, 14.72944962]
[1528599600, 6221.12, 6245.04, 6242.62, 6225.03, 9.88024043]
[1528596000, 6235.86, 6268.17, 6263.48, 6242.63, 10.08266715]
[1528592400, 6220, 6286, 6220.36, 6262.97, 34.55930682]
[1528588800, 6220.36, 6401.41, 6401.41, 6220.37, 166.1505863]
[1528585200, 6401.39, 6489.01, 6489.01, 6401.4, 98.07926144]
[1528581600, 6489, 6498.87, 6498.87, 6489, 7.80037609]
[1528578000, 6489.8, 6502.74, 6502.73, 6498.87, 13.26898655]
[1528574400, 6490.74, 6505.9, 6490.75, 6502.73, 9.45427115]
[1528570800, 6484.88, 6491.2, 6484.89, 6490.75, 15.14029038]
[1528567200, 6484.88, 6484.89, 6484.89, 6484.89, 7.08493409]
[1528563600, 6475, 6488.14, 6487.78, 6484.89, 18.28220135]
[1528560000, 6487.77, 6504.7, 6502.75, 6487.78, 18.94206972]
[1528556400, 6483, 6512.5, 6485.02, 6502.76, 12.50153866]
[1528552800, 6482.9, 6485.99, 6483.73, 6485.02, 12.63673224]
[1528549200, 6478.75, 6501.01, 6501, 6483.72, 26.08668044]
[1528545600, 6501, 6520.52, 6517.01, 6501.01, 33.8901251]
[1528542000, 6517, 6524.37, 6520, 6517.01, 15.2629803]
[1528538400, 6508.01, 6520, 6512.59, 6520, 11.38943634]
[1528534800, 6505, 6516.88, 6505.99, 6512.6, 15.52597882]
[1528531200, 6505.69, 6524.75, 6524.75, 6505.99, 17.6586424]
[1528527600, 6500.05, 6535, 6535, 6524.75, 34.23992956]
[1528524000, 6529.99, 6535, 6529.99, 6535, 7.77974063]
[1528520400, 6528.19, 6530, 6528.2, 6529.99, 3.86404685]
[1528516800, 6525.83, 6529.98, 6525.84, 6528.2, 1.43870966]
[1528513200, 6524.99, 6525.84, 6525, 6525.84, 3.78014627]
[1528509600, 6506.31, 6525, 6506.31, 6524.99, 1.84894672]
[1528506000, 6487.17, 6506.32, 6487.99, 6506.32, 4.8192496]
[1528502400, 6480.01, 6488, 6487.5, 6487.99, 8.21371322]
[1528498800, 6480, 6523.19, 6523.19, 6487.51, 16.70693153]
[1528495200, 6523.19, 6525, 6523.2, 6523.99, 18.1640249]
[1528491600, 6518.14, 6523.2, 6518.15, 6523.2, 12.67650251]
[1528488000, 6502.88, 6518.15, 6516.05, 6518.15, 14.18889232]
[1528484400, 6516.05, 6518, 6516.61, 6516.06, 25.86006407]
[1528480800, 6516.6, 6517, 6516.85, 6516.61, 13.69716286]
[1528477200, 6516, 6520.9, 6516.75, 6516.85, 36.93041199]
[1528473600, 6493, 6520.92, 6509.37, 6516.75, 45.85759067]
[1528470000, 6450, 6525, 6474.44, 6505.5, 78.01439075]
[1528466400, 6459.99, 6480.36, 6463.98, 6474.44, 42.92296251]
[1528462800, 6448.72, 6467.03, 6450.01, 6463.98, 29.97235686]
[1528459200, 6435, 6477.44, 6465.93, 6450.01, 101.95172291]
[1528455600, 6458.86, 6482.16, 6468.59, 6466.14, 69.18474079]
[1528452000, 6465.01, 6507.92, 6503.83, 6468.59, 54.83782375]
[1528448400, 6503.82, 6517.56, 6515.39, 6503.83, 25.69329785]
[1528444800, 6485, 6517.43, 6501.68, 6515.95, 35.40004629]
[1528441200, 6501, 6532.95, 6509.95, 6501.09, 26.16548449]
[1528437600, 6489.28, 6510, 6489.29, 6509.95, 17.6726355]
[1528434000, 6480.1, 6493.73, 6484.42, 6488.59, 17.37260788]
[1528430400, 6477.78, 6496.89, 6485, 6484.42, 11.96793193]
[1528426800, 6485, 6508.02, 6508.02, 6489.88, 14.50013575]
[1528423200, 6508.01, 6517.05, 6517.01, 6508.02, 2.65420934]
[1528419600, 6517.01, 6530.02, 6530.02, 6517.01, 9.27178184]
[1528416000, 6521.84, 6534, 6532.36, 6530.02, 9.82251635]
[1528412400, 6500, 6535.16, 6500.01, 6534.74, 27.08710628]
[1528408800, 6500, 6510.89, 6509.91, 6500.01, 14.1770685]
[1528405200, 6502, 6516.01, 6502.88, 6510.89, 17.63654553]
[1528401600, 6502.88, 6540.38, 6532.65, 6502.89, 32.61831567]
[1528398000, 6526, 6543.76, 6528.77, 6532.65, 22.52401075]
[1528394400, 6526.4, 6536, 6532.11, 6531.31, 16.40446182]
[1528390800, 6506.42, 6548, 6534.81, 6532.11, 136.71632797]
[1528387200, 6501.33, 6533.1, 6513.66, 6533.1, 48.25720438]
[1528383600, 6484.19, 6519, 6509.34, 6513.66, 58.43636424]
[1528380000, 6490, 6531, 6526.01, 6509, 55.80529137]
[1528376400, 6523.69, 6534.98, 6523.69, 6526.01, 34.15410821]
[1528372800, 6523.69, 6536.55, 6529.41, 6523.7, 34.36338496]
[1528369200, 6523.63, 6542.75, 6524, 6529.41, 32.55656716]
[1528365600, 6521.13, 6547.99, 6535, 6528.26, 33.93202422]
[1528362000, 6506.58, 6535, 6526.01, 6534.39, 35.10017263]
[1528358400, 6515.39, 6550, 6522.27, 6526, 41.74371333]
[1528354800, 6521.67, 6540, 6537.49, 6522.27, 39.31740927]
[1528351200, 6505.74, 6545, 6543, 6540, 30.21226788]
[1528347600, 6536.28, 6549.8, 6543.84, 6543.01, 12.06901607]
[1528344000, 6535.15, 6559.99, 6559.99, 6544.57, 4.16559108]
[1528340400, 6536.96, 6562.96, 6557.55, 6556.77, 6.12565189]
[1528336800, 6545.93, 6586.57, 6545.93, 6555.35, 16.61398812]
[1528333200, 6546.1, 6575, 6557.24, 6546.83, 14.71860603]
[1528329600, 6506, 6557.39, 6514.69, 6556.74, 25.69883553]
[1528326000, 6502.01, 6528, 6508.85, 6514.68, 8.83019394]
[1528322400, 6508.84, 6530, 6516.8, 6508.85, 14.72994433]
[1528318800, 6480.79, 6562.55, 6482.48, 6515.91, 103.23646388]
[1528315200, 6407.01, 6511.31, 6419.11, 6482.47, 95.23794816]
[1528311600, 6405.12, 6419.94, 6406.85, 6419.11, 23.66636182]
[1528308000, 6383, 6414.35, 6406.01, 6406.85, 61.83255051]
[1528304400, 6391.02, 6415.98, 6399.74, 6406.01, 36.00812522]
[1528300800, 6391, 6521, 6510.12, 6399.72, 137.03451048]
[1528297200, 6488.03, 6521, 6495.32, 6510.12, 39.22615179]
[1528293600, 6486.37, 6503.3, 6497.14, 6494.95, 24.88486427]
[1528290000, 6497.15, 6515.92, 6507.11, 6497.15, 43.30159764]
[1528286400, 6485, 6520.99, 6492.81, 6513.55, 51.25829689]
[1528282800, 6483.74, 6504.22, 6490.17, 6492.6, 30.65029589]
[1528279200, 6465.58, 6494.77, 6476.97, 6490.17, 36.44329737]
[1528275600, 6475.1, 6509.06, 6501.08, 6475.1, 30.18179394]
[1528272000, 6456.65, 6504.54, 6503.03, 6501.08, 42.73297877]
[1528268400, 6490, 6548.92, 6529.3, 6503.04, 68.04821316]
[1528264800, 6505.99, 6535, 6505.99, 6529.8, 40.91101013]
[1528261200, 6479.99, 6512.04, 6499.96, 6512.04, 30.38119554]
[1528257600, 6498, 6509.95, 6505.97, 6501.7, 7.82535423]
[1528254000, 6505.97, 6522.34, 6511.87, 6508.68, 7.03375695]
[1528250400, 6500.4, 6520, 6520, 6511.38, 8.10216705]
[1528246800, 6498.32, 6520, 6503.5, 6520, 13.09307124]
[1528243200, 6503.02, 6514, 6511.98, 6503.5, 11.30458082]
[1528239600, 6500.66, 6518.91, 6511.99, 6509.63, 16.02800086]
[1528236000, 6487.25, 6512, 6502.19, 6512, 14.01370673]
[1528232400, 6485, 6534.88, 6530.2, 6501.69, 60.04455514]
[1528228800, 6517, 6534.6, 6517.79, 6530.2, 29.86938118]
[1528225200, 6513.49, 6530.01, 6530.01, 6517.8, 37.53153019]
[1528221600, 6510, 6535.01, 6518.24, 6530, 46.0574065]
[1528218000, 6475, 6551.26, 6482.7, 6518.53, 80.05877758]
[1528214400, 6474, 6521.79, 6505.46, 6482.69, 150.80393069]
[1528210800, 6366.74, 6500, 6370.02, 6495.73, 151.17706687]
[1528207200, 6350.4, 6379.16, 6353.47, 6370.01, 44.18591713]
[1528203600, 6340, 6384.3, 6375.01, 6353.47, 89.04661606]
[1528200000, 6375, 6384.64, 6378.39, 6375.01, 23.32880645]
[1528196400, 6361.79, 6385, 6372.95, 6378.41, 42.00769903]
[1528192800, 6370, 6390, 6380.01, 6376.66, 55.66662537]
[1528189200, 6370, 6391.99, 6391.21, 6380.01, 73.06151779]
[1528185600, 6352.99, 6396.45, 6352.99, 6391.22, 44.16511473]
[1528182000, 6338.45, 6368.51, 6368.51, 6352.99, 36.34591796]
[1528178400, 6351, 6396.33, 6370.8, 6369.43, 45.93893558]
[1528174800, 6330, 6380, 6333.51, 6374.99, 25.52563629]
[1528171200, 6333.5, 6359.65, 6348.7, 6333.51, 24.34134042]
[1528167600, 6345.76, 6362.17, 6351.92, 6348.7, 28.18898772]
[1528164000, 6351.3, 6408, 6407.99, 6351.92, 54.36914051]
[1528160400, 6400.68, 6429.54, 6416.17, 6407.99, 7.84518512]
[1528156800, 6405.8, 6425.86, 6420.03, 6416.82, 6.08997749]
[1528153200, 6391.12, 6422.29, 6421.51, 6420.76, 28.73617445]
[1528149600, 6418, 6451.71, 6451.71, 6421.51, 23.75736657]
[1528146000, 6435.01, 6454.81, 6436, 6451.72, 42.31798904]
[1528142400, 6410.25, 6436, 6415.46, 6436, 25.87165575]
[1528138800, 6405.01, 6431.47, 6408.71, 6411.07, 46.09731633]
[1528135200, 6394.9, 6410.14, 6406.42, 6408.71, 38.56767224]
[1528131600, 6389.22, 6419.97, 6419.51, 6408.26, 50.608078]
[1528128000, 6419, 6427.52, 6427.25, 6419.51, 25.92372195]
[1528124400, 6409.04, 6437, 6409.4, 6429.01, 57.70826619]
[1528120800, 6375, 6424.81, 6424.81, 6409.49, 115.36477762]
[1528117200, 6423.05, 6452.99, 6435.5, 6424.81, 55.01339071]
[1528113600, 6412.63, 6442, 6424.12, 6435.02, 59.12223785]
[1528110000, 6408.01, 6510.01, 6510.01, 6424.13, 103.07747169]
[1528106400, 6507.36, 6520.67, 6515.16, 6510.01, 43.6452882]
[1528102800, 6490, 6520.93, 6508.51, 6515.16, 43.90778402]
[1528099200, 6490.27, 6525.09, 6525, 6508.51, 50.95524653]
[1528095600, 6499.4, 6529.49, 6514.81, 6525.01, 58.1932866]
[1528092000, 6505, 6575, 6571.29, 6514.81, 45.55341323]
[1528088400, 6511.15, 6598.33, 6594.57, 6571.29, 52.21225419]
[1528084800, 6594.57, 6594.58, 6594.58, 6594.57, 0.04948264]
[1528077600, 6587.08, 6610.61, 6600.64, 6594.58, 7.39112415]
[1528074000, 6575, 6619.56, 6618.44, 6600, 20.25176342]
[1528070400, 6616.06, 6652.99, 6619, 6620.83, 30.96330518]
[1528066800, 6611.16, 6629.98, 6624.57, 6618.69, 10.14748913]
[1528063200, 6609.27, 6632.9, 6613.01, 6624.56, 15.03507574]
[1528059600, 6611.19, 6647.56, 6624.99, 6613.01, 17.22851664]
[1528056000, 6608.81, 6625, 6621.01, 6618, 9.94669778]
[1528052400, 6566.06, 6638.44, 6618.01, 6621.08, 46.18738097]
[1528048800, 6601.22, 6620.6, 6604.55, 6618, 23.9884613]
[1528045200, 6590, 6629.3, 6621.55, 6604.56, 46.49490274]
[1528041600, 6616, 6658.88, 6652.84, 6621.99, 36.9173179]
[1528038000, 6636.29, 6658.88, 6642.49, 6652.84, 22.7560005]
[1528034400, 6637.99, 6651.7, 6651.7, 6642.49, 57.11554102]
[1528030800, 6633.76, 6668.12, 6633.77, 6651.7, 32.71407676]
[1528027200, 6630, 6633.77, 6633.76, 6633.77, 14.95724673]
[1528023600, 6630, 6652.96, 6631.45, 6633.78, 30.98915966]
[1528020000, 6631.45, 6655.26, 6654.83, 6631.45, 32.00644894]
[1528016400, 6630.5, 6656.54, 6631.53, 6656.54, 55.56128433]
[1528012800, 6611.09, 6642.65, 6630.87, 6630.39, 121.09513736]
[1528009200, 6630.51, 6643.53, 6643.53, 6630.87, 22.92801154]
[1528005600, 6571.71, 6647.11, 6574.99, 6643.53, 39.1920631]
[1528002000, 6566.17, 6575, 6568, 6575, 6.38968718]
[1527998400, 6562.73, 6568, 6567.9, 6568, 1.51285234]
[1527994800, 6560.01, 6569.81, 6560.01, 6567.9, 1.24123171]
[1527991200, 6560, 6566.97, 6566.96, 6560, 26.96229361]
[1527987600, 6566.96, 6575, 6573.47, 6566.96, 5.33250494]
[1527984000, 6566.83, 6575, 6569.82, 6573.48, 8.92037211]
[1527980400, 6569.82, 6572.98, 6572.98, 6569.82, 8.78136285]
[1527976800, 6561.86, 6575, 6570.68, 6572.99, 21.0308947]
[1527973200, 6561.78, 6573, 6564.68, 6570.01, 13.73345535]
[1527969600, 6564.68, 6587, 6585, 6564.68, 22.27084123]
[1527966000, 6577.02, 6585, 6577.02, 6585, 12.78063098]
[1527962400, 6571.29, 6577.7, 6571.43, 6577.03, 10.85462775]
[1527958800, 6567.31, 6584, 6569.33, 6571.77, 36.64697959]
[1527955200, 6543, 6571.9, 6561.36, 6569.34, 21.41052466]
[1527951600, 6543, 6588.16, 6570, 6560.86, 26.44108502]
[1527948000, 6553, 6570, 6568.97, 6570, 21.30340726]
[1527944400, 6556.53, 6589.22, 6558.07, 6569.99, 23.49042288]
[1527940800, 6553, 6576.78, 6573.74, 6558.08, 23.23665733]
[1527937200, 6561, 6588, 6587.07, 6573.74, 28.26500847]
[1527933600, 6576.52, 6590, 6576.52, 6587.08, 21.14033793]
[1527930000, 6566.41, 6585.86, 6585.86, 6573.1, 20.67162485]
[1527926400, 6563.72, 6588, 6578.47, 6585.86, 25.68657735]
