[1545206400, 3275.9, 3293.38, 3275.99, 3290.21, 138.49922024]
[1545202800, 3250, 3293.87, 3292.93, 3276, 147.8148087]
[1545199200, 3276.5, 3316.63, 3298.64, 3292.92, 98.49155048]
[1545195600, 3270.1, 3297.9, 3271.77, 3297.46, 56.90915986]
[1545192000, 3264.97, 3312.12, 3310.01, 3272.12, 77.80470852]
[1545188400, 3279.99, 3329.73, 3281.97, 3316.55, 110.87717737]
[1545184800, 3241.62, 3296.29, 3256.01, 3283.5, 46.68030356]
[1545181200, 3229.52, 3275.42, 3235.01, 3256, 107.55345403]
[1545177600, 3214.71, 3261.04, 3236.32, 3235.01, 105.0504949]
[1545174000, 3146.02, 3278.2, 3146.85, 3236.31, 397.71350556]
[1545170400, 3116.08, 3149, 3127.46, 3146.86, 93.01094505]
[1545166800, 3097.22, 3129.3, 3097.22, 3127.46, 50.14292844]
[1545163200, 3090.93, 3133, 3117.74, 3097.22, 59.87332993]
[1545159600, 3085.61, 3117.76, 3085.61, 3117.73, 61.87978031]
[1545156000, 3075, 3104.68, 3104.67, 3085.61, 59.97523592]
[1545152400, 3081.4, 3122.76, 3111.1, 3104.68, 96.96905204]
[1545148800, 3100.01, 3123.76, 3107.8, 3111.11, 66.03797888]
[1545145200, 3100, 3151, 3140.48, 3107.81, 169.08324462]
[1545141600, 3102.77, 3159.01, 3115.85, 3140.47, 273.61383931]
[1545138000, 3066.79, 3134.57, 3072.01, 3115.85, 150.41488118]
[1545134400, 3061, 3073.99, 3070.09, 3072.01, 73.12602186]
[1545130800, 3035, 3076.62, 3060.01, 3071.51, 83.80823763]
[1545127200, 3032.5, 3061.74, 3046.6, 3060.01, 82.82978582]
[1545123600, 3035.2, 3046.61, 3040, 3046.61, 135.53002495]
[1545120000, 3035.48, 3099.41, 3099.41, 3040.01, 141.0849689]
[1545116400, 3083.87, 3103.99, 3089.41, 3099.4, 70.73587817]
[1545112800, 3078.02, 3091.9, 3078.02, 3089.41, 22.24636104]
[1545109200, 3078.01, 3110.11, 3110.11, 3078.02, 31.62392006]
[1545105600, 3110.1, 3117.53, 3117.53, 3110.11, 11.19198956]
[1545102000, 3090.44, 3122.24, 3090.45, 3117.43, 24.43491784]
[1545098400, 3088.71, 3101.35, 3088.72, 3090.45, 6.40411701]
[1545094800, 3078.58, 3098.76, 3090.15, 3088.71, 28.38962678]
[1545091200, 3090.94, 3115, 3090.94, 3091.65, 59.14508993]
[1545087600, 3071.9, 3096, 3071.9, 3093.95, 43.85812887]
[1545084000, 3062.65, 3109.34, 3089.74, 3071.89, 111.46124786]
[1545080400, 3074.21, 3145.01, 3145, 3089.74, 304.9624037]
[1545076800, 3123.18, 3167.12, 3123.19, 3145.01, 199.31777953]
[1545073200, 3110.6, 3153.9, 3114, 3123.17, 319.80890213]
[1545069600, 3027.01, 3126, 3035.56, 3114, 339.76244723]
[1545066000, 3016.52, 3038.62, 3027.7, 3035.56, 159.19866109]
[1545062400, 3007.73, 3035.75, 3007.73, 3027.71, 152.62746118]
[1545058800, 2991.45, 3010.9, 3008.99, 3007.73, 179.99795569]
[1545055200, 2998.01, 3020, 2998.01, 3008.99, 135.04822316]
[1545051600, 2987.48, 3045, 2999, 2998.01, 257.69653834]
[1545048000, 2873.99, 2999, 2874, 2999, 293.52768788]
[1545044400, 2863.8, 2875.52, 2873.97, 2874, 55.54530068]
[1545040800, 2861.01, 2876.01, 2876.01, 2873.96, 76.19528255]
[1545037200, 2874.01, 2893.93, 2878.95, 2876.01, 126.97804217]
[1545033600, 2873.07, 2891.66, 2879.49, 2878.95, 89.12565092]
[1545030000, 2852.01, 2879.49, 2853.5, 2879.48, 67.74262715]
[1545026400, 2845.36, 2860, 2845.36, 2853.49, 18.06294366]
[1545022800, 2842.48, 2845.24, 2842.48, 2845.24, 14.29219209]
[1545019200, 2840, 2842.48, 2842.42, 2842.48, 7.62143557]
[1545015600, 2837.65, 2842.42, 2837.65, 2842.42, 4.89493201]
[1545012000, 2830, 2844.33, 2840.66, 2837.64, 10.72898038]
[1545008400, 2840.65, 2853.59, 2850.1, 2840.66, 16.99287793]
[1545004800, 2838.13, 2853, 2840.47, 2850.11, 17.5984025]
[1545001200, 2835.21, 2848.7, 2841, 2840.42, 26.93952139]
[1544997600, 2835.19, 2850.93, 2850.93, 2841, 53.81319395]
[1544994000, 2842.07, 2866.49, 2866.49, 2852, 39.29741758]
[1544990400, 2849.85, 2873.68, 2870.05, 2866.49, 45.6738294]
[1544986800, 2842.22, 2871.17, 2849.98, 2870.05, 48.80864176]
[1544983200, 2830.15, 2850.01, 2850.01, 2849.99, 50.25778767]
[1544979600, 2850, 2857.78, 2857.78, 2850.01, 27.35466907]
[1544976000, 2847.38, 2859.95, 2855.98, 2857.78, 43.42156135]
[1544972400, 2840, 2857.1, 2848.11, 2856.02, 53.51671025]
[1544968800, 2846, 2871.01, 2871, 2848.11, 42.62935795]
[1544965200, 2871, 2880.21, 2880.21, 2871.01, 44.72175006]
[1544961600, 2879.97, 2885, 2880, 2880.21, 51.03671104]
[1544958000, 2879, 2880, 2880, 2880, 34.15967338]
[1544954400, 2869.99, 2880, 2871.25, 2879.99, 35.11363563]
[1544950800, 2858, 2878.81, 2858.77, 2871.26, 49.43417731]
[1544947200, 2855, 2864.99, 2861.1, 2860.12, 27.93977437]
[1544943600, 2861, 2877.8, 2877.8, 2861.1, 17.81004277]
[1544940000, 2877.8, 2884, 2878.75, 2877.8, 8.61452701]
[1544936400, 2870.65, 2879, 2877.89, 2878.74, 6.47230253]
[1544932800, 2870.58, 2885, 2870.59, 2877.89, 29.48482199]
[1544929200, 2867.23, 2879.8, 2867.23, 2870.59, 13.70475071]
[1544925600, 2835.76, 2875, 2835.77, 2868.15, 43.61526972]
[1544922000, 2826.3, 2838, 2826.31, 2835.77, 5.4572011]
[1544918400, 2821.81, 2834.84, 2830.45, 2826.31, 23.33382186]
[1544914800, 2826.2, 2841.43, 2841.43, 2830.45, 23.45893041]
[1544911200, 2838.35, 2859.99, 2851.82, 2840, 35.81301836]
[1544907600, 2829.11, 2863.13, 2839.23, 2851.09, 74.00432204]
[1544904000, 2817.9, 2839.67, 2826.9, 2839.23, 52.95563612]
[1544900400, 2801, 2827, 2803.68, 2826.91, 83.88188306]
[1544896800, 2795.52, 2805.62, 2804.98, 2802.42, 43.51150347]
[1544893200, 2796.25, 2809, 2806.96, 2804.98, 46.24945026]
[1544889600, 2781.47, 2807.09, 2786, 2806.49, 80.44017343]
[1544886000, 2785, 2806.59, 2802.48, 2786, 67.80924342]
[1544882400, 2780.33, 2808.67, 2797.61, 2802.48, 66.22642075]
[1544878800, 2791.35, 2815.28, 2809.69, 2797.6, 138.67878979]
[1544875200, 2807, 2816, 2812.33, 2809.69, 43.78531999]
[1544871600, 2803.82, 2815, 2809.06, 2813.43, 120.03237013]
[1544868000, 2800, 2815.59, 2810, 2809.07, 158.65599559]
[1544864400, 2804, 2850.01, 2850.01, 2810, 68.06357368]
[1544860800, 2840.57, 2854.64, 2843.76, 2850.01, 27.57104564]
[1544857200, 2838.28, 2855.02, 2855.02, 2843.3, 22.17620565]
[1544853600, 2855, 2861.71, 2858.49, 2855.02, 13.45625649]
[1544850000, 2851.21, 2865, 2865, 2858.49, 5.50715246]
[1544846400, 2861.99, 2865, 2861.99, 2865, 4.71702596]
[1544842800, 2848.99, 2862, 2849, 2861.99, 47.21175087]
[1544839200, 2840.01, 2849, 2849, 2849, 15.42052276]
[1544835600, 2845.86, 2853.01, 2853.01, 2849, 8.30823817]
[1544832000, 2835.22, 2854.83, 2835.49, 2853.01, 38.98166851]
[1544828400, 2835.02, 2859.07, 2859.07, 2835.5, 25.74571081]
[1544824800, 2808.04, 2871.08, 2808.05, 2853.55, 111.83932638]
[1544821200, 2800.32, 2820.11, 2820, 2808.05, 190.62062045]
[1544817600, 2820, 2836.16, 2827.13, 2820.01, 106.63981292]
[1544814000, 2823.92, 2830, 2823.93, 2826.03, 53.5543287]
[1544810400, 2821.09, 2831.01, 2825, 2823.93, 98.69944002]
[1544806800, 2818, 2836.21, 2830.01, 2825.01, 80.01663643]
[1544803200, 2811.11, 2880, 2879.2, 2830.01, 352.68612801]
[1544799600, 2875, 2900.01, 2900.01, 2879.2, 233.28366032]
[1544796000, 2895, 2901, 2900.01, 2900.01, 104.45558342]
[1544792400, 2900, 2915.23, 2915.23, 2900.01, 245.06857626]
[1544788800, 2895, 2918.05, 2900, 2915.25, 80.19145471]
[1544785200, 2900, 2915.01, 2910.39, 2900.01, 82.63309652]
[1544781600, 2898.11, 2911, 2903.29, 2910.98, 183.97893943]
[1544778000, 2895.58, 2909.56, 2900.01, 2903.29, 89.94473248]
[1544774400, 2889, 2907.92, 2890.01, 2900.01, 58.27656796]
[1544770800, 2887.31, 2909, 2895, 2890, 68.88950282]
[1544767200, 2874.68, 2896, 2874.68, 2895, 30.13634139]
[1544763600, 2871.54, 2894, 2886.44, 2874.68, 22.86254929]
[1544760000, 2867.3, 2886.82, 2872.77, 2886.45, 22.47971301]
[1544756400, 2861.23, 2880.16, 2876.31, 2872.77, 49.25544018]
[1544752800, 2870, 2896.67, 2896.67, 2876.31, 26.84632327]
[1544749200, 2885.67, 2907.33, 2901.1, 2896.67, 50.64315146]
[1544745600, 2860, 2919, 2886.91, 2898.82, 170.69409768]
[1544742000, 2886.86, 2900.62, 2895.11, 2886.91, 44.98766644]
[1544738400, 2877.22, 2895.26, 2885.99, 2895.11, 278.857524]
[1544734800, 2862.66, 2970, 2875.01, 2885.99, 265.2998651]
[1544731200, 2861.15, 2939.9, 2928.51, 2875, 242.87910737]
[1544727600, 2920, 2985.51, 2985.51, 2928.51, 153.95669031]
[1544724000, 2978, 2987, 2978.01, 2985.55, 33.65729798]
[1544720400, 2972.87, 2999.79, 2992.83, 2978.01, 87.25554637]
[1544716800, 2978.77, 3012.7, 3004, 2995.55, 69.35855298]
[1544713200, 2990.14, 3011.12, 2991.93, 3004.01, 85.7891461]
[1544709600, 2989.36, 3009.57, 3004.98, 2991.93, 72.16201783]
[1544706000, 2995, 3009, 3000, 3007.07, 92.58529733]
[1544702400, 2971, 3004, 2971, 2998.74, 133.7403519]
[1544698800, 2968.24, 2991.84, 2985.72, 2971.01, 109.83057395]
[1544695200, 2979.04, 2990.51, 2990.51, 2985.72, 50.97105119]
[1544691600, 2977.01, 2998.55, 2977.01, 2990.5, 87.69889214]
[1544688000, 2967.56, 2980.6, 2976.72, 2977.01, 131.70413361]
[1544684400, 2967.01, 2976.71, 2967.77, 2976.71, 33.1849614]
[1544680800, 2962, 2969.38, 2965.87, 2968.79, 17.57796449]
[1544677200, 2950.01, 2973.63, 2972, 2965.71, 45.37651639]
[1544673600, 2965, 2982.23, 2982.23, 2972, 19.40509798]
[1544670000, 2978.67, 2983.97, 2981.65, 2982.33, 9.2148291]
[1544666400, 2980, 2987.63, 2985, 2985.05, 14.45579045]
[1544662800, 2985, 3018.89, 3013.39, 2985, 37.60282133]
[1544659200, 3011.62, 3028.06, 3025.19, 3012.81, 25.84138232]
[1544655600, 3006, 3026, 3009.64, 3026, 27.74198518]
[1544652000, 3006, 3035.66, 3034.43, 3009.64, 48.52584668]
[1544648400, 3031.1, 3047.37, 3031.18, 3034.44, 52.99503501]
[1544644800, 3029, 3032.88, 3030.02, 3031.19, 39.37930162]
[1544641200, 3025.58, 3042.17, 3042.01, 3030.03, 57.38252181]
[1544637600, 3026.02, 3047.94, 3035, 3042.01, 53.20463093]
[1544634000, 3021.49, 3040, 3036.32, 3035, 80.62455362]
[1544630400, 3035, 3076.71, 3035.74, 3036.32, 164.40445441]
[1544626800, 2996.01, 3055.46, 3004.92, 3035.74, 213.67612688]
[1544623200, 3004.92, 3020, 3009.5, 3004.93, 55.7984421]
[1544619600, 3004, 3018.8, 3014.51, 3009.5, 38.68602135]
[1544616000, 3014.26, 3030.01, 3030.01, 3014.51, 77.02690321]
[1544612400, 3027.66, 3053, 3027.67, 3030.02, 102.54260994]
[1544608800, 2996.67, 3033.85, 2996.69, 3027.67, 163.64783707]
[1544605200, 2986, 3003.09, 2986.01, 2996.9, 60.72523448]
[1544601600, 2986, 2999.85, 2994.02, 2986.01, 94.75564679]
[1544598000, 2982, 2999.99, 2982, 2994.67, 48.14456754]
[1544594400, 2964.38, 2991.91, 2967.01, 2980.11, 24.31211929]
[1544590800, 2956.97, 2978.14, 2956.97, 2967.01, 15.49446751]
[1544587200, 2956.39, 2960.01, 2960, 2956.98, 10.35529204]
[1544583600, 2960, 2966.01, 2960.01, 2960.01, 6.34856133]
[1544580000, 2956.24, 2965.02, 2956.25, 2960.01, 4.07257871]
[1544576400, 2952.05, 2963.41, 2956.99, 2956.25, 6.91066693]
[1544572800, 2952.69, 2966.01, 2966, 2956.99, 20.3601769]
[1544569200, 2966, 2989.99, 2985.46, 2966.01, 29.48159783]
[1544565600, 2982.02, 2997, 2993.01, 2985.46, 119.04736915]
[1544562000, 2967.57, 3000, 2967.58, 2993.01, 79.91639275]
[1544558400, 2952.73, 2969.2, 2952.73, 2967.58, 46.36861223]
[1544554800, 2952.78, 2966, 2965.97, 2953.23, 52.76241911]
[1544551200, 2955.04, 2970.98, 2970.73, 2965.97, 65.20874435]
[1544547600, 2945.36, 2975.92, 2955.05, 2970.7, 76.53677865]
[1544544000, 2923.69, 2959, 2941.67, 2955.05, 114.20396722]
[1544540400, 2938, 2960.94, 2948.83, 2941.67, 79.0793447]
[1544536800, 2933.5, 2960, 2959.51, 2949.23, 162.96617711]
[1544533200, 2944, 2963.92, 2948.08, 2959.51, 60.89183458]
[1544529600, 2939.43, 2954.07, 2949.82, 2949.39, 73.24717175]
[1544526000, 2937.24, 2960.15, 2944.8, 2949.82, 99.24298656]
[1544522400, 2935, 3000.24, 3000.24, 2943.81, 174.51584108]
[1544518800, 3000.21, 3017.29, 3008.02, 3000.24, 77.82079978]
[1544515200, 2994.42, 3010, 3004.65, 3009.98, 49.18172551]
[1544511600, 2986.96, 3008.37, 3007.79, 3004.66, 60.54360742]
[1544508000, 3001, 3022, 3009.44, 3006.45, 30.08307839]
[1544504400, 3001.06, 3016.43, 3005.01, 3009.43, 12.40107969]
[1544500800, 2987.91, 3014.51, 2987.91, 3005.01, 13.35380538]
[1544497200, 2982.82, 2993.44, 2990.39, 2987.91, 7.73214394]
[1544493600, 2984.02, 2995.56, 2989.41, 2987.81, 16.94156098]
[1544490000, 2981.71, 2998.01, 2998.01, 2989.92, 15.87434731]
[1544486400, 2997, 3015.03, 3015.03, 2998.22, 28.30275422]
