[1525766400, 7879.01, 7923.1, 7879.51, 7921.11, 64.75945897]
[1525762800, 7838.49, 7879.51, 7838.49, 7879.51, 53.03851583]
[1525759200, 7830.95, 7864.52, 7838.96, 7838.5, 38.43400858]
[1525755600, 7829.74, 7910.52, 7910.52, 7838.96, 29.22392197]
[1525752000, 7897.11, 7924.69, 7919.66, 7910.51, 7.46640923]
[1525748400, 7889.8, 7930.32, 7907.97, 7913.1, 8.57738614]
[1525744800, 7907.29, 7942, 7907.3, 7907.97, 21.78831222]
[1525741200, 7872.97, 7909.8, 7872.97, 7907.95, 5.99971605]
[1525737600, 7845.57, 7892.5, 7856.95, 7871.01, 17.11533492]
[1525734000, 7801, 7856.95, 7819, 7856.95, 27.45499573]
[1525730400, 7800, 7899.78, 7899.78, 7819, 56.20379532]
[1525726800, 7871.86, 7948.94, 7932.64, 7899.69, 69.34122643]
[1525723200, 7903, 7943, 7918.75, 7932.64, 58.1866901]
[1525719600, 7872, 7943.87, 7873.34, 7918.75, 109.93278343]
[1525716000, 7855, 7878.69, 7855, 7873.34, 42.88765984]
[1525712400, 7830.4, 7879.99, 7830.41, 7855.01, 62.88234124]
[1525708800, 7830.02, 7878, 7842.36, 7830.4, 62.12150527]
[1525705200, 7810.72, 7847.79, 7811.4, 7843.36, 61.12633421]
[1525701600, 7700, 7829.18, 7800.01, 7810, 210.34392446]
[1525698000, 7799.04, 7851.6, 7843.12, 7800.01, 54.55871098]
[1525694400, 7825.01, 7864.3, 7827.79, 7843.12, 57.43328962]
[1525690800, 7783.4, 7834.97, 7793, 7827.8, 61.70975983]
[1525687200, 7778.79, 7812, 7785.02, 7793.01, 63.02257427]
[1525683600, 7772.96, 7869.04, 7869.04, 7785.03, 135.9492712]
[1525680000, 7754.25, 7869.04, 7798.96, 7869.04, 91.13372999]
[1525676400, 7751.01, 7839.9, 7839.79, 7794.11, 87.29629955]
[1525672800, 7820, 7864.94, 7860, 7840, 58.34681892]
[1525669200, 7776, 7867.09, 7806.45, 7860.01, 63.16219575]
[1525665600, 7800.29, 7844.8, 7800.29, 7806.46, 26.84175522]
[1525662000, 7750, 7799, 7794.95, 7799, 71.9296994]
[1525658400, 7755.1, 7814.65, 7812.99, 7794.94, 87.25800378]
[1525654800, 7773.53, 7910.88, 7910.88, 7812.65, 162.20258246]
[1525651200, 7911, 8035.58, 8015.01, 7911, 46.87605862]
[1525647600, 8015, 8036, 8020.01, 8015.01, 16.94300166]
[1525644000, 7965, 8048.98, 7965, 8020.01, 52.03526202]
[1525640400, 7949.01, 7967.49, 7963.65, 7965.01, 23.13271968]
[1525636800, 7945, 7968, 7954.01, 7963.66, 38.60162601]
[1525633200, 7945, 7988.94, 7980.69, 7954, 46.3237096]
[1525629600, 7979.04, 8020, 8011.99, 7980.74, 39.21229753]
[1525626000, 7989.05, 8041.87, 8001.98, 8012, 70.71384742]
[1525622400, 7912.71, 8002, 7937.01, 8001.98, 39.22990837]
[1525618800, 7900, 7983.59, 7983.58, 7937, 58.02644685]
[1525615200, 7968.66, 8003.01, 8003.01, 7983.59, 32.4806187]
[1525611600, 7925.62, 8020, 7932, 8003, 59.42899842]
[1525608000, 7899, 7939.99, 7913.11, 7932.01, 94.48230761]
[1525604400, 7900, 7980.98, 7970.01, 7913.12, 67.96196825]
[1525600800, 7960.59, 7996.69, 7960.59, 7970.01, 58.5809607]
[1525597200, 7915.01, 8001.93, 7950, 7960.6, 85.88873044]
[1525593600, 7920.01, 8099.99, 8099.93, 7941.68, 172.95297923]
[1525590000, 8052.77, 8100, 8073.9, 8098.52, 59.76090387]
[1525586400, 8011, 8121, 8121, 8073.89, 115.88894845]
[1525582800, 8120.95, 8200.03, 8200.03, 8121, 43.61897189]
[1525579200, 8199.99, 8230.01, 8199.99, 8200.03, 8.550083]
[1525575600, 8193.79, 8208.53, 8195.11, 8199.99, 29.05465177]
[1525572000, 8195.11, 8271, 8271, 8195.12, 14.01874145]
[1525568400, 8241, 8275, 8249.99, 8271, 19.21120869]
[1525564800, 8200, 8250, 8210, 8250, 21.03224308]
[1525561200, 8176.83, 8210, 8178.04, 8210, 22.42543663]
[1525557600, 8130.99, 8194.37, 8131, 8179.48, 38.36027961]
[1525554000, 8110.05, 8151.01, 8151.01, 8131, 92.46328385]
[1525550400, 8115.1, 8228, 8210.52, 8151, 93.92905112]
[1525546800, 8210.51, 8237, 8230.01, 8210.52, 39.48079094]
[1525543200, 8210.51, 8270.01, 8270.01, 8230, 87.62834911]
[1525539600, 8270, 8295, 8270.05, 8270, 39.83100271]
[1525536000, 8250.43, 8294.53, 8294.53, 8270.01, 54.70901569]
[1525532400, 8284.17, 8311.98, 8300, 8294.54, 46.93772981]
[1525528800, 8280, 8320, 8280.44, 8299.98, 70.93446886]
[1525525200, 8280.45, 8321, 8290.01, 8280.45, 105.17771715]
[1525521600, 8252.27, 8295, 8265.01, 8290.01, 68.73714728]
[1525518000, 8235.99, 8289.63, 8281.02, 8265.01, 71.42170398]
[1525514400, 8199.06, 8290, 8199.08, 8281.02, 125.37826373]
[1525510800, 8190, 8199.09, 8198.98, 8199.09, 46.18085889]
[1525507200, 8161.58, 8198.99, 8171.01, 8198.99, 48.47991041]
[1525503600, 8160.75, 8180, 8170.01, 8171.01, 49.54013719]
[1525500000, 8170, 8191.36, 8184.59, 8170.01, 41.80110731]
[1525496400, 8183.52, 8209.9, 8183.52, 8184.34, 30.66396365]
[1525492800, 8164.2, 8200, 8182.16, 8183.53, 47.98380291]
[1525489200, 8160, 8193.44, 8183.02, 8182.15, 11.9780452]
[1525485600, 8118.07, 8195, 8118.07, 8183.02, 82.99087528]
[1525482000, 8088.39, 8118.07, 8117.1, 8118.07, 8.44030031]
[1525478400, 8077.57, 8117.1, 8101, 8117.09, 21.95317895]
[1525474800, 8100.37, 8117.1, 8105, 8108.95, 19.02256458]
[1525471200, 8098.68, 8116.93, 8099.99, 8105.01, 34.15841958]
[1525467600, 8092.99, 8100, 8093, 8100, 47.4951347]
[1525464000, 8080, 8110, 8083.95, 8093, 47.53043333]
[1525460400, 8051.94, 8083.94, 8051.95, 8083.94, 41.14349876]
[1525456800, 8030, 8076, 8072.51, 8051.95, 54.30339915]
[1525453200, 8057.62, 8093, 8072.2, 8072.56, 39.40597287]
[1525449600, 8017.1, 8080.37, 8058.39, 8072.2, 93.37959241]
[1525446000, 8031.06, 8120, 8109.75, 8058.39, 109.91127743]
[1525442400, 8068.46, 8112.55, 8089.47, 8103.08, 119.06663868]
[1525438800, 8077, 8140, 8092.82, 8089.47, 92.03013904]
[1525435200, 8089, 8153.21, 8131.01, 8092.82, 124.81411288]
[1525431600, 8070, 8150, 8100.02, 8131, 134.7601269]
[1525428000, 8100.02, 8130.45, 8127.01, 8100.02, 83.32251286]
[1525424400, 8047.88, 8166, 8153.31, 8127.01, 147.63549509]
[1525420800, 8072.22, 8160, 8073.29, 8153.3, 160.10459283]
[1525417200, 8052.46, 8096.33, 8081, 8073.3, 81.95595686]
[1525413600, 8003.61, 8097.73, 8015.97, 8081.01, 75.16895106]
[1525410000, 8011.21, 8049.9, 8035.74, 8015.97, 38.33417047]
[1525406400, 7980, 8044, 7980.01, 8034.49, 60.44416377]
[1525402800, 7914.71, 8026.49, 8012.32, 7980, 57.72978427]
[1525399200, 7989.99, 8028.57, 7997.14, 8013.01, 28.29543746]
[1525395600, 7982.5, 8039.33, 7990.67, 7997.13, 22.0090909]
[1525392000, 7858.7, 8099.47, 8099.28, 7990.69, 252.53002374]
[1525388400, 8068.12, 8149.99, 8068.12, 8099.28, 124.47100848]
[1525384800, 8025.3, 8068.12, 8030, 8068.12, 68.5909902]
[1525381200, 8009.07, 8033.56, 8019.99, 8029.99, 47.87350024]
[1525377600, 7990, 8039, 8029.01, 8019.99, 81.96145415]
[1525374000, 7981, 8064.27, 8035.25, 8029.01, 123.82430505]
[1525370400, 7965, 8117, 8064.98, 8035.26, 231.95881525]
[1525366800, 7950.31, 8070, 7965, 8069.45, 282.81159422]
[1525363200, 7850, 7965, 7850.01, 7964.99, 143.05580133]
[1525359600, 7842, 7876.77, 7876.34, 7850.01, 93.37542919]
[1525356000, 7831.25, 7899.63, 7877.03, 7874.93, 186.24540075]
[1525352400, 7738.27, 7884, 7766, 7877.21, 356.96277078]
[1525348800, 7670.66, 7777, 7685.32, 7766.01, 189.80293909]
[1525345200, 7670.2, 7692, 7689.99, 7689.56, 52.03418997]
[1525341600, 7669.6, 7690, 7669.6, 7689.99, 42.42918867]
[1525338000, 7655, 7698.79, 7687.56, 7669.6, 111.43045888]
[1525334400, 7666, 7690, 7689.31, 7687.56, 48.56311454]
[1525330800, 7662.93, 7690, 7670.58, 7689.31, 44.67885759]
[1525327200, 7640.05, 7690, 7661.87, 7680.35, 63.56825276]
[1525323600, 7643.2, 7709.89, 7709.89, 7669.24, 34.80036573]
[1525320000, 7679.5, 7720, 7679.5, 7709.9, 49.82248415]
[1525316400, 7666.99, 7704.66, 7688.51, 7679.5, 15.14576696]
[1525312800, 7657.8, 7693.03, 7675.34, 7693.02, 26.34884155]
[1525309200, 7658.27, 7679.72, 7658.28, 7675.34, 41.08369672]
[1525305600, 7655.66, 7698.5, 7693.74, 7658.27, 18.20325532]
[1525302000, 7674.8, 7717, 7700, 7693.75, 73.42957969]
[1525298400, 7685, 7700, 7691.15, 7699.99, 58.68774479]
[1525294800, 7667.18, 7699.99, 7667.18, 7691.15, 146.36539261]
[1525291200, 7601.5, 7674.8, 7634.91, 7667.02, 83.38615544]
[1525287600, 7576, 7634.99, 7615.08, 7634.93, 55.5640478]
[1525284000, 7590, 7616.99, 7616.98, 7615.07, 48.03444403]
[1525280400, 7612.2, 7631.34, 7624.76, 7616.99, 46.12376752]
[1525276800, 7621.8, 7639.15, 7634.99, 7624.76, 65.36801559]
[1525273200, 7592, 7642.66, 7599.94, 7634.99, 48.64822157]
[1525269600, 7569.93, 7614.04, 7593, 7599.94, 71.36388315]
[1525266000, 7530, 7593, 7571.54, 7592.99, 91.17782253]
[1525262400, 7552.01, 7642, 7630, 7571.54, 102.68096271]
[1525258800, 7625.49, 7644, 7625.49, 7630, 64.66631125]
[1525255200, 7611.96, 7650, 7616.65, 7625.5, 68.74009713]
[1525251600, 7607.12, 7629, 7607.13, 7616.65, 63.34241319]
[1525248000, 7595.03, 7619.5, 7619.17, 7607.13, 65.17984747]
[1525244400, 7586.62, 7628.3, 7628.13, 7619.03, 79.2697933]
[1525240800, 7539.39, 7628.16, 7539.39, 7628.13, 103.90994685]
[1525237200, 7526.6, 7565, 7549.98, 7539.38, 27.80009395]
[1525233600, 7512.3, 7549.98, 7512.3, 7549.98, 21.49209191]
[1525230000, 7490.11, 7524.98, 7524.98, 7512.3, 10.7937845]
[1525226400, 7496.57, 7528.94, 7512.94, 7524.97, 5.67807991]
[1525222800, 7483.81, 7519.11, 7519.11, 7512.94, 23.1523119]
[1525219200, 7510, 7565.98, 7540.98, 7519.1, 26.61635102]
[1525215600, 7530.2, 7573.99, 7534.99, 7540.98, 28.47456595]
[1525212000, 7534.99, 7578.44, 7561.99, 7534.99, 31.57113505]
[1525208400, 7509.99, 7579.69, 7509.99, 7561.99, 74.62958339]
[1525204800, 7472.5, 7547.98, 7485.63, 7510, 51.91569724]
[1525201200, 7472.7, 7496.88, 7491.98, 7485.62, 19.72623646]
[1525197600, 7451.01, 7509.7, 7497.62, 7491.99, 42.95208864]
[1525194000, 7466.85, 7527.84, 7477, 7497.61, 50.64869936]
[1525190400, 7428, 7486.02, 7428.01, 7477, 47.50920867]
[1525186800, 7421.21, 7450, 7432.57, 7428.01, 45.98668735]
[1525183200, 7412.5, 7444.87, 7439, 7432.58, 61.16181094]
[1525179600, 7374.39, 7447, 7399.99, 7439.01, 73.65351901]
[1525176000, 7339, 7475, 7472.78, 7400, 148.44394642]
[1525172400, 7461.81, 7515, 7499.97, 7472.77, 38.80640946]
[1525168800, 7472.61, 7532.08, 7525, 7499.98, 58.67321569]
[1525165200, 7512.01, 7547.9, 7537, 7523.45, 72.79039137]
[1525161600, 7467.31, 7542.8, 7472.14, 7537, 54.21902068]
[1525158000, 7457.02, 7487.84, 7457.02, 7472.31, 69.85705612]
[1525154400, 7418.41, 7465.2, 7418.41, 7456.95, 57.84125011]
[1525150800, 7395.99, 7455.69, 7455.69, 7418.42, 49.08758936]
[1525147200, 7425.95, 7476.19, 7432.65, 7455.72, 23.86125077]
[1525143600, 7410.23, 7493.51, 7490, 7432.65, 27.95879122]
[1525140000, 7432.5, 7490.01, 7458.97, 7490.01, 35.85655662]
[1525136400, 7359.5, 7487.83, 7441.29, 7455.9, 106.13519887]
[1525132800, 7425.3, 7659, 7654.02, 7435.18, 214.41229725]
[1525129200, 7615.02, 7668.88, 7615.03, 7654.02, 34.89381632]
[1525125600, 7607.77, 7691.62, 7651.02, 7615.03, 62.30089461]
[1525122000, 7650.01, 7695.02, 7695.01, 7651.02, 74.63846891]
[1525118400, 7695.01, 7729.95, 7725.8, 7695.01, 54.05421001]
[1525114800, 7695, 7733, 7723.88, 7725.81, 66.96381052]
[1525111200, 7714, 7739.99, 7714.1, 7723.89, 43.92219579]
[1525107600, 7673.45, 7715.99, 7680.51, 7714.1, 65.32358181]
[1525104000, 7680, 7730, 7713.97, 7680.51, 76.91747056]
[1525100400, 7672, 7714, 7687.43, 7714, 63.7011122]
[1525096800, 7672.5, 7704.95, 7695.05, 7687.43, 73.36070241]
[1525093200, 7685, 7705.33, 7698.77, 7695.9, 82.2825835]
[1525089600, 7676.59, 7700, 7682.3, 7698.51, 60.64822428]
[1525086000, 7654.78, 7684.5, 7655.98, 7682.31, 49.99261141]
[1525082400, 7610, 7672.57, 7621.99, 7657.49, 75.35339934]
[1525078800, 7600.01, 7630.9, 7609.99, 7621.99, 61.8479588]
[1525075200, 7554.57, 7639, 7620.99, 7614.81, 144.54136987]
[1525071600, 7601.5, 7681.97, 7679.54, 7620.99, 103.33771839]
[1525068000, 7655, 7690.07, 7690.07, 7679.35, 39.40177841]
[1525064400, 7649, 7692.77, 7649.12, 7690.06, 17.98729803]
[1525060800, 7647.51, 7700.16, 7655, 7649.13, 27.0253124]
[1525057200, 7632.23, 7777.77, 7759.42, 7645.63, 52.9028207]
[1525053600, 7741.47, 7760, 7747, 7759.42, 13.14760612]
[1525050000, 7718.05, 7758.99, 7734.29, 7747.01, 9.60229919]
[1525046400, 7701.25, 7760, 7752.89, 7734.29, 25.19377784]
