[1531526400, 5338.69, 5373.55, 5338.7, 5364, 4.41174698]
[1531522800, 5323.32, 5355.99, 5333.02, 5338.7, 18.73807418]
[1531519200, 5313.18, 5333.11, 5333.11, 5333.02, 13.85097587]
[1531515600, 5294.64, 5349.8, 5298.21, 5333.11, 35.20735684]
[1531512000, 5250, 5338.5, 5303.13, 5295.03, 82.19365811]
[1531508400, 5300.84, 5352.81, 5352.81, 5303.15, 80.45097541]
[1531504800, 5350, 5432, 5374.67, 5352.81, 100.25720895]
[1531501200, 5367.43, 5382.3, 5374.34, 5374.67, 20.11222932]
[1531497600, 5360.01, 5393.85, 5373.95, 5374.34, 53.66786454]
[1531494000, 5361.44, 5375, 5366.12, 5375, 23.63471233]
[1531490400, 5350, 5375, 5370, 5362.84, 121.42598094]
[1531486800, 5370, 5396.76, 5394, 5370.01, 51.11324682]
[1531483200, 5381.6, 5398.06, 5397.74, 5394, 73.70384796]
[1531479600, 5390, 5399.76, 5390.01, 5397.74, 19.64714404]
[1531476000, 5380, 5397.08, 5382.51, 5390, 35.93111618]
[1531472400, 5376.93, 5395.5, 5376.93, 5382.94, 28.13454237]
[1531468800, 5371.07, 5378.48, 5375, 5376.94, 31.65795853]
[1531465200, 5358.04, 5402.72, 5358.04, 5374.99, 52.01962482]
[1531461600, 5354.26, 5367.32, 5361.75, 5358.04, 33.92413927]
[1531458000, 5358.87, 5363.16, 5359.37, 5361.89, 9.23629681]
[1531454400, 5356.07, 5373.98, 5358.9, 5361.36, 7.51617011]
[1531450800, 5356.06, 5360.91, 5356.06, 5358.9, 3.10679037]
[1531447200, 5349.15, 5358.99, 5349.16, 5356.06, 7.20611961]
[1531443600, 5344.56, 5356.43, 5356.43, 5349.16, 24.29004975]
[1531440000, 5348.39, 5388.08, 5360.01, 5356.43, 22.06398772]
[1531436400, 5218, 5401.62, 5285.35, 5360, 176.4432477]
[1531432800, 5255.88, 5298, 5297.59, 5285.36, 38.06571613]
[1531429200, 5292.35, 5305, 5300.86, 5297.48, 23.80728853]
[1531425600, 5293.73, 5303.82, 5302.33, 5301.3, 36.86052902]
[1531422000, 5286.79, 5302.99, 5298.22, 5302.99, 29.40758353]
[1531418400, 5289.77, 5303, 5301.12, 5298.84, 19.69470013]
[1531414800, 5292.2, 5306, 5304.56, 5301.12, 20.72091382]
[1531411200, 5286.79, 5309.43, 5286.8, 5304.56, 24.57831608]
[1531407600, 5278.88, 5301.67, 5297.02, 5286.75, 46.41841094]
[1531404000, 5288.46, 5321.1, 5299.99, 5297.48, 102.43015203]
[1531400400, 5291, 5306.51, 5300.14, 5299.35, 57.41196537]
[1531396800, 5299.82, 5319.79, 5305.4, 5300, 41.68724516]
[1531393200, 5293.1, 5313, 5304.63, 5305.39, 40.08802554]
[1531389600, 5281.25, 5312.88, 5308.5, 5304.63, 68.76888756]
[1531386000, 5300.34, 5319.72, 5313.67, 5310, 58.38429336]
[1531382400, 5280.01, 5315, 5292.99, 5313.47, 80.38846393]
[1531378800, 5269, 5331.55, 5324.29, 5292.99, 132.56549831]
[1531375200, 5300.7, 5424.66, 5421.11, 5325.63, 163.17197196]
[1531371600, 5410.01, 5422.35, 5422.35, 5421.11, 16.58321277]
[1531368000, 5418.93, 5437.7, 5437.7, 5422.81, 4.80493493]
[1531364400, 5422.77, 5439.49, 5422.77, 5437.13, 4.55684782]
[1531360800, 5411.12, 5438.83, 5429.01, 5420.96, 21.56989977]
[1531357200, 5429, 5462.27, 5462.27, 5429, 9.54272033]
[1531353600, 5444.35, 5470.01, 5470, 5460.3, 14.96733208]
[1531350000, 5458.8, 5470, 5461.19, 5469.99, 21.17012509]
[1531346400, 5446.77, 5467.56, 5446.77, 5459.76, 19.02079473]
[1531342800, 5446, 5469.99, 5455.09, 5446.77, 31.91063276]
[1531339200, 5445.06, 5459.99, 5446.98, 5455.1, 26.12088722]
[1531335600, 5403.22, 5447.97, 5440.78, 5446.98, 78.03735396]
[1531332000, 5439.29, 5449, 5448.21, 5442.03, 18.42779671]
[1531328400, 5431.52, 5458.34, 5431.52, 5448.22, 46.46425234]
[1531324800, 5415.61, 5442.52, 5442.52, 5431.53, 41.1687545]
[1531321200, 5432.96, 5442.65, 5442.52, 5442.52, 59.70672444]
[1531317600, 5440, 5455.25, 5440.02, 5442.52, 67.8333654]
[1531314000, 5431.77, 5453.81, 5435.19, 5440.02, 65.79510631]
[1531310400, 5431.56, 5470.43, 5456.37, 5438.03, 43.53411813]
[1531306800, 5433.91, 5478.46, 5435.98, 5456.37, 60.46197692]
[1531303200, 5411.98, 5436.96, 5419.99, 5435.97, 36.77496493]
[1531299600, 5412.39, 5457.8, 5454.61, 5420, 38.37067669]
[1531296000, 5420.8, 5455, 5422.4, 5454.68, 40.19516363]
[1531292400, 5385.07, 5447.73, 5386.62, 5429.22, 48.71419176]
[1531288800, 5366.03, 5415.38, 5410, 5383.7, 69.75670288]
[1531285200, 5378.64, 5419.45, 5419, 5410, 42.62705022]
[1531281600, 5407.5, 5429.69, 5413.72, 5421.72, 18.26524471]
[1531278000, 5407.8, 5436.4, 5431.35, 5413.72, 9.8798303]
[1531274400, 5431.84, 5440.87, 5437.51, 5436.5, 10.35556189]
[1531270800, 5440, 5454.23, 5452.52, 5440, 6.71208511]
[1531267200, 5372.99, 5457, 5383.31, 5445.16, 52.16673883]
[1531263600, 5362, 5435, 5432.42, 5378.9, 119.2733128]
[1531260000, 5421.03, 5444.44, 5444.44, 5432.72, 31.37916581]
[1531256400, 5444.45, 5458, 5444.99, 5444.45, 27.71409279]
[1531252800, 5432.34, 5450, 5436.26, 5445, 35.53543772]
[1531249200, 5427.86, 5441.06, 5441, 5436.26, 16.68283529]
[1531245600, 5424.28, 5445, 5431.92, 5441.01, 43.14623096]
[1531242000, 5418.78, 5440.6, 5427.77, 5431.92, 38.86611781]
[1531238400, 5421.43, 5464.44, 5451.54, 5421.43, 67.19794226]
[1531234800, 5445.31, 5463.69, 5455.54, 5451.21, 25.74965984]
[1531231200, 5432.14, 5466.01, 5464.93, 5455.03, 54.26216051]
[1531227600, 5445.35, 5474.41, 5454.52, 5464.94, 52.24008232]
[1531224000, 5421.43, 5461.24, 5439.52, 5456.5, 91.1967557]
[1531220400, 5413.41, 5547.73, 5539.11, 5439.52, 115.41234628]
[1531216800, 5416.1, 5539.95, 5511, 5536.55, 225.84693603]
[1531213200, 5500.01, 5638.01, 5638.01, 5511, 252.61664767]
[1531209600, 5632.01, 5645.58, 5638.01, 5638.01, 59.599468]
[1531206000, 5620.01, 5640, 5630.53, 5638.18, 47.27806019]
[1531202400, 5600, 5653.35, 5653.35, 5630.53, 95.43244374]
[1531198800, 5650, 5672.81, 5670.22, 5654.5, 14.95588051]
[1531195200, 5645.01, 5670.23, 5648.26, 5670.23, 27.58317036]
[1531191600, 5645.2, 5657.39, 5654.77, 5645.98, 41.12015104]
[1531188000, 5650, 5671.59, 5668.01, 5654.77, 34.49102542]
[1531184400, 5665.81, 5678.21, 5677.84, 5668, 8.62758481]
[1531180800, 5664.66, 5680, 5676.1, 5677.85, 6.99252317]
[1531177200, 5652.92, 5708.88, 5705.01, 5676.09, 47.48883916]
[1531173600, 5700, 5792.01, 5720, 5708.64, 153.01841296]
[1531170000, 5701, 5720.01, 5714.01, 5720.01, 21.87053496]
[1531166400, 5712, 5718.9, 5718.9, 5714.01, 29.24223615]
[1531162800, 5712, 5718.9, 5714.11, 5718.9, 32.05315755]
[1531159200, 5702.12, 5717.3, 5705.99, 5715.63, 22.65291282]
[1531155600, 5691.16, 5719.78, 5717.57, 5705.99, 50.44008951]
[1531152000, 5695.02, 5730.69, 5730.04, 5717.56, 42.95583622]
[1531148400, 5720.82, 5738.16, 5724, 5730.04, 37.18905365]
[1531144800, 5714.95, 5732.1, 5723.45, 5724, 52.03121894]
[1531141200, 5706.04, 5737.09, 5706.96, 5723.63, 51.18389213]
[1531137600, 5701, 5719.83, 5717.86, 5707.25, 31.51462275]
[1531134000, 5688.57, 5737.58, 5692.72, 5717.39, 44.25342759]
[1531130400, 5682.83, 5696.82, 5693.79, 5692.72, 92.328015]
[1531126800, 5671.26, 5720.01, 5720, 5693.79, 80.75680492]
[1531123200, 5716.3, 5729.18, 5728.67, 5720.01, 37.93595339]
[1531119600, 5707, 5739.79, 5715.26, 5718.57, 29.79990464]
[1531116000, 5695.1, 5723.98, 5698.63, 5722.32, 31.5457443]
[1531112400, 5692.28, 5707.61, 5703.86, 5698.64, 6.07737567]
[1531108800, 5701, 5714.83, 5713.42, 5703.89, 5.96637914]
[1531105200, 5701.86, 5720, 5713.21, 5713.42, 3.18791249]
[1531101600, 5700.5, 5716.5, 5716.5, 5707.14, 1.95030751]
[1531098000, 5698.75, 5725.74, 5725.51, 5716.51, 6.85193578]
[1531094400, 5704.15, 5733.13, 5718.16, 5729, 5.19709358]
[1531090800, 5681.02, 5749.51, 5749.51, 5718.66, 71.26038114]
[1531087200, 5745, 5755.61, 5755.61, 5750.69, 20.08163483]
[1531083600, 5750, 5761.64, 5761.64, 5755.61, 20.14349955]
[1531080000, 5752.95, 5766.6, 5752.96, 5761.64, 45.9473955]
[1531076400, 5752.95, 5753, 5752.97, 5752.96, 21.3447427]
[1531072800, 5738.19, 5754.97, 5752.29, 5752.97, 17.25139206]
[1531069200, 5743.48, 5758, 5756.2, 5753.45, 15.88759486]
[1531065600, 5740, 5759, 5744.5, 5756.2, 19.15862539]
[1531062000, 5734.99, 5757.03, 5739.5, 5744.2, 32.16327578]
[1531058400, 5730.75, 5739.5, 5739.5, 5739.5, 17.14166075]
[1531054800, 5727.5, 5740.02, 5734.46, 5739.5, 12.26625243]
[1531051200, 5731.04, 5745, 5745, 5734.97, 17.26924787]
[1531047600, 5727.5, 5745, 5733.65, 5744.92, 19.63773008]
[1531044000, 5727.02, 5737.45, 5736.03, 5732.55, 29.95405364]
[1531040400, 5731.46, 5737.45, 5735.32, 5736.03, 18.12769529]
[1531036800, 5731.51, 5736.41, 5733.83, 5735.31, 22.36251224]
[1531033200, 5724.34, 5734, 5732.96, 5733.9, 24.41154308]
[1531029600, 5731.41, 5732.98, 5731.41, 5732.96, 5.72516114]
[1531026000, 5720.52, 5733.99, 5731.81, 5731.42, 13.75087684]
[1531022400, 5714.66, 5740, 5738.42, 5731.81, 9.26817337]
[1531018800, 5733.64, 5745.38, 5745.38, 5739.01, 2.49037014]
[1531015200, 5732.86, 5750.97, 5750.77, 5745.35, 6.10926384]
[1531011600, 5732.44, 5752.52, 5751.67, 5750.77, 4.13278713]
[1531008000, 5735.2, 5773, 5758.73, 5751.67, 21.59688046]
[1531004400, 5621.65, 5800, 5621.65, 5758.73, 146.99562978]
[1531000800, 5584.03, 5620.11, 5585.13, 5620.11, 14.65690612]
[1530997200, 5579.2, 5590.65, 5586.68, 5585.15, 8.65443299]
[1530993600, 5578.28, 5602.34, 5602.34, 5586.68, 13.60605019]
[1530990000, 5594.92, 5605.02, 5605.02, 5602.34, 13.45786335]
[1530986400, 5591, 5605.02, 5600.88, 5605.02, 9.02466809]
[1530982800, 5594.06, 5607.78, 5606.41, 5600.88, 22.37530786]
[1530979200, 5591, 5609.66, 5601.67, 5606.41, 12.50392766]
[1530975600, 5591, 5613.03, 5613.03, 5601.67, 9.50389697]
[1530972000, 5579.78, 5620, 5582.71, 5613.03, 16.46245183]
[1530968400, 5563.98, 5601.75, 5601.75, 5581.83, 26.97550315]
[1530964800, 5583.08, 5639.99, 5627.66, 5601.12, 35.00560554]
[1530961200, 5615.5, 5628.67, 5620.74, 5626.79, 12.12027751]
[1530957600, 5607.24, 5620.75, 5615.01, 5620.74, 10.50322491]
[1530954000, 5605.98, 5620.17, 5617.66, 5614.88, 12.49745284]
[1530950400, 5615.67, 5637.8, 5630.2, 5617.66, 18.84549579]
[1530946800, 5614.29, 5638.47, 5625, 5630.2, 15.09143958]
[1530943200, 5617.44, 5639.28, 5639.28, 5624.98, 12.82735684]
[1530939600, 5632.7, 5643.14, 5632.7, 5639.54, 4.74369449]
[1530936000, 5632.71, 5642.62, 5635.26, 5632.71, 2.205435]
[1530932400, 5626.35, 5637, 5629, 5635.25, 5.396295]
[1530928800, 5607.3, 5636.67, 5620, 5629.81, 14.59341016]
[1530925200, 5620, 5635.33, 5635.33, 5620, 11.8173204]
[1530921600, 5626.51, 5647.8, 5641.39, 5638.17, 3.28059073]
[1530918000, 5620, 5649.68, 5620.02, 5641.39, 15.08267033]
[1530914400, 5612.56, 5650, 5612.56, 5620.01, 45.31180074]
[1530910800, 5600.05, 5614.07, 5613.25, 5612.56, 15.12317525]
[1530907200, 5605.79, 5625.96, 5605.79, 5612.03, 15.96951034]
[1530903600, 5602, 5612.45, 5602.02, 5605.8, 19.59272014]
[1530900000, 5590, 5630.01, 5630, 5602.05, 93.3172373]
[1530896400, 5598.01, 5634.14, 5601.51, 5630, 35.82118826]
[1530892800, 5598, 5614.52, 5603.24, 5601.5, 19.85858056]
[1530889200, 5590, 5608.06, 5590.97, 5598.05, 53.09714723]
[1530885600, 5588, 5599, 5591.08, 5590.98, 29.13994513]
[1530882000, 5580.91, 5617.98, 5617.98, 5596.44, 35.15623672]
[1530878400, 5589.55, 5673.23, 5591.01, 5615.92, 128.20966198]
[1530874800, 5573, 5600, 5586.16, 5591.49, 31.60846338]
[1530871200, 5562.01, 5599.61, 5562.03, 5586.15, 39.3763841]
[1530867600, 5553.41, 5585, 5572.17, 5563.75, 49.11298732]
[1530864000, 5547, 5590.12, 5550.94, 5571.96, 71.11903731]
[1530860400, 5524.2, 5561.77, 5532.57, 5551, 38.26308234]
[1530856800, 5530, 5575.51, 5569.98, 5532.57, 36.49468272]
[1530853200, 5573.17, 5599.43, 5595.31, 5573.17, 19.24785827]
[1530849600, 5553.22, 5600.93, 5600.92, 5595.25, 17.97024542]
[1530846000, 5600, 5600.99, 5600, 5600.92, 4.13310929]
[1530842400, 5587.4, 5600, 5587.4, 5600, 3.11242282]
[1530838800, 5585.22, 5597.8, 5597.8, 5586.89, 5.02342127]
[1530835200, 5594.11, 5600, 5599.76, 5597.8, 12.1052939]
[1530831600, 5585.01, 5607.77, 5592.91, 5600.69, 15.879772]
[1530828000, 5558.42, 5595.49, 5571.42, 5592.91, 17.33188]
[1530824400, 5555, 5580, 5578, 5570.99, 24.59176138]
[1530820800, 5561.76, 5587.62, 5581.57, 5578.01, 23.75067955]
[1530817200, 5542.77, 5581.89, 5556.92, 5581.88, 36.4804237]
[1530813600, 5550, 5639.34, 5627.47, 5559.49, 88.92720718]
[1530810000, 5613.01, 5644.31, 5644.26, 5624.87, 30.58204328]
[1530806400, 5643.79, 5680, 5660, 5644.56, 45.67786373]
