[1527926400, 6563.72, 6588, 6578.47, 6585.86, 25.68657735]
[1527922800, 6534.7, 6600, 6549.99, 6576.65, 128.5207722]
[1527919200, 6426.14, 6550, 6466.14, 6549.99, 161.42984529]
[1527915600, 6425, 6466.14, 6425, 6466.14, 6.13865744]
[1527912000, 6422.82, 6439.99, 6439.99, 6425, 4.36969078]
[1527908400, 6429.55, 6442.27, 6429.56, 6439.99, 4.37869929]
[1527904800, 6429.55, 6429.56, 6429.56, 6429.56, 2.00832752]
[1527901200, 6415.08, 6432.44, 6415.08, 6429.56, 3.23470338]
[1527897600, 6405.66, 6452.26, 6447.17, 6415.1, 8.9683363]
[1527894000, 6440, 6451.75, 6440, 6449.77, 9.30039961]
[1527890400, 6386.51, 6447.55, 6396.24, 6440.01, 26.98573161]
[1527886800, 6378, 6398.5, 6387.71, 6395.81, 16.64273573]
[1527883200, 6361.73, 6403.34, 6403.34, 6387.73, 29.81918878]
[1527879600, 6355.06, 6404.3, 6355.07, 6403.34, 23.97937254]
[1527876000, 6353.48, 6381.01, 6381, 6355.06, 23.16897322]
[1527872400, 6381, 6396.89, 6396.89, 6381.01, 26.37402574]
[1527868800, 6381.73, 6396.89, 6388.96, 6396.89, 33.00319963]
[1527865200, 6353.67, 6400, 6380, 6388.97, 51.3947766]
[1527861600, 6369, 6398.99, 6369, 6379.98, 69.7276141]
[1527858000, 6356.77, 6379.61, 6369.51, 6369, 37.62348308]
[1527854400, 6328, 6373.39, 6330.83, 6369.51, 76.04318684]
[1527850800, 6318.78, 6480.7, 6462.9, 6330.83, 111.72554435]
[1527847200, 6442.81, 6466.1, 6457.95, 6464.9, 41.69721527]
[1527843600, 6456.45, 6504, 6503, 6457.95, 74.84185021]
[1527840000, 6486, 6503.66, 6495.12, 6503, 44.79823369]
[1527836400, 6458.9, 6528.39, 6459.59, 6495.47, 106.24634987]
[1527832800, 6410.94, 6479, 6428.22, 6460.58, 64.03927723]
[1527829200, 6421.92, 6440.39, 6426.96, 6428.23, 10.34564212]
[1527825600, 6412.32, 6428.12, 6421.22, 6427.26, 5.59466616]
[1527822000, 6400, 6434.7, 6414.87, 6422.13, 5.30141268]
[1527818400, 6410.94, 6438, 6412, 6414.88, 3.06734674]
[1527814800, 6403, 6428.98, 6428.98, 6408.35, 9.34438838]
[1527811200, 6409, 6441, 6413.42, 6435.05, 16.57568794]
[1527807600, 6377, 6417.46, 6377.01, 6414.16, 11.94549757]
[1527804000, 6353, 6468.21, 6467.13, 6377.01, 76.2201715]
[1527800400, 6460, 6469.99, 6460.01, 6461.87, 21.25071296]
[1527796800, 6445.53, 6480, 6467.8, 6460, 64.69704766]
[1527793200, 6467.23, 6486, 6479.13, 6467.81, 41.41254232]
[1527789600, 6475, 6506.24, 6497.79, 6479.14, 55.76534758]
[1527786000, 6470.9, 6510, 6474.58, 6498.9, 62.42987294]
[1527782400, 6463.96, 6480.86, 6475.84, 6463.96, 30.26354134]
[1527778800, 6465.94, 6508.99, 6475.36, 6475.84, 83.65223746]
[1527775200, 6462.76, 6481.75, 6475, 6475.36, 46.96066645]
[1527771600, 6452.52, 6478.85, 6470.44, 6475, 46.79371906]
[1527768000, 6456.05, 6489.8, 6456.06, 6470.43, 51.3096155]
[1527764400, 6451, 6486.33, 6480.1, 6456.06, 49.12437567]
[1527760800, 6449.93, 6482.55, 6455.23, 6480.09, 33.6844707]
[1527757200, 6448.8, 6480, 6456.98, 6455.23, 47.6209807]
[1527753600, 6425.01, 6480, 6476.12, 6460.34, 47.92297141]
[1527750000, 6460.51, 6499.63, 6486.09, 6476.12, 41.65344476]
[1527746400, 6425.71, 6528.48, 6433.15, 6486.09, 100.99171122]
[1527742800, 6411.37, 6453.24, 6429.98, 6433.64, 34.28278596]
[1527739200, 6320.82, 6432, 6326.58, 6432, 55.92989465]
[1527735600, 6318.3, 6326.78, 6318.3, 6322.17, 3.38590832]
[1527732000, 6301.8, 6319.35, 6317.93, 6318.3, 9.02248757]
[1527728400, 6308.97, 6326.78, 6326.78, 6317.93, 6.35706487]
[1527724800, 6318.3, 6346.19, 6346.19, 6326.78, 15.27977984]
[1527721200, 6317.9, 6346.68, 6320.05, 6346.19, 20.80742034]
[1527717600, 6305.45, 6329.95, 6314.21, 6320.04, 26.55688914]
[1527714000, 6297, 6315, 6312.62, 6315, 38.28609053]
[1527710400, 6292.96, 6314.17, 6292.99, 6312.9, 35.13422422]
[1527706800, 6280, 6302.6, 6283.52, 6293.39, 37.17791623]
[1527703200, 6276.2, 6318.27, 6307.43, 6283.52, 43.03542504]
[1527699600, 6270.8, 6314.78, 6282.83, 6307.42, 45.10905969]
[1527696000, 6261, 6319.15, 6302.01, 6288, 77.76913486]
[1527692400, 6300, 6376.06, 6376.06, 6304.12, 125.19051324]
[1527688800, 6353, 6487.5, 6487.45, 6376.05, 172.9834227]
[1527685200, 6475.29, 6501.96, 6495.4, 6487, 47.15008669]
[1527681600, 6469.76, 6507.11, 6478.61, 6495.41, 37.27443164]
[1527678000, 6472.5, 6508.37, 6490.54, 6478.62, 68.54902649]
[1527674400, 6471, 6496, 6485.01, 6490.54, 47.62450618]
[1527670800, 6455.62, 6493.77, 6470.32, 6485, 50.45028124]
[1527667200, 6462.49, 6487.7, 6482.31, 6470.09, 53.9226106]
[1527663600, 6456.09, 6495.47, 6470.81, 6482.29, 49.17859013]
[1527660000, 6442.96, 6526.49, 6509.08, 6471.3, 71.7971218]
[1527656400, 6498.19, 6524, 6504, 6509.06, 30.7578601]
[1527652800, 6491.48, 6526.48, 6526.48, 6504, 15.07988275]
[1527645600, 6524.71, 6545, 6526.9, 6526.49, 10.33620002]
[1527642000, 6502.02, 6549.89, 6503.67, 6526.77, 21.16310489]
[1527638400, 6458.22, 6519.5, 6476.99, 6503.8, 18.35302045]
[1527634800, 6451.83, 6493.38, 6451.83, 6477.56, 26.24070099]
[1527631200, 6437.75, 6514.17, 6514.17, 6451.84, 52.587759]
[1527627600, 6495.39, 6523.11, 6519.85, 6513.86, 36.82856069]
[1527624000, 6483.49, 6537.82, 6486.99, 6516.35, 61.82303584]
[1527620400, 6469.36, 6493.36, 6479.04, 6487, 36.04536655]
[1527616800, 6455.57, 6534.94, 6511.77, 6477.01, 120.8454724]
[1527613200, 6446.18, 6545.88, 6458.74, 6512.27, 106.12984954]
[1527609600, 6436.78, 6461.45, 6446, 6458.74, 51.76136002]
[1527606000, 6413.04, 6446, 6435.02, 6446, 47.88368951]
[1527602400, 6408.65, 6464, 6457.67, 6435.03, 61.10366084]
[1527598800, 6409.32, 6468.25, 6415.46, 6457.68, 89.65589755]
[1527595200, 6386.42, 6448.35, 6407, 6415.46, 106.88142659]
[1527591600, 6220, 6480, 6220, 6407, 383.17191559]
[1527588000, 6163.25, 6220, 6186.4, 6219.8, 99.98916226]
[1527584400, 6169.5, 6195, 6180.01, 6186.41, 63.20965844]
[1527580800, 6154.45, 6183.83, 6182.5, 6180, 53.20130809]
[1527577200, 6120.38, 6185, 6131.31, 6181.74, 97.04869287]
[1527573600, 6102.23, 6136.82, 6115.17, 6131.7, 46.22335011]
[1527570000, 6101, 6136.99, 6134.08, 6114.92, 34.44901633]
[1527566400, 6122.16, 6146.66, 6127.62, 6133.98, 20.39741275]
[1527562800, 6119.87, 6137.33, 6119.88, 6126.91, 6.21876003]
[1527559200, 6099.41, 6125.33, 6125.33, 6119.36, 6.45082617]
[1527555600, 6080, 6134.4, 6124.69, 6125.34, 39.21670946]
[1527552000, 6118.23, 6137.6, 6125.45, 6124.69, 19.95842633]
[1527548400, 6113.99, 6138.99, 6134.96, 6114.37, 20.92567001]
[1527544800, 6101, 6171.73, 6165.91, 6142.28, 81.9298322]
[1527541200, 6150, 6219.99, 6219.99, 6172.5, 103.81735003]
[1527537600, 6212, 6243.31, 6227.5, 6219.99, 32.03016109]
[1527534000, 6210, 6239, 6212.68, 6228.28, 34.16581937]
[1527530400, 6211, 6220, 6215, 6212.82, 30.61367924]
[1527526800, 6179.25, 6220.01, 6220.01, 6215, 88.33532589]
[1527523200, 6220, 6233.33, 6225.6, 6220.01, 56.26353818]
[1527519600, 6220, 6263.49, 6251.94, 6225.69, 50.55636451]
[1527516000, 6245.32, 6271.3, 6262.45, 6245.33, 42.77983532]
[1527512400, 6253.21, 6285.11, 6282.85, 6263, 60.98955975]
[1527508800, 6180.1, 6300, 6211.97, 6288.47, 131.19360679]
[1527505200, 6199, 6221.1, 6220.01, 6211.97, 53.3200692]
[1527501600, 6189.2, 6223.19, 6191.63, 6220.01, 52.90197493]
[1527498000, 6191.62, 6221, 6203.81, 6191.62, 53.71978515]
[1527494400, 6190.01, 6204.17, 6196.16, 6202.98, 44.03311869]
[1527490800, 6170.9, 6204.75, 6179.99, 6196.21, 52.66854295]
[1527487200, 6147.67, 6180.81, 6147.68, 6176.09, 69.83197772]
[1527483600, 6143.73, 6278, 6259.18, 6147.68, 168.82170519]
[1527480000, 6237, 6313.98, 6307.07, 6253.12, 31.50064677]
[1527476400, 6294.99, 6368.71, 6299.6, 6311.45, 32.04243251]
[1527472800, 6294.99, 6305.11, 6300.51, 6301.19, 6.14587164]
[1527469200, 6270, 6311.97, 6295.16, 6299.92, 42.62475253]
[1527465600, 6275, 6309.99, 6295.4, 6295.16, 18.83416918]
[1527462000, 6287, 6312.19, 6291, 6297.01, 20.67989567]
[1527458400, 6277.99, 6291, 6278, 6290.99, 10.55965181]
[1527454800, 6274.32, 6285, 6274.8, 6278, 16.22265546]
[1527451200, 6268.49, 6275, 6268.5, 6274.8, 20.71863626]
[1527447600, 6260.47, 6279.76, 6266.85, 6268.5, 16.85425082]
[1527444000, 6260, 6325, 6298, 6266, 88.58667093]
[1527440400, 6290, 6300, 6300, 6298, 17.38033036]
[1527436800, 6282.3, 6300, 6292.47, 6300, 19.23449398]
[1527433200, 6291.61, 6300, 6300, 6292.46, 17.44808236]
[1527429600, 6269.84, 6309.63, 6281.68, 6300, 34.22158721]
[1527426000, 6269.88, 6297.77, 6295.51, 6282.53, 46.94248634]
[1527422400, 6295.5, 6310.01, 6310, 6295.5, 23.071189]
[1527418800, 6295, 6313.87, 6295.26, 6310.01, 43.24154954]
[1527415200, 6289, 6325, 6296, 6295.26, 62.84101637]
[1527411600, 6275.01, 6299, 6275.01, 6297.49, 42.97863291]
[1527408000, 6238.29, 6321.46, 6314.94, 6271.42, 56.92381108]
[1527404400, 6285, 6344.32, 6289.85, 6316.54, 25.50993826]
[1527400800, 6274.01, 6304, 6283.31, 6289.96, 13.9655651]
[1527397200, 6255.55, 6306.29, 6305.67, 6283.68, 11.38387976]
[1527393600, 6279.73, 6312.22, 6279.74, 6306.87, 8.93893103]
[1527390000, 6279.73, 6300.01, 6300, 6279.73, 14.21391588]
[1527386400, 6281.57, 6303.2, 6281.57, 6300.01, 11.02126055]
[1527382800, 6245.71, 6285.99, 6254.5, 6281.57, 8.72281416]
[1527379200, 6225.77, 6313.47, 6313.47, 6254.99, 62.16115197]
[1527375600, 6299.99, 6321.07, 6300, 6313.47, 22.82028338]
[1527372000, 6287.6, 6425.56, 6425.56, 6300, 65.75788764]
[1527368400, 6425, 6544.44, 6479, 6426.09, 47.67896718]
[1527364800, 6479, 6491.48, 6480.45, 6479, 10.06972431]
[1527361200, 6471.11, 6496.88, 6494.3, 6480.46, 12.81361256]
[1527357600, 6486.7, 6495, 6486.71, 6494.3, 11.65226277]
[1527354000, 6463.12, 6486.71, 6463.12, 6486.71, 10.60040575]
[1527350400, 6458.84, 6485.26, 6482.02, 6465, 16.37618994]
[1527346800, 6470.64, 6493.99, 6472.12, 6482.06, 16.37384886]
[1527343200, 6470, 6490.98, 6479.87, 6477.35, 18.9740195]
[1527339600, 6455.16, 6485, 6471.41, 6468.11, 22.43013421]
[1527336000, 6443, 6481.79, 6479.02, 6471.41, 43.06765261]
[1527332400, 6479.02, 6490.99, 6486.79, 6479.02, 19.7727376]
[1527328800, 6466, 6491.52, 6488.53, 6483.02, 19.3358139]
[1527325200, 6466.4, 6492.97, 6475.98, 6488.54, 20.36314726]
[1527321600, 6469.32, 6492.97, 6484, 6476, 19.37426642]
[1527318000, 6387.67, 6520, 6391.97, 6483.99, 114.97861203]
[1527314400, 6354, 6407.28, 6407.28, 6395.57, 22.84122359]
[1527310800, 6359.11, 6414.81, 6367.85, 6407.28, 6.15103135]
[1527307200, 6366.29, 6404.45, 6399.87, 6367.85, 11.71723701]
[1527303600, 6396.33, 6411.42, 6396.33, 6399.86, 2.73588386]
[1527300000, 6396.33, 6418.69, 6408.7, 6396.33, 1.47646786]
[1527296400, 6401.18, 6429.83, 6417.03, 6419.38, 4.33804631]
[1527292800, 6408.4, 6431.8, 6431.8, 6417.02, 6.51254817]
[1527289200, 6354.2, 6456.67, 6370.87, 6431.81, 23.10937564]
[1527285600, 6351, 6413.22, 6410.67, 6370.87, 28.69475953]
[1527282000, 6398.85, 6418.59, 6411.17, 6410, 16.77736261]
[1527278400, 6369.8, 6411.18, 6380.49, 6411.18, 24.49900999]
[1527274800, 6346, 6393.01, 6384.32, 6380.5, 35.38380785]
[1527271200, 6361.36, 6402.32, 6391.51, 6384.31, 32.08253017]
[1527267600, 6364.81, 6435.98, 6421.03, 6394.8, 59.15475038]
[1527264000, 6417.83, 6447.49, 6441.99, 6421.51, 28.0247166]
[1527260400, 6384.04, 6447.9, 6419.49, 6441.99, 33.74939547]
[1527256800, 6419.47, 6450, 6440, 6421.5, 52.93692602]
[1527253200, 6417, 6450, 6448.44, 6439.99, 42.92255166]
[1527249600, 6398.4, 6467.89, 6398.4, 6448.44, 60.62797078]
[1527246000, 6283.49, 6411, 6313.62, 6395.06, 134.67330719]
[1527242400, 6280, 6384, 6350.01, 6313.62, 102.04600762]
[1527238800, 6350, 6381.36, 6377.1, 6350.01, 54.09335891]
[1527235200, 6342.86, 6380, 6372.95, 6377, 79.01318915]
[1527231600, 6307.02, 6438.76, 6425.82, 6373.63, 145.74058543]
[1527228000, 6411, 6545.23, 6533.83, 6418.73, 81.65814384]
[1527224400, 6480.95, 6533.82, 6490.74, 6533.82, 28.1114133]
[1527220800, 6480.88, 6516.94, 6501.32, 6490.75, 17.52114668]
[1527217200, 6484.83, 6529.88, 6519, 6504.21, 11.21119391]
[1527213600, 6474.38, 6542.25, 6474.38, 6519, 45.30596104]
[1527210000, 6441, 6475.49, 6468, 6474.38, 7.40099163]
[1527206400, 6441, 6480, 6480, 6468.01, 15.61075428]
