[1535126400, 5597, 5639.9, 5606.2, 5639.21, 40.76412546]
[1535122800, 5600, 5619.74, 5608.7, 5606.15, 27.45112489]
[1535119200, 5580, 5650, 5649.91, 5608.71, 95.23830598]
[1535115600, 5635, 5668, 5653.78, 5649.91, 39.93378216]
[1535112000, 5622.56, 5663.98, 5651.53, 5653.78, 57.05217471]
[1535108400, 5651.53, 5675, 5661.17, 5651.53, 49.26338919]
[1535104800, 5646.43, 5665, 5649.95, 5662.19, 45.49426498]
[1535101200, 5639, 5659.8, 5648.63, 5649.96, 35.7854754]
[1535097600, 5637, 5654.33, 5652.46, 5648.7, 33.94167411]
[1535094000, 5637.06, 5674.98, 5637.08, 5651.95, 73.64863565]
[1535090400, 5631, 5650, 5645.94, 5637.06, 18.52356359]
[1535086800, 5629.32, 5647.22, 5634.17, 5645.94, 16.50839069]
[1535083200, 5620, 5634.17, 5630.03, 5634.16, 7.8242277]
[1535079600, 5630, 5643.72, 5636.4, 5630.03, 5.28884326]
[1535076000, 5629.99, 5650, 5629.99, 5641.92, 7.4605766]
[1535072400, 5620.01, 5630, 5620.01, 5630, 2.74221729]
[1535068800, 5620.01, 5666, 5662.61, 5620.01, 14.21586016]
[1535065200, 5631.53, 5665, 5638.47, 5662.61, 7.64590919]
[1535061600, 5619.1, 5686, 5619.1, 5640.37, 53.40115229]
[1535058000, 5566.69, 5619.9, 5566.69, 5619.5, 35.07222041]
[1535054400, 5564.23, 5580.24, 5564.23, 5567.25, 19.8463546]
[1535050800, 5532.46, 5600, 5591.1, 5564.24, 51.12259201]
[1535047200, 5590.01, 5606.02, 5606.02, 5591.1, 27.54636295]
[1535043600, 5590.55, 5617.27, 5590.55, 5606.37, 26.27979446]
[1535040000, 5570.04, 5614.78, 5574.11, 5590.55, 49.81613204]
[1535036400, 5563.27, 5583.41, 5575.11, 5576.26, 51.18751877]
[1535032800, 5556.82, 5605.97, 5559.74, 5579.49, 69.35666786]
[1535029200, 5550, 5568.16, 5566, 5559.75, 28.72742393]
[1535025600, 5535.2, 5566, 5537.35, 5566, 31.41888871]
[1535022000, 5534, 5556.12, 5556.12, 5536.04, 30.78251322]
[1535018400, 5550.62, 5570, 5562.36, 5556.12, 44.84843562]
[1535014800, 5538.49, 5574, 5573.93, 5562.36, 101.277589]
[1535011200, 5561.45, 5587.12, 5574.5, 5573.94, 57.82320037]
[1535007600, 5565, 5584.47, 5573.88, 5574.49, 26.77929349]
[1535004000, 5563, 5587.99, 5580.07, 5573.87, 26.86079172]
[1535000400, 5547.91, 5592.77, 5547.92, 5583.92, 31.03961756]
[1534996800, 5547.43, 5561.99, 5556, 5547.92, 5.95445885]
[1534993200, 5534.74, 5567.66, 5567.66, 5558.01, 3.64225055]
[1534989600, 5559.49, 5575, 5562, 5568.1, 2.62101794]
[1534986000, 5543.73, 5577.07, 5568.09, 5560.01, 20.2634435]
[1534982400, 5490.53, 5576.09, 5495, 5559.99, 29.80029557]
[1534978800, 5470.54, 5536.09, 5500.01, 5493.07, 45.835244]
[1534975200, 5415.18, 5565.56, 5515.01, 5500, 140.88615402]
[1534971600, 5450, 5520, 5474.51, 5515.01, 71.53248922]
[1534968000, 5450, 5564.85, 5564.85, 5474.99, 167.04251584]
[1534964400, 5554.99, 5568.63, 5561, 5564.84, 27.85225198]
[1534960800, 5557.05, 5583.01, 5583, 5561, 40.30447344]
[1534957200, 5555, 5587.4, 5560.01, 5583, 30.831887]
[1534953600, 5527, 5587.16, 5580.36, 5560, 193.88317241]
[1534950000, 5580.36, 5752.87, 5745.01, 5580.36, 156.35515366]
[1534946400, 5742, 5754.43, 5753.45, 5745.01, 25.93191458]
[1534942800, 5736.66, 5759.42, 5750.41, 5753.45, 46.7784403]
[1534939200, 5750.41, 5767.57, 5753.46, 5750.42, 37.40303987]
[1534935600, 5730, 5757, 5755.22, 5753.92, 48.76889348]
[1534932000, 5753.51, 5771.95, 5764.37, 5755.76, 44.06328808]
[1534928400, 5759.89, 5785, 5775.24, 5765.45, 75.55926715]
[1534924800, 5749.99, 5791.31, 5749.99, 5776.02, 84.79333766]
[1534921200, 5739.14, 5791.98, 5778.62, 5750, 106.44952623]
[1534917600, 5769.35, 5800, 5785.68, 5778.62, 69.06149526]
[1534914000, 5765.6, 5815, 5809, 5785.49, 53.66769269]
[1534910400, 5802.65, 5846.6, 5819.8, 5809, 18.03751862]
[1534906800, 5800, 5825.27, 5823.37, 5819.81, 21.05721002]
[1534903200, 5784.45, 5944.09, 5891.01, 5827.59, 77.29351774]
[1534899600, 5608.94, 5909.83, 5608.94, 5891.01, 438.29274815]
[1534896000, 5581.1, 5608.94, 5602.96, 5608.94, 10.13119494]
[1534892400, 5601.08, 5615, 5605.65, 5602.96, 12.20239806]
[1534888800, 5592.38, 5615, 5605.93, 5605.65, 15.10659693]
[1534885200, 5588.99, 5625, 5589, 5605.94, 43.09178517]
[1534881600, 5575, 5589, 5577.01, 5589, 22.83595328]
[1534878000, 5569.92, 5597.81, 5581, 5577.01, 30.30655536]
[1534874400, 5536, 5581, 5565.01, 5580.99, 51.62025285]
[1534870800, 5564.14, 5593.86, 5591.9, 5565.01, 38.05852414]
[1534867200, 5551, 5598.45, 5582.96, 5593.12, 39.70552116]
[1534863600, 5569.51, 5600, 5595.81, 5587, 35.75786805]
[1534860000, 5561, 5600, 5575, 5600, 34.8343697]
[1534856400, 5561.5, 5611.79, 5609.15, 5576.54, 55.82256639]
[1534852800, 5600, 5614, 5605.95, 5611.79, 32.83946897]
[1534849200, 5604, 5614.9, 5613.93, 5605.95, 29.7422166]
[1534845600, 5582.72, 5620, 5600.2, 5614.2, 29.34272252]
[1534842000, 5591.75, 5624.76, 5622.41, 5600.2, 45.43881972]
[1534838400, 5575.99, 5631, 5576, 5622.41, 69.12372995]
[1534834800, 5565.32, 5593.5, 5570.25, 5576, 34.75730073]
[1534831200, 5503.32, 5574, 5503.33, 5570.26, 50.86926512]
[1534827600, 5479.99, 5512, 5479.99, 5503.33, 38.60218341]
[1534824000, 5477.01, 5504.55, 5498.51, 5480, 14.46415563]
[1534820400, 5489.95, 5512.66, 5500.01, 5501.46, 10.17841544]
[1534816800, 5488, 5510.01, 5510.01, 5500.01, 7.51033743]
[1534813200, 5500.61, 5524.97, 5502.06, 5510.01, 5.87605051]
[1534809600, 5465, 5511.17, 5469.99, 5502.06, 15.45751793]
[1534806000, 5450, 5512.86, 5512.85, 5470, 65.06655249]
[1534802400, 5481, 5618, 5618, 5512.86, 160.11501891]
[1534798800, 5618, 5638.28, 5638.27, 5618, 33.41144857]
[1534795200, 5632.6, 5657.25, 5641.01, 5638.28, 33.42272184]
[1534791600, 5641.01, 5659.52, 5655.04, 5641.02, 32.39972028]
[1534788000, 5646, 5662.31, 5660.95, 5655.05, 44.76146144]
[1534784400, 5632, 5676.36, 5661.6, 5662.8, 58.37684637]
[1534780800, 5637.89, 5685.03, 5640.01, 5661.6, 71.7672425]
[1534777200, 5634, 5667.09, 5655.32, 5640, 45.21394704]
[1534773600, 5636.15, 5660, 5645.87, 5655.32, 39.51759727]
[1534770000, 5624.3, 5664.19, 5658.43, 5645.87, 49.79078075]
[1534766400, 5645.03, 5678.68, 5659.91, 5651.12, 55.50620411]
[1534762800, 5637.07, 5663.47, 5637.07, 5659.91, 36.7580932]
[1534759200, 5610.01, 5649.04, 5632.47, 5637.08, 56.26811281]
[1534755600, 5607.2, 5657.51, 5657.51, 5632.46, 62.4523133]
[1534752000, 5655.99, 5678, 5671.69, 5657.5, 34.89921319]
[1534748400, 5650.01, 5677.99, 5650.14, 5671.69, 24.50336601]
[1534744800, 5650.13, 5685, 5678.32, 5650.14, 39.64803674]
[1534741200, 5658, 5681.41, 5659.98, 5678.32, 10.88831276]
[1534737600, 5649.21, 5693.57, 5693.57, 5663.34, 9.08509952]
[1534734000, 5681.35, 5695.6, 5695.6, 5693.57, 6.81430062]
[1534730400, 5695.59, 5707, 5706.71, 5695.59, 2.95460317]
[1534726800, 5693.31, 5706.98, 5706.98, 5704.73, 6.68676333]
[1534723200, 5673.73, 5706.99, 5677.49, 5706.99, 28.34741268]
[1534719600, 5667.53, 5706.99, 5703.05, 5672.46, 21.87535052]
[1534716000, 5697, 5701, 5697.15, 5697.19, 25.49514023]
[1534712400, 5687.83, 5718.21, 5699.99, 5697.16, 51.82112127]
[1534708800, 5580, 5700, 5603.5, 5700, 269.79581663]
[1534705200, 5590.81, 5610.06, 5598.7, 5603.9, 18.65949007]
[1534701600, 5581.55, 5598.99, 5581.56, 5598.99, 25.87659468]
[1534698000, 5580, 5611.63, 5601.97, 5581.56, 33.81410527]
[1534694400, 5595, 5619.61, 5619.61, 5600.01, 29.75660454]
[1534690800, 5608, 5644.37, 5644.37, 5619.61, 21.47665841]
[1534687200, 5626.37, 5662.05, 5643.99, 5644.37, 51.30008883]
[1534683600, 5628.83, 5644, 5638.52, 5644, 19.35585111]
[1534680000, 5615.64, 5644.68, 5644.68, 5638.52, 15.59378452]
[1534676400, 5604.54, 5644.99, 5604.54, 5644.68, 24.72925618]
[1534672800, 5598.99, 5604.55, 5599, 5604.55, 8.01873438]
[1534669200, 5584.17, 5599, 5584.18, 5598.99, 10.33796512]
[1534665600, 5572.76, 5589.4, 5578.39, 5584.17, 7.06204201]
[1534662000, 5572.97, 5600.33, 5585.09, 5579.76, 16.98492788]
[1534658400, 5581.43, 5618, 5601.91, 5585.09, 14.79819059]
[1534654800, 5592.06, 5603.51, 5592.06, 5601.92, 6.68980566]
[1534651200, 5573.63, 5595.22, 5573.63, 5592.06, 3.99218892]
[1534647600, 5571, 5595.21, 5595.21, 5573.62, 9.54715896]
[1534644000, 5595.2, 5603.51, 5603.51, 5595.21, 2.35191078]
[1534640400, 5603.51, 5620.21, 5609.3, 5603.51, 2.79243864]
[1534636800, 5599.99, 5624.72, 5624.72, 5609.3, 9.94785929]
[1534633200, 5620.72, 5640, 5625.73, 5624.72, 8.91108577]
[1534629600, 5619.99, 5651, 5620, 5625.74, 18.39853841]
[1534626000, 5592.79, 5642.5, 5599.98, 5620, 30.78863277]
[1534622400, 5585, 5600, 5599.99, 5599.99, 25.22893624]
[1534618800, 5599.49, 5600, 5599.49, 5600, 8.74088607]
[1534615200, 5575.99, 5600, 5576, 5599.49, 26.63477904]
[1534611600, 5560, 5576, 5574.02, 5576, 21.49321532]
[1534608000, 5560, 5599.99, 5599.99, 5574.02, 26.69573576]
[1534604400, 5575, 5609.82, 5600, 5599.99, 58.75654041]
[1534600800, 5583.47, 5615.12, 5583.48, 5601.01, 44.13710829]
[1534597200, 5582.5, 5703.81, 5703.8, 5583.48, 140.70426161]
[1534593600, 5703.8, 5725.25, 5710.63, 5703.8, 28.18093061]
[1534590000, 5707.2, 5730, 5718.05, 5710.62, 19.18097498]
[1534586400, 5709.53, 5722.53, 5709.55, 5718.06, 22.49721655]
[1534582800, 5707.66, 5715, 5707.66, 5709.55, 15.62860437]
[1534579200, 5685.03, 5707.77, 5685.03, 5707.67, 11.88503625]
[1534575600, 5684.01, 5690, 5689.17, 5685.03, 23.00051185]
[1534572000, 5677.96, 5720.79, 5720.71, 5689.16, 42.11725833]
[1534568400, 5709, 5735.01, 5735.01, 5723.6, 14.94479699]
[1534564800, 5708.96, 5737.69, 5708.96, 5735, 5.60751193]
[1534561200, 5701.45, 5708.81, 5703.02, 5708.81, 7.44921091]
[1534557600, 5701.45, 5739.16, 5726.74, 5703.01, 14.98772308]
[1534554000, 5708.28, 5798, 5775.23, 5726.74, 54.31074265]
[1534550400, 5748.99, 5790, 5749, 5774.2, 36.02471069]
[1534546800, 5732.81, 5749, 5745, 5749, 36.29837297]
[1534543200, 5699.99, 5745, 5699.99, 5745, 73.19890697]
[1534539600, 5686.1, 5700, 5691.25, 5700, 23.72284574]
[1534536000, 5671.23, 5698.9, 5692.02, 5688.79, 23.67485314]
[1534532400, 5690, 5709.46, 5708.64, 5692.03, 37.14867688]
[1534528800, 5681, 5723.47, 5723.47, 5708.64, 52.81100281]
[1534525200, 5705.01, 5748.82, 5711.17, 5726.73, 95.15432647]
[1534521600, 5679.48, 5735, 5689.02, 5709.19, 55.7512319]
[1534518000, 5671.19, 5710, 5678.02, 5689.02, 64.07056314]
[1534514400, 5650.1, 5695.62, 5692.99, 5678.62, 61.77475536]
[1534510800, 5672.97, 5720, 5691.27, 5693, 101.15391286]
[1534507200, 5673.47, 5707.7, 5687.84, 5685.59, 47.90072931]
[1534503600, 5655.22, 5693.55, 5655.22, 5687.84, 38.97480361]
[1534500000, 5635, 5769, 5707.99, 5655.23, 175.26301411]
[1534496400, 5672.49, 5714.58, 5673.28, 5708, 47.13887869]
[1534492800, 5664, 5714.88, 5711.46, 5671.87, 55.71030227]
[1534489200, 5676.01, 5738.19, 5720, 5711.46, 101.81523347]
[1534485600, 5664, 5720, 5673.59, 5720, 55.75999614]
[1534482000, 5652.17, 5714.38, 5692.68, 5675.6, 30.22966421]
[1534478400, 5652.16, 5740, 5652.17, 5692.68, 67.85417483]
[1534474800, 5640.43, 5668.56, 5650.13, 5652.17, 5.16308229]
[1534471200, 5578.54, 5659.46, 5580.83, 5650.47, 16.25189553]
[1534467600, 5576.47, 5600, 5583.63, 5580.09, 8.71012375]
[1534464000, 5545.48, 5583.63, 5569.33, 5583.63, 13.04835486]
[1534460400, 5524.09, 5570.89, 5530.67, 5565.8, 24.93502051]
[1534456800, 5520.01, 5556.43, 5545.01, 5533.19, 23.52100149]
[1534453200, 5505.45, 5552, 5521.01, 5545.01, 50.69262871]
[1534449600, 5521, 5660, 5648.14, 5521.01, 158.58578679]
[1534446000, 5636.49, 5669.05, 5666.49, 5648.58, 30.56816168]
[1534442400, 5631, 5667.21, 5654.01, 5666.87, 47.40134505]
[1534438800, 5626.48, 5690, 5644.03, 5654.01, 120.17920144]
[1534435200, 5619.92, 5651.23, 5636.01, 5644.16, 46.71690296]
[1534431600, 5550, 5650, 5579.9, 5636.01, 97.32748881]
[1534428000, 5562.74, 5596.4, 5585, 5579.9, 59.91614146]
[1534424400, 5555, 5590, 5564.79, 5583.08, 51.5389751]
[1534420800, 5537, 5698, 5671.22, 5564.93, 135.93130303]
[1534417200, 5656, 5686.08, 5686.08, 5671.22, 52.93409409]
[1534413600, 5620, 5695, 5631.83, 5686.08, 74.3193505]
[1534410000, 5615, 5652, 5622.05, 5631.83, 53.58274801]
[1534406400, 5614.62, 5654, 5622.51, 5622.72, 85.95914132]
