[1537286400, 5441.99, 5460, 5442, 5447.43, 46.6571116]
[1537282800, 5434.6, 5469, 5442.91, 5441.99, 40.71668034]
[1537279200, 5440.21, 5454.71, 5445, 5441.29, 54.5835662]
[1537275600, 5412.91, 5466.99, 5416.4, 5445, 80.1699212]
[1537272000, 5369.99, 5434.99, 5370, 5417.99, 94.0015038]
[1537268400, 5351.72, 5374, 5360.01, 5370, 68.19029351]
[1537264800, 5360, 5373.65, 5371.99, 5360.01, 41.33292349]
[1537261200, 5350.1, 5371.48, 5369.25, 5368.96, 39.25963082]
[1537257600, 5361.46, 5394.28, 5383, 5369.26, 49.07013144]
[1537254000, 5367.47, 5395.86, 5367.48, 5383, 42.98879312]
[1537250400, 5360.66, 5386.31, 5377.86, 5367.48, 41.9166644]
[1537246800, 5363.99, 5382.47, 5364, 5378.41, 27.19357647]
[1537243200, 5350.01, 5364, 5350.01, 5363.75, 9.20369275]
[1537239600, 5348.17, 5360.54, 5360.54, 5350.01, 9.5474422]
[1537236000, 5348.18, 5362.09, 5359.99, 5360.55, 7.81855398]
[1537232400, 5354.28, 5364, 5363.99, 5354.28, 2.50118544]
[1537228800, 5350.01, 5374.29, 5372.01, 5364, 20.90352862]
[1537225200, 5365.96, 5389.22, 5366.01, 5372, 8.33231032]
[1537221600, 5340.39, 5373.81, 5353.48, 5367.75, 23.49308707]
[1537218000, 5329.09, 5360, 5334.93, 5353.48, 37.19528931]
[1537214400, 5324, 5372.01, 5372.01, 5330.94, 131.09434188]
[1537210800, 5362, 5413.15, 5394.36, 5372.01, 54.63102899]
[1537207200, 5394, 5427.22, 5395, 5394.36, 61.52568162]
[1537203600, 5368, 5395.09, 5372.01, 5394.16, 55.79257705]
[1537200000, 5372, 5389.85, 5379, 5372.01, 61.32101471]
[1537196400, 5343.28, 5440.38, 5440.34, 5378.99, 260.02527763]
[1537192800, 5413.09, 5490.33, 5490, 5440.39, 154.8478326]
[1537189200, 5480, 5534.69, 5534.69, 5490, 81.5506598]
[1537185600, 5527.57, 5558.01, 5558.01, 5534.68, 32.52979477]
[1537182000, 5558, 5568.52, 5568.52, 5558.01, 25.96276326]
[1537178400, 5568.51, 5577.75, 5573.94, 5568.52, 36.44929309]
[1537174800, 5521, 5579.78, 5562.31, 5572.17, 61.14336047]
[1537171200, 5554.72, 5569, 5565.89, 5563.48, 59.91927594]
[1537167600, 5560.05, 5586.62, 5579.43, 5569.06, 57.34878902]
[1537164000, 5571.06, 5585.48, 5579.8, 5582.37, 17.2456786]
[1537160400, 5564.83, 5580.97, 5568.47, 5579.79, 14.66371437]
[1537156800, 5562.18, 5603.65, 5603.62, 5576.47, 11.62281323]
[1537153200, 5600.91, 5611.98, 5611.98, 5603.62, 6.04692053]
[1537149600, 5606.53, 5613.55, 5610.85, 5611.98, 1.56233067]
[1537146000, 5606.28, 5614.71, 5614.71, 5610.85, 1.12097478]
[1537142400, 5596.68, 5617.84, 5596.69, 5614.71, 7.63701079]
[1537138800, 5589.68, 5602.32, 5594.32, 5597.74, 8.55765385]
[1537135200, 5580, 5595.05, 5590.43, 5594.32, 14.96488504]
[1537131600, 5580.88, 5605, 5603.6, 5589.23, 15.18065947]
[1537128000, 5597.71, 5605.5, 5597.71, 5603.61, 11.25771492]
[1537124400, 5582.45, 5605.11, 5582.45, 5597.71, 41.59391617]
[1537120800, 5575.87, 5593, 5579.79, 5583.14, 27.35321325]
[1537117200, 5550, 5580.3, 5580.3, 5579.79, 32.88744154]
[1537113600, 5575.01, 5580.3, 5580.3, 5580.29, 25.00141172]
[1537110000, 5576.92, 5588.3, 5582.43, 5580.3, 7.07732876]
[1537106400, 5576.92, 5590.83, 5590.83, 5584.05, 9.29483909]
[1537102800, 5586.32, 5605, 5604, 5590.82, 18.73746003]
[1537099200, 5592.98, 5605, 5598.38, 5604, 13.95304382]
[1537095600, 5594.84, 5602.64, 5595.2, 5598.39, 12.57475498]
[1537092000, 5593.07, 5595.2, 5595.17, 5595.19, 14.35325867]
[1537088400, 5590, 5595.8, 5590.66, 5595.17, 6.41402947]
[1537084800, 5557.42, 5593.79, 5557.42, 5590.67, 14.29156291]
[1537081200, 5553.98, 5579.83, 5573.61, 5557.51, 22.22099091]
[1537077600, 5568.81, 5578, 5569.1, 5578, 18.33974493]
[1537074000, 5559.64, 5569.1, 5559.64, 5569.1, 8.10115312]
[1537070400, 5518.37, 5599, 5599, 5555.43, 47.6565281]
[1537066800, 5599, 5600.01, 5600, 5599.01, 0.91917418]
[1537063200, 5600, 5606.53, 5600.01, 5600, 0.84742014]
[1537059600, 5600, 5622.02, 5610.01, 5600, 2.10106758]
[1537056000, 5610, 5624.31, 5624.31, 5610.01, 6.38119731]
[1537052400, 5624.3, 5624.82, 5624.82, 5624.31, 1.08854528]
[1537048800, 5609, 5636.32, 5609.59, 5624.82, 18.44830736]
[1537045200, 5593.13, 5628.1, 5627.99, 5614.53, 20.55555438]
[1537041600, 5601, 5637.22, 5632.77, 5620.33, 33.61648873]
[1537038000, 5613.5, 5637.63, 5613.51, 5632.52, 13.29884245]
[1537034400, 5613.13, 5647.84, 5641.97, 5613.5, 27.15490958]
[1537030800, 5640.23, 5650.38, 5650.38, 5641.96, 17.97765002]
[1537027200, 5632.65, 5650.66, 5633.02, 5650.37, 15.94316532]
[1537023600, 5633.01, 5644.58, 5639.01, 5633.01, 26.97290334]
[1537020000, 5639, 5650.88, 5640.93, 5639.01, 37.31113554]
[1537016400, 5618, 5669.15, 5618, 5640.93, 47.04406037]
[1537012800, 5612.59, 5618, 5614, 5618, 15.98293833]
[1537009200, 5602.64, 5617, 5617, 5613.52, 14.64152903]
[1537005600, 5610.03, 5617, 5615, 5617, 31.44805415]
[1537002000, 5608.14, 5618.86, 5618.86, 5615, 19.23111777]
[1536998400, 5603.14, 5618.99, 5603.14, 5618.86, 25.16385863]
[1536994800, 5583.46, 5605.44, 5591.47, 5603.14, 9.69418505]
[1536991200, 5585.62, 5596.89, 5596.89, 5591.46, 6.84952012]
[1536987600, 5584.99, 5606.49, 5602.22, 5596.87, 6.68570636]
[1536984000, 5594.26, 5605.21, 5594.26, 5602.21, 3.06285196]
[1536980400, 5594.25, 5603.43, 5597.7, 5594.26, 1.03848283]
[1536976800, 5594.94, 5609.01, 5608, 5594.94, 3.7725975]
[1536973200, 5580.42, 5607.74, 5581.01, 5607.74, 11.21994714]
[1536969600, 5579.98, 5592.55, 5588.65, 5581.01, 11.31342019]
[1536966000, 5580.01, 5618.05, 5617.27, 5588.65, 12.58164748]
[1536962400, 5593.76, 5619, 5608.78, 5615.4, 13.71329611]
[1536958800, 5606.46, 5618.21, 5615.03, 5606.46, 20.20202244]
[1536955200, 5605.78, 5619, 5618.99, 5615.03, 34.61382793]
[1536951600, 5576.5, 5619, 5576.51, 5619, 34.05206108]
[1536948000, 5575, 5580.16, 5579.23, 5576.51, 12.58891832]
[1536944400, 5579.63, 5610.01, 5610.01, 5579.63, 33.2539904]
[1536940800, 5561.77, 5611.9, 5561.77, 5610.01, 49.35413787]
[1536937200, 5535.63, 5565.92, 5539.36, 5561.77, 39.47935078]
[1536933600, 5530, 5543.16, 5543.16, 5537.31, 46.82216217]
[1536930000, 5512.15, 5556, 5550, 5543.15, 75.78253236]
[1536926400, 5540.09, 5562.32, 5553.63, 5548.71, 41.79589939]
[1536922800, 5520.1, 5555, 5523.4, 5553.64, 46.47229998]
[1536919200, 5495.55, 5545.94, 5499.49, 5523.4, 101.98558929]
[1536915600, 5495.04, 5546.53, 5495.04, 5499.5, 73.00311011]
[1536912000, 5470.17, 5605.99, 5603.33, 5495.04, 176.19996534]
[1536908400, 5602.1, 5625.63, 5614.14, 5603.33, 50.54636203]
[1536904800, 5594.03, 5619, 5612.21, 5614.13, 46.93892315]
[1536901200, 5598.27, 5629.5, 5602.54, 5611.79, 32.92588559]
[1536897600, 5595.97, 5617.11, 5611.54, 5602.54, 31.15258031]
[1536894000, 5603.18, 5631.3, 5603.18, 5611.53, 22.73038428]
[1536890400, 5554.43, 5609.01, 5554.43, 5600.72, 22.92432629]
[1536886800, 5538.29, 5568.51, 5541.27, 5554.42, 1.08351853]
[1536883200, 5536, 5574.7, 5552.53, 5541.21, 36.39018716]
[1536879600, 5549.73, 5575, 5553.63, 5557.11, 35.42973985]
[1536876000, 5536.09, 5567.78, 5536.09, 5553.63, 25.65981892]
[1536872400, 5530, 5550.84, 5544.75, 5536.09, 27.12214132]
[1536868800, 5500, 5551.22, 5529.4, 5544.24, 60.48809712]
[1536865200, 5516.45, 5568.62, 5568.62, 5529.4, 64.02346829]
[1536861600, 5568.61, 5595.71, 5582.98, 5568.62, 63.27454317]
[1536858000, 5576, 5600, 5598.4, 5582.99, 55.7951806]
[1536854400, 5563.19, 5600, 5563.2, 5598.4, 64.07365758]
[1536850800, 5563.19, 5578.68, 5578.68, 5563.19, 50.89127416]
[1536847200, 5570.22, 5595, 5578.01, 5578.68, 57.3935437]
[1536843600, 5540.14, 5583.27, 5543.49, 5578.01, 105.30924627]
[1536840000, 5538, 5584.75, 5570, 5543.49, 74.00841827]
[1536836400, 5546.43, 5570, 5556.01, 5569.99, 45.34858461]
[1536832800, 5538.3, 5569, 5551.93, 5556.01, 103.89928843]
[1536829200, 5526.69, 5576, 5534, 5551.93, 93.89660735]
[1536825600, 5504.2, 5536, 5507.47, 5534, 65.81742637]
[1536822000, 5488.43, 5510, 5502.83, 5507.47, 50.07085347]
[1536818400, 5492.01, 5506.99, 5500, 5502.83, 30.1709328]
[1536814800, 5492.01, 5509.86, 5509.33, 5500, 28.23842242]
[1536811200, 5495, 5516.88, 5495.01, 5509.33, 20.58657081]
[1536807600, 5495, 5505.76, 5501.54, 5497.54, 4.64332047]
[1536804000, 5486.48, 5511.35, 5501.01, 5501.03, 27.69489659]
[1536800400, 5483.34, 5515.9, 5510.97, 5501.01, 8.96837273]
[1536796800, 5453.75, 5535.73, 5453.76, 5509.6, 54.52307419]
[1536793200, 5441, 5455.54, 5451.4, 5453.75, 8.70870094]
[1536789600, 5414.22, 5450, 5432.38, 5450, 26.5362508]
[1536786000, 5421.66, 5451.75, 5432.52, 5432.38, 36.30825819]
[1536782400, 5415.42, 5433.07, 5433.07, 5431.66, 29.6195943]
[1536778800, 5425, 5440, 5432.12, 5433.07, 50.18792953]
[1536775200, 5395, 5469.61, 5405.33, 5433.13, 76.85456989]
[1536771600, 5385.18, 5419, 5394.18, 5405.33, 30.28341215]
[1536768000, 5384.75, 5409, 5400, 5397.1, 44.64303606]
[1536764400, 5387, 5411.87, 5405.14, 5399.99, 32.23115122]
[1536760800, 5389.99, 5419, 5415, 5405.15, 53.52144333]
[1536757200, 5391, 5415, 5394.67, 5414, 39.99188995]
[1536753600, 5391, 5419.89, 5395, 5393.82, 46.80320336]
[1536750000, 5378, 5399.59, 5389.19, 5395.01, 62.72353799]
[1536746400, 5385.61, 5403.5, 5392.45, 5390.89, 55.25133743]
[1536742800, 5379.99, 5398.81, 5380, 5392.53, 35.6610334]
[1536739200, 5350, 5398.06, 5384.52, 5380, 104.07605469]
[1536735600, 5365, 5406.17, 5406.17, 5384.99, 52.74509189]
[1536732000, 5405, 5431.98, 5422.76, 5406.17, 28.15899149]
[1536728400, 5409.05, 5438.52, 5418.07, 5422.75, 44.0765425]
[1536724800, 5396.96, 5421.12, 5405.83, 5418.02, 5.72657024]
[1536721200, 5375.73, 5407.37, 5407.1, 5405.83, 13.11204432]
[1536717600, 5390, 5412.79, 5401.02, 5406.42, 18.71118959]
[1536714000, 5401.01, 5412.8, 5409.55, 5401.02, 3.26503549]
[1536710400, 5403.34, 5430.01, 5422.5, 5408.27, 26.42408918]
[1536706800, 5417, 5436.22, 5427.18, 5422.51, 9.52726854]
[1536703200, 5427.17, 5442.42, 5439.99, 5427.18, 13.93663351]
[1536699600, 5387.09, 5440, 5401.34, 5440, 41.72466208]
[1536696000, 5387.26, 5418.01, 5418.01, 5401.33, 42.87644467]
[1536692400, 5385.95, 5420.14, 5394.1, 5418.01, 38.94178046]
[1536688800, 5358.73, 5399.97, 5399.97, 5394.09, 48.83534043]
[1536685200, 5384, 5408, 5407.91, 5399.97, 43.56940731]
[1536681600, 5391.09, 5418.99, 5400, 5407.91, 33.36683284]
[1536678000, 5341.97, 5404.14, 5368.99, 5400, 90.36163887]
[1536674400, 5325.69, 5435.95, 5435.3, 5369, 296.0061644]
[1536670800, 5429.55, 5441.01, 5429.55, 5435.29, 38.40491621]
[1536667200, 5421, 5440, 5428.77, 5429.54, 57.14728128]
[1536663600, 5412, 5469.89, 5460.31, 5428.77, 73.04229604]
[1536660000, 5447.47, 5480, 5474.01, 5459.85, 59.5435081]
[1536656400, 5452.52, 5480, 5452.58, 5474.01, 40.83405118]
[1536652800, 5430.14, 5463.31, 5445, 5453.04, 28.88851948]
[1536649200, 5445, 5460.75, 5457.37, 5445.01, 41.75151641]
[1536645600, 5454.38, 5475.55, 5462.81, 5459.89, 47.92621092]
[1536642000, 5452.42, 5470.34, 5458.6, 5462.81, 7.43267934]
[1536638400, 5458.53, 5487.72, 5482.51, 5467.84, 9.76724892]
[1536634800, 5482.51, 5510.52, 5493.59, 5482.51, 11.53487018]
[1536631200, 5480.17, 5527.91, 5495.54, 5493.59, 20.975511]
[1536627600, 5459.72, 5495.54, 5459.73, 5495.54, 23.5027401]
[1536624000, 5435.86, 5470, 5454.16, 5460.97, 14.51488725]
[1536620400, 5438.91, 5454.33, 5438.92, 5454.16, 8.97156245]
[1536616800, 5424, 5449.54, 5449.54, 5438.92, 14.28036039]
[1536613200, 5449, 5454, 5449.99, 5449.54, 13.00211881]
[1536609600, 5424.3, 5453.6, 5434.99, 5449.99, 18.52738695]
[1536606000, 5414.63, 5436, 5424.99, 5434.99, 47.75223874]
[1536602400, 5401.59, 5425, 5414.6, 5424.99, 37.65371477]
[1536598800, 5401.52, 5428.92, 5415.8, 5414.6, 42.76633731]
[1536595200, 5393, 5435.05, 5434.98, 5415.8, 64.08138616]
[1536591600, 5425, 5450, 5446.42, 5434.98, 63.97276758]
[1536588000, 5434.48, 5473.91, 5434.48, 5446.71, 75.25394612]
[1536584400, 5415.1, 5444.55, 5444.55, 5444.31, 73.81998064]
[1536580800, 5444.53, 5472.81, 5464, 5444.55, 49.53954422]
[1536577200, 5436.01, 5467.45, 5446.26, 5464, 38.72316075]
[1536573600, 5414.4, 5452.82, 5442.7, 5446.26, 52.89440706]
[1536570000, 5421.01, 5450.01, 5450.01, 5442.7, 69.06836242]
[1536566400, 5450, 5481.31, 5474.98, 5450, 58.66276594]
