[1539446400, 5403.23, 5403.26, 5403.23, 5403.26, 15.01104716]
[1539442800, 5399.56, 5403.24, 5399.57, 5403.24, 17.52563751]
[1539439200, 5395.75, 5400.01, 5400.01, 5399.57, 13.3349942]
[1539435600, 5400, 5403.22, 5403.21, 5400.01, 13.69333556]
[1539432000, 5399.56, 5410.71, 5410.71, 5403.21, 23.75008801]
[1539428400, 5399.99, 5410.71, 5400, 5410.7, 12.95031964]
[1539424800, 5398.01, 5403.52, 5400.98, 5400, 20.88732282]
[1539421200, 5396.43, 5400.99, 5397.37, 5400.99, 6.75028283]
[1539417600, 5390.7, 5398.04, 5391.36, 5397.37, 13.20307695]
[1539414000, 5383.65, 5393.64, 5391.2, 5391.35, 24.30208957]
[1539410400, 5391.05, 5393.34, 5391.05, 5391.21, 9.53457529]
[1539406800, 5387.83, 5401.61, 5391.99, 5391, 12.03237374]
[1539403200, 5380.43, 5392, 5389.39, 5392, 6.6097432]
[1539399600, 5386.35, 5392.85, 5392.82, 5389.4, 4.67807705]
[1539396000, 5385.17, 5401.87, 5399.23, 5393.17, 5.27984037]
[1539392400, 5393.69, 5399.25, 5399.21, 5399.24, 2.06139836]
[1539388800, 5380, 5400, 5389, 5399.22, 4.88488115]
[1539385200, 5382.78, 5395, 5390.82, 5389, 9.66815664]
[1539381600, 5379.4, 5392.89, 5392.64, 5390.82, 17.75617331]
[1539378000, 5392.63, 5400.71, 5396.99, 5392.63, 15.6221477]
[1539374400, 5391.97, 5397, 5391.98, 5397, 14.36046957]
[1539370800, 5391.97, 5391.99, 5391.99, 5391.98, 25.96544648]
[1539367200, 5391, 5392.96, 5391, 5391.99, 13.88226657]
[1539363600, 5391, 5407.21, 5398.37, 5391.01, 18.66287658]
[1539360000, 5397.17, 5407.83, 5407.83, 5398.36, 22.67848144]
[1539356400, 5393.03, 5408.64, 5393.04, 5407.83, 37.36628586]
[1539352800, 5393.03, 5400, 5396.36, 5393.03, 27.1984779]
[1539349200, 5390.32, 5403, 5403, 5396.36, 52.0066117]
[1539345600, 5382.48, 5404.6, 5382.48, 5403, 34.33925067]
[1539342000, 5380.09, 5394.57, 5389.73, 5382.49, 60.48776195]
[1539338400, 5380, 5391.8, 5380.5, 5389.73, 36.0980137]
[1539334800, 5380.5, 5390.01, 5390.01, 5380.51, 30.90971439]
[1539331200, 5390, 5398, 5393.95, 5390.01, 46.69510137]
[1539327600, 5390.5, 5409.85, 5392.01, 5393.96, 56.20880049]
[1539324000, 5375.99, 5392.72, 5376, 5392.01, 45.75722202]
[1539320400, 5362, 5376, 5365.36, 5376, 20.09822563]
[1539316800, 5352.29, 5373.44, 5358.47, 5365.35, 8.29372431]
[1539313200, 5345.27, 5360, 5345.27, 5356.66, 5.16833438]
[1539309600, 5345.27, 5351.3, 5345.36, 5345.27, 6.31559354]
[1539306000, 5325, 5345.37, 5325.32, 5345.37, 12.45173362]
[1539302400, 5303.32, 5338.55, 5320.93, 5325.33, 29.60239884]
[1539298800, 5306, 5360, 5353.88, 5320.94, 45.60983693]
[1539295200, 5347.47, 5368, 5367.99, 5353.88, 26.8752982]
[1539291600, 5357.18, 5383, 5382.99, 5368, 31.78332207]
[1539288000, 5330, 5383.53, 5376, 5383, 87.94072246]
[1539284400, 5372.02, 5379.18, 5372.02, 5376.01, 30.41798969]
[1539280800, 5371.97, 5390.71, 5390.7, 5372.02, 37.63850777]
[1539277200, 5388.34, 5397.91, 5388.35, 5390.71, 41.32643828]
[1539273600, 5380.86, 5399.39, 5389.05, 5388.35, 56.21504559]
[1539270000, 5376.21, 5398.65, 5397.2, 5389.08, 63.4991187]
[1539266400, 5391.05, 5415.83, 5391.05, 5397.21, 66.83701251]
[1539262800, 5317, 5417.52, 5370.27, 5391.05, 216.48418589]
[1539259200, 5367.75, 5380.37, 5367.76, 5370.28, 69.53750137]
[1539255600, 5365.15, 5386.3, 5386.29, 5367.75, 69.17029741]
[1539252000, 5380.01, 5403.79, 5401, 5386.29, 75.41801439]
[1539248400, 5390, 5402.8, 5402.8, 5401.01, 66.92321439]
[1539244800, 5392.3, 5414.53, 5392.3, 5402.8, 93.24978248]
[1539241200, 5369, 5394.32, 5387.49, 5392.31, 99.50736744]
[1539237600, 5355, 5412.55, 5399.84, 5387.5, 105.46092155]
[1539234000, 5380, 5423.59, 5418.01, 5399.84, 116.66809009]
[1539230400, 5404.53, 5435.85, 5408.01, 5418.01, 47.39799786]
[1539226800, 5382.52, 5420.49, 5382.52, 5408.02, 25.14610603]
[1539223200, 5355, 5448.65, 5448.64, 5382.53, 94.36363502]
[1539219600, 5380.05, 5635.01, 5635.01, 5448.65, 684.32930705]
[1539216000, 5635, 5669.08, 5669.07, 5635.01, 58.69840926]
[1539212400, 5667.87, 5669.08, 5667.89, 5669.08, 4.9728682]
[1539208800, 5665, 5675.66, 5675.66, 5667.84, 23.700463]
[1539205200, 5675.4, 5693.11, 5693.11, 5675.68, 15.27519173]
[1539201600, 5683, 5696.28, 5690, 5693.1, 25.82334675]
[1539198000, 5685.05, 5695, 5691.96, 5690, 44.87093154]
[1539194400, 5674.02, 5692.19, 5674.03, 5691.95, 28.82630935]
[1539190800, 5658, 5675, 5662.17, 5674.03, 33.9933012]
[1539187200, 5660.01, 5664.49, 5661.23, 5662.18, 26.49889924]
[1539183600, 5661.24, 5678.66, 5678.65, 5661.24, 34.99630319]
[1539180000, 5678.65, 5683.01, 5683, 5678.65, 30.76331955]
[1539176400, 5679.77, 5685.01, 5685.01, 5683.02, 48.49347129]
[1539172800, 5681.55, 5688.78, 5681.56, 5685.01, 29.91728485]
[1539169200, 5678.65, 5686.92, 5678.66, 5681.56, 35.99800204]
[1539165600, 5678.65, 5689.39, 5689.39, 5678.66, 46.93669058]
[1539162000, 5689.38, 5696.82, 5690, 5689.39, 47.74822365]
[1539158400, 5664.38, 5690.02, 5671.13, 5690, 98.04673065]
[1539154800, 5667.78, 5671.67, 5668.69, 5671.13, 22.95547907]
[1539151200, 5640, 5669.66, 5646.18, 5668.84, 45.22757451]
[1539147600, 5641.35, 5710.11, 5710.1, 5646.19, 117.75217724]
[1539144000, 5709.07, 5713.95, 5709.08, 5710.2, 10.49033142]
[1539140400, 5709.07, 5730.12, 5730.12, 5709.07, 18.83837788]
[1539136800, 5730, 5735.91, 5731.18, 5730.11, 6.29475304]
[1539133200, 5730.41, 5750.51, 5750.51, 5731.19, 21.33899987]
[1539129600, 5750.5, 5754.89, 5754.89, 5750.5, 9.37460398]
[1539126000, 5754.88, 5758, 5754.89, 5754.89, 5.26614124]
[1539122400, 5754.85, 5754.9, 5754.86, 5754.89, 9.5421477]
[1539118800, 5752.01, 5754.97, 5752.09, 5754.85, 15.5773152]
[1539115200, 5752.01, 5761.01, 5761.01, 5752.09, 26.29076187]
[1539111600, 5755, 5762.99, 5755.01, 5761, 24.37051479]
[1539108000, 5752.04, 5756.86, 5752.05, 5755.01, 27.33291157]
[1539104400, 5752.01, 5753.29, 5752.02, 5752.05, 25.66453423]
[1539100800, 5752.02, 5753.32, 5753.31, 5752.03, 21.64063688]
[1539097200, 5752, 5759.64, 5752, 5753.32, 38.46336516]
[1539093600, 5752, 5758.46, 5758.46, 5752.01, 35.37906783]
[1539090000, 5758.45, 5771.58, 5771.58, 5758.45, 47.81602497]
[1539086400, 5770, 5785, 5784.01, 5771.58, 37.95826984]
[1539082800, 5778, 5790.01, 5790, 5784.01, 44.60064489]
[1539079200, 5778, 5792, 5778, 5790, 86.27292625]
[1539075600, 5760, 5779, 5768.75, 5778.01, 38.19639081]
[1539072000, 5761, 5778.92, 5773.63, 5769.66, 44.42296091]
[1539068400, 5760, 5773.76, 5768.93, 5773.64, 27.15033755]
[1539064800, 5757.8, 5770.9, 5758.95, 5768.93, 25.42231597]
[1539061200, 5754.74, 5769.9, 5767.19, 5765.23, 9.62312316]
[1539057600, 5754.74, 5767.51, 5760.19, 5767.01, 4.32785689]
[1539054000, 5747.26, 5767.31, 5763, 5761.78, 12.16652095]
[1539050400, 5755, 5766.17, 5762.18, 5762.99, 8.50142319]
[1539046800, 5752.55, 5769.76, 5769.75, 5766.76, 10.10272053]
[1539043200, 5748.64, 5774, 5769.34, 5770.88, 28.51409234]
[1539039600, 5763.02, 5769.34, 5768.01, 5768.62, 10.06763347]
[1539036000, 5768.01, 5784.99, 5784, 5768.01, 15.61026684]
[1539032400, 5777.05, 5785, 5782.31, 5783.99, 21.56396155]
[1539028800, 5777.13, 5793, 5793, 5782.31, 22.42025156]
[1539025200, 5764.41, 5793, 5764.42, 5793, 33.08906022]
[1539021600, 5763, 5781.58, 5781.58, 5764.42, 30.14913398]
[1539018000, 5773.32, 5781.9, 5778.13, 5781.58, 22.83523032]
[1539014400, 5769, 5794.66, 5780.39, 5778.14, 57.05162721]
[1539010800, 5780.12, 5799, 5780.13, 5780.4, 47.50383372]
[1539007200, 5770.1, 5784.39, 5776.01, 5780.13, 62.6425307]
[1539003600, 5756, 5793.05, 5788.02, 5776.01, 105.57859238]
[1539000000, 5750.89, 5820, 5754.01, 5788.02, 136.86493342]
[1538996400, 5738.06, 5765, 5738.99, 5754.01, 76.43366753]
[1538992800, 5718.11, 5739, 5718.12, 5739, 37.50604719]
[1538989200, 5704.17, 5722.44, 5717.96, 5718.12, 57.2761245]
[1538985600, 5705.77, 5720, 5705.77, 5717.97, 34.38186656]
[1538982000, 5705, 5709.8, 5705, 5705.76, 15.86216163]
[1538978400, 5705, 5705.01, 5705.01, 5705.01, 21.66114971]
[1538974800, 5682.5, 5708.5, 5704.64, 5705, 28.62785423]
[1538971200, 5701.55, 5713.97, 5706.62, 5708.55, 6.62054981]
[1538967600, 5696.86, 5716.99, 5711.44, 5709.42, 6.36522179]
[1538964000, 5710.26, 5719.17, 5715.23, 5711.34, 7.67769965]
[1538960400, 5710.04, 5720, 5715.11, 5715.23, 3.68831807]
[1538956800, 5710, 5722.08, 5715.69, 5718.59, 4.9435164]
[1538953200, 5688.66, 5725, 5688.66, 5715.69, 32.40734157]
[1538949600, 5684.67, 5692.27, 5692.01, 5688.67, 14.64385649]
[1538946000, 5689, 5692.26, 5692.25, 5692.01, 10.61651031]
[1538942400, 5692.24, 5693.34, 5692.26, 5692.24, 16.65059583]
[1538938800, 5691.29, 5692.27, 5691.3, 5692.24, 11.86676766]
[1538935200, 5689.16, 5691.5, 5689.17, 5691.3, 11.16291349]
[1538931600, 5684.54, 5689.17, 5684.55, 5689.16, 16.14949013]
[1538928000, 5683.13, 5689.16, 5686.01, 5684.54, 11.61581625]
[1538924400, 5682.54, 5687, 5682.54, 5686.01, 14.85795238]
[1538920800, 5682.51, 5684.42, 5684.33, 5682.55, 12.76249637]
[1538917200, 5678.87, 5684.34, 5678.9, 5684.34, 11.81934876]
[1538913600, 5675.5, 5682.75, 5678.01, 5678.9, 8.36333727]
[1538910000, 5676.55, 5684.68, 5679.75, 5678.04, 13.26913407]
[1538906400, 5676.08, 5690, 5679.34, 5679.75, 14.58311061]
[1538902800, 5673.67, 5685.68, 5673.67, 5679.34, 12.15279064]
[1538899200, 5661, 5693.01, 5693.01, 5673.67, 30.27169327]
[1538895600, 5693, 5703.26, 5703.25, 5693.01, 9.54214771]
[1538892000, 5703, 5709.51, 5709.5, 5703.26, 4.12246053]
[1538888400, 5703, 5709.91, 5709.91, 5709.51, 2.98210146]
[1538884800, 5709.87, 5709.91, 5709.88, 5709.9, 1.03178557]
[1538881200, 5706.03, 5713.57, 5713.56, 5709.87, 2.2764994]
[1538877600, 5707.16, 5713.57, 5707.16, 5713.57, 0.91614205]
[1538874000, 5686.94, 5713.56, 5704.16, 5707.17, 39.46130658]
[1538870400, 5700.1, 5704.16, 5704.14, 5704.15, 4.19671207]
[1538866800, 5696.31, 5706.98, 5696.32, 5704.14, 4.40463633]
[1538863200, 5692.5, 5706.7, 5705.99, 5696.31, 6.6937813]
[1538859600, 5700.67, 5706.58, 5705.69, 5706, 11.66210069]
[1538856000, 5697.1, 5705.7, 5697.1, 5705.69, 11.42721483]
[1538852400, 5692, 5699.99, 5699.99, 5697.11, 17.42234637]
[1538848800, 5699.98, 5699.99, 5699.98, 5699.99, 12.61314104]
[1538845200, 5696.13, 5700, 5696.14, 5699.99, 14.3428296]
[1538841600, 5695.99, 5696.14, 5695.99, 5696.13, 22.89870294]
[1538838000, 5695, 5696, 5695.99, 5696, 13.8018882]
[1538834400, 5692.01, 5700.11, 5697.38, 5696, 20.76365699]
[1538830800, 5693, 5700.69, 5700, 5697.38, 19.01897466]
[1538827200, 5693.81, 5700.9, 5700.89, 5700, 12.30424317]
[1538823600, 5691, 5722.01, 5722.01, 5700.9, 39.51721896]
[1538820000, 5718.01, 5726.68, 5718.01, 5722.01, 15.95931902]
[1538816400, 5714.02, 5721.89, 5717.17, 5718.21, 16.5820115]
[1538812800, 5711.01, 5719.99, 5719.99, 5717.18, 10.36437206]
[1538809200, 5712.06, 5721.91, 5712.55, 5719.99, 12.87505178]
[1538805600, 5709.01, 5714.71, 5714.71, 5711.86, 7.96208857]
[1538802000, 5708.41, 5715.62, 5708.42, 5714.71, 6.68530018]
[1538798400, 5700.55, 5708.33, 5704.82, 5708.33, 1.09182718]
[1538794800, 5698.04, 5705, 5702.7, 5704.83, 1.70322747]
[1538791200, 5690.46, 5717.34, 5717.01, 5702, 13.90181257]
[1538787600, 5716.1, 5717.33, 5717.32, 5716.91, 1.65733195]
[1538784000, 5717, 5734.66, 5734.66, 5717.33, 8.16450558]
[1538780400, 5714.96, 5734.66, 5714.97, 5734.66, 13.05677818]
[1538776800, 5697.43, 5750, 5698.69, 5714.97, 81.02106613]
[1538773200, 5689.01, 5698.69, 5689.02, 5698.69, 13.82676711]
[1538769600, 5688.71, 5692, 5691.01, 5689.02, 22.67763444]
[1538766000, 5690, 5692, 5690.01, 5691.01, 20.28983954]
[1538762400, 5690, 5692.98, 5691.01, 5690.01, 26.18619388]
[1538758800, 5690.86, 5702.21, 5695.01, 5691.02, 20.51923787]
[1538755200, 5695, 5705, 5701.02, 5695.01, 34.89825232]
[1538751600, 5696.86, 5704.5, 5696.86, 5701.02, 19.58479872]
[1538748000, 5692.1, 5700.16, 5695, 5696.87, 26.74399577]
[1538744400, 5691.62, 5701.39, 5691.62, 5695.01, 47.51064827]
[1538740800, 5691.01, 5703.9, 5693.95, 5691.63, 28.02856465]
[1538737200, 5691.04, 5703.7, 5692.11, 5693.96, 35.39701862]
[1538733600, 5692, 5700.9, 5696.69, 5692.84, 30.08464336]
[1538730000, 5689, 5696.69, 5695.68, 5696, 29.10998826]
[1538726400, 5681.17, 5696.02, 5690, 5695.68, 43.38258597]
