[1538726400, 5681.17, 5696.02, 5690, 5695.68, 43.38258597]
[1538722800, 5690, 5705.01, 5705, 5690.01, 22.56450026]
[1538719200, 5690, 5706.65, 5696.57, 5705.01, 28.14056397]
[1538715600, 5687.4, 5696.58, 5688.62, 5696.57, 9.22140186]
[1538712000, 5688.62, 5689.4, 5689.39, 5688.63, 6.41008364]
[1538708400, 5676.67, 5689.4, 5676.67, 5689.39, 5.78154332]
[1538704800, 5658.83, 5716.97, 5716.96, 5676.67, 45.77441174]
[1538701200, 5692.22, 5726.81, 5725.01, 5716.96, 25.54420924]
[1538697600, 5700, 5730, 5700, 5725.02, 21.61095737]
[1538694000, 5700, 5704.7, 5704.01, 5700.01, 5.85101655]
[1538690400, 5698.41, 5707.99, 5699.69, 5704.35, 14.3964611]
[1538686800, 5680, 5699.69, 5695.67, 5699.69, 25.35732079]
[1538683200, 5678.16, 5718.6, 5718.46, 5695.68, 55.23209724]
[1538679600, 5711, 5723.62, 5717, 5718.46, 30.98032424]
[1538676000, 5710.33, 5720, 5710.33, 5717, 22.79481766]
[1538672400, 5708.01, 5711.62, 5708.01, 5710.34, 19.79720125]
[1538668800, 5704.19, 5710, 5707.02, 5708.02, 25.31872534]
[1538665200, 5685, 5709.99, 5685, 5707.03, 26.2634789]
[1538661600, 5685, 5697.71, 5697.7, 5685, 36.75545593]
[1538658000, 5683.5, 5697.97, 5683.51, 5697.71, 25.13434408]
[1538654400, 5683.5, 5695.76, 5691.29, 5683.51, 30.53405809]
[1538650800, 5691.04, 5699.7, 5691.04, 5691.29, 22.67075235]
[1538647200, 5690, 5719.29, 5710.48, 5691.04, 54.58451257]
[1538643600, 5702.67, 5716.61, 5710.96, 5710.49, 37.05430127]
[1538640000, 5702.62, 5719.99, 5702.63, 5710.97, 46.72461001]
[1538636400, 5697.34, 5714.21, 5700, 5702.62, 29.30319362]
[1538632800, 5679.01, 5716, 5712.71, 5700, 56.04551517]
[1538629200, 5708.32, 5729.76, 5729.76, 5712.71, 20.62398595]
[1538625600, 5725.01, 5736.12, 5725.01, 5729.75, 13.14214934]
[1538622000, 5725, 5730.05, 5730.05, 5725.01, 4.27363452]
[1538618400, 5730.04, 5730.05, 5730.05, 5730.05, 7.45906529]
[1538614800, 5659.17, 5746.54, 5659.17, 5730.05, 92.54034195]
[1538611200, 5639.01, 5665, 5639.02, 5659.18, 14.77412969]
[1538607600, 5618.99, 5660.66, 5619, 5639.02, 57.0924357]
[1538604000, 5609.99, 5620.1, 5620.1, 5618.99, 12.97875941]
[1538600400, 5622.89, 5640, 5623.05, 5622.89, 18.77333862]
[1538596800, 5602.53, 5623.05, 5602.54, 5623.04, 28.87979512]
[1538593200, 5601.4, 5618.75, 5615.49, 5602.54, 18.0713947]
[1538589600, 5615.48, 5643.99, 5643.99, 5615.48, 27.60847998]
[1538586000, 5634.81, 5643.99, 5637.34, 5643.98, 20.55251031]
[1538582400, 5625.37, 5639.37, 5628.01, 5637.33, 27.76652769]
[1538578800, 5628, 5645, 5633.11, 5628.01, 52.4689753]
[1538575200, 5604.07, 5650, 5604.08, 5633.11, 89.45754834]
[1538571600, 5586.8, 5612.98, 5593.03, 5604.08, 55.23877272]
[1538568000, 5593.02, 5615.48, 5613, 5593.03, 42.13087762]
[1538564400, 5601.96, 5616.82, 5602.75, 5613.01, 47.87897106]
[1538560800, 5579.99, 5617.61, 5580, 5602.75, 77.34457357]
[1538557200, 5573.83, 5580, 5573.84, 5580, 31.5731351]
[1538553600, 5570, 5573.86, 5570.01, 5573.84, 30.43998528]
[1538550000, 5570, 5576.47, 5573.01, 5570, 31.01487816]
[1538546400, 5567.01, 5580.94, 5580.94, 5573.01, 51.58945785]
[1538542800, 5578, 5585.76, 5580.21, 5580.93, 17.54658083]
[1538539200, 5551.87, 5580.49, 5570.5, 5580.21, 9.44844541]
[1538535600, 5551, 5601.84, 5600.9, 5571.17, 46.52881067]
[1538532000, 5599.77, 5635.29, 5635.29, 5600.9, 74.62478266]
[1538528400, 5635, 5648.64, 5648.64, 5635.28, 10.27402776]
[1538524800, 5633, 5648.64, 5645.99, 5648.63, 6.6153392]
[1538521200, 5644, 5675.93, 5675.93, 5646, 13.66505632]
[1538517600, 5668.22, 5680, 5668.22, 5676.34, 22.62071927]
[1538514000, 5664, 5674.07, 5670.05, 5668.22, 21.96578082]
[1538510400, 5668.04, 5682.25, 5670.01, 5674.14, 21.23236611]
[1538506800, 5668, 5683.57, 5675.57, 5670.01, 36.59610411]
[1538503200, 5644.99, 5678.32, 5645, 5675.57, 27.1075275]
[1538499600, 5616.66, 5653.45, 5650.09, 5645, 48.27173852]
[1538496000, 5638.08, 5666.16, 5666.16, 5650.09, 44.03396002]
[1538492400, 5650, 5666.69, 5666.01, 5666.16, 38.47535164]
[1538488800, 5666, 5693.14, 5689.72, 5666.01, 56.72083513]
[1538485200, 5675.87, 5694.23, 5690.88, 5689.72, 33.02492162]
[1538481600, 5677.15, 5700, 5690.02, 5690.88, 44.67235089]
[1538478000, 5690, 5701.38, 5700.01, 5690.03, 23.03262446]
[1538474400, 5680, 5707.2, 5700.01, 5700.01, 48.72879445]
[1538470800, 5700, 5710.16, 5709.72, 5700.01, 31.61920416]
[1538467200, 5703.02, 5709.99, 5703.02, 5709.72, 18.76521876]
[1538463600, 5702.99, 5703.02, 5703.01, 5703.02, 12.49943285]
[1538460000, 5703, 5710, 5709.28, 5703, 12.07127305]
[1538456400, 5698.5, 5710, 5698.5, 5709.28, 14.34730845]
[1538452800, 5695.62, 5699.17, 5695.63, 5698.5, 3.59900279]
[1538449200, 5695.62, 5699.21, 5695.62, 5695.63, 1.24735002]
[1538445600, 5695.08, 5702.31, 5698.46, 5695.63, 6.47233246]
[1538442000, 5681.35, 5710, 5682.44, 5698.45, 20.18833955]
[1538438400, 5670.27, 5691, 5687.46, 5682.45, 23.05966822]
[1538434800, 5675.51, 5689.75, 5687.46, 5687.45, 10.25754575]
[1538431200, 5687.45, 5697.68, 5697.68, 5687.46, 13.48435126]
[1538427600, 5670, 5708, 5682.71, 5697.68, 38.54080202]
[1538424000, 5678, 5688.95, 5680.09, 5682.71, 28.95172753]
[1538420400, 5666, 5688.8, 5687, 5680.1, 24.44985314]
[1538416800, 5670.81, 5695, 5692.01, 5686.99, 37.31175944]
[1538413200, 5680, 5693.4, 5683.66, 5693.4, 43.28478786]
[1538409600, 5659, 5683.66, 5663.99, 5683.66, 46.72526979]
[1538406000, 5663.24, 5664, 5663.45, 5663.99, 22.72411176]
[1538402400, 5615, 5663.45, 5658.01, 5663.45, 117.06818463]
[1538398800, 5658, 5699, 5688.56, 5658.01, 55.86813655]
[1538395200, 5656.05, 5694.56, 5675.67, 5688.55, 41.52491013]
[1538391600, 5650.07, 5687.24, 5673, 5675.68, 50.21985655]
[1538388000, 5673, 5700, 5695, 5673, 49.02445209]
[1538384400, 5693.25, 5711.19, 5704.86, 5695.01, 37.50592357]
[1538380800, 5692.82, 5706, 5694.93, 5704.87, 29.20746551]
[1538377200, 5694.92, 5715.63, 5714.71, 5694.93, 28.32670672]
[1538373600, 5688.27, 5721, 5709.52, 5714.71, 24.05243855]
[1538370000, 5700.08, 5712.74, 5710.78, 5709.52, 13.93371606]
[1538366400, 5700.66, 5725.54, 5725.54, 5710.79, 17.47579568]
[1538362800, 5719.67, 5725.54, 5719.67, 5725.54, 5.14234577]
[1538359200, 5716.14, 5719.81, 5716.14, 5719.68, 2.31865376]
[1538355600, 5716.14, 5725, 5719, 5716.15, 7.16932832]
[1538352000, 5700.54, 5719.01, 5701.59, 5719.01, 10.50875642]
[1538348400, 5699.03, 5711.01, 5709, 5703.31, 20.12487487]
[1538344800, 5660.04, 5709, 5660.04, 5709, 27.20154657]
[1538341200, 5645.17, 5660.04, 5653, 5660.04, 17.08520079]
[1538337600, 5640, 5693.3, 5693.3, 5653, 65.31110571]
[1538334000, 5692.23, 5709, 5706.16, 5693.31, 26.73574316]
[1538330400, 5700.27, 5715.99, 5700.28, 5706.16, 10.8722617]
[1538326800, 5695.64, 5709.18, 5704.58, 5700.28, 13.49439518]
[1538323200, 5680, 5705, 5687, 5704.57, 14.62197943]
[1538319600, 5680, 5729.97, 5729.42, 5687, 37.33220598]
[1538316000, 5710.7, 5729.5, 5715.17, 5724.87, 21.92528963]
[1538312400, 5711, 5721, 5714.89, 5715.47, 19.49905869]
[1538308800, 5701, 5715, 5704.16, 5714.89, 12.07088015]
[1538305200, 5704.15, 5737.18, 5717.34, 5704.16, 23.88705906]
[1538301600, 5673.81, 5730, 5673.81, 5717.35, 44.99284621]
[1538298000, 5669.99, 5681.23, 5669.99, 5673.78, 24.36305579]
[1538294400, 5667, 5670, 5670, 5669.99, 13.75356458]
[1538290800, 5667, 5680, 5675.72, 5670.01, 6.84011501]
[1538287200, 5655.59, 5679.53, 5657, 5675.72, 13.48483877]
[1538283600, 5647.21, 5666.43, 5652.83, 5657, 12.55527156]
[1538280000, 5652.22, 5666.87, 5666.87, 5655.96, 8.92292465]
[1538276400, 5660, 5674.99, 5666.95, 5666.08, 4.60178394]
[1538272800, 5660.93, 5690, 5684.95, 5667.54, 8.93459727]
[1538269200, 5670.03, 5692.74, 5671, 5685.03, 5.74968633]
[1538265600, 5660, 5684.05, 5684.05, 5670.84, 12.4271421]
[1538262000, 5668.92, 5700, 5692.96, 5680, 23.64744413]
[1538258400, 5678, 5699, 5678.01, 5692.95, 7.28523277]
[1538254800, 5677.01, 5686.61, 5683.02, 5678, 10.68935561]
[1538251200, 5679.32, 5695, 5682.14, 5683.02, 13.55376781]
[1538247600, 5675.08, 5685.99, 5679.95, 5682.16, 9.16150471]
[1538244000, 5665.93, 5689.16, 5675, 5679.95, 13.81979857]
[1538240400, 5650.9, 5675, 5650.9, 5675, 8.65521833]
[1538236800, 5650.71, 5679, 5678.58, 5657.48, 21.11422664]
[1538233200, 5651.16, 5680.11, 5651.16, 5679.66, 19.44898924]
[1538229600, 5642, 5664.72, 5656.93, 5651.78, 19.07269404]
[1538226000, 5650, 5684.04, 5666.74, 5656.93, 31.90689195]
[1538222400, 5657.3, 5691.87, 5680.32, 5666.73, 30.6209535]
[1538218800, 5650, 5692.19, 5654.01, 5680.32, 47.72753072]
[1538215200, 5645.91, 5662.43, 5645.92, 5654.01, 29.70348416]
[1538211600, 5638, 5670, 5638.01, 5645.92, 44.42503826]
[1538208000, 5633, 5677.79, 5644.99, 5638.01, 67.87951741]
[1538204400, 5616.86, 5644.98, 5623.9, 5644.98, 18.98104556]
[1538200800, 5591.72, 5624.2, 5621.01, 5624.19, 33.13749189]
[1538197200, 5608, 5624, 5614.49, 5621.01, 12.92733335]
[1538193600, 5601.01, 5617.44, 5607, 5614.49, 9.72488393]
[1538190000, 5605.01, 5623.21, 5620.01, 5605.08, 8.64758725]
[1538186400, 5603.31, 5633.75, 5603.31, 5622.08, 7.59497237]
[1538182800, 5603.39, 5712.66, 5712.66, 5605.58, 72.80800052]
[1538179200, 5689.41, 5718.55, 5718.55, 5712.63, 10.67995314]
[1538175600, 5718, 5720, 5718.01, 5718.55, 6.16627372]
[1538172000, 5714.74, 5731.96, 5731.43, 5718.01, 18.67431316]
[1538168400, 5705.52, 5735, 5734.7, 5731.8, 22.97188847]
[1538164800, 5716.01, 5757, 5756.99, 5734.69, 15.67365331]
[1538161200, 5650.01, 5758.54, 5731.88, 5757, 109.8163755]
[1538157600, 5721, 5739.58, 5733, 5731.88, 15.36907905]
[1538154000, 5729.15, 5740.5, 5736.11, 5733.01, 21.40155834]
[1538150400, 5715.01, 5740, 5739.99, 5739.89, 33.74238961]
[1538146800, 5702.36, 5754.91, 5730.76, 5740, 68.21296215]
[1538143200, 5730, 5758.62, 5740.03, 5730.76, 46.20727982]
[1538139600, 5680, 5748.11, 5695.69, 5740.04, 65.44016283]
[1538136000, 5691.83, 5750, 5746.99, 5695.69, 55.47413118]
[1538132400, 5738, 5754.33, 5738.86, 5747, 86.0369308]
[1538128800, 5716.61, 5746.23, 5732.91, 5738.85, 51.91220071]
[1538125200, 5670, 5792.24, 5791.44, 5732.91, 143.00882571]
[1538121600, 5782.72, 5840.31, 5840.31, 5790.26, 89.17541631]
[1538118000, 5791.56, 5843.08, 5791.56, 5840.32, 73.60655421]
[1538114400, 5763.16, 5810, 5764.89, 5790.88, 57.44410583]
[1538110800, 5753.23, 5764.9, 5759.56, 5764.89, 15.82556676]
[1538107200, 5726.42, 5759.57, 5744.87, 5759.56, 25.72053687]
[1538103600, 5741, 5753.82, 5753.81, 5748.28, 9.10204543]
[1538100000, 5753.81, 5770, 5766.99, 5753.82, 5.27509745]
[1538096400, 5744.73, 5767, 5757.84, 5767, 8.7767084]
[1538092800, 5742.79, 5766.5, 5742.8, 5757.24, 8.17306235]
[1538089200, 5735.84, 5758.08, 5740, 5742.8, 9.25961092]
[1538085600, 5739.99, 5777.77, 5771, 5740.01, 38.20345913]
[1538082000, 5741.47, 5777.77, 5746.48, 5771, 66.63960784]
[1538078400, 5713.99, 5784.3, 5714, 5747, 173.84860936]
[1538074800, 5595.59, 5730.74, 5599.95, 5714, 114.047747]
[1538071200, 5582.99, 5600, 5583, 5599.95, 33.48062489]
[1538067600, 5572, 5583, 5574.3, 5582.99, 22.60187613]
[1538064000, 5570, 5583.25, 5571.05, 5574.3, 19.12508852]
[1538060400, 5570, 5585, 5580.38, 5570, 28.20528158]
[1538056800, 5560, 5585, 5573.01, 5578.39, 45.08382564]
[1538053200, 5561.73, 5589.97, 5576.08, 5573.01, 77.32950501]
[1538049600, 5541, 5583.48, 5550.04, 5574.39, 89.01679575]
[1538046000, 5526.01, 5551, 5530.44, 5550.03, 30.95878428]
[1538042400, 5524.97, 5535.16, 5524.97, 5530.45, 36.59732252]
[1538038800, 5522.44, 5534.9, 5522.45, 5524.98, 35.49012798]
[1538035200, 5497.51, 5531.85, 5531.85, 5522.45, 57.00478823]
[1538031600, 5526.68, 5545.98, 5536.03, 5531.85, 31.8685643]
[1538028000, 5520, 5539.49, 5536.01, 5536.03, 21.00344486]
[1538024400, 5520.01, 5547.92, 5521.15, 5536.01, 14.93312846]
[1538020800, 5520, 5539.03, 5537.48, 5521.12, 8.02700846]
[1538017200, 5529.01, 5539.4, 5534.75, 5537.47, 2.01140133]
[1538013600, 5523.76, 5540.41, 5539, 5534.75, 2.50480879]
[1538010000, 5538.5, 5547.13, 5538.5, 5539.01, 3.30814025]
[1538006400, 5509.01, 5536.51, 5509.01, 5534.52, 6.78326555]
