[1530086400, 5223.8, 5255.37, 5224.57, 5232.92, 44.59660458]
[1530082800, 5204.05, 5229.3, 5216.97, 5224.3, 43.24225049]
[1530079200, 5218.47, 5238.88, 5230.01, 5218.48, 51.2266782]
[1530075600, 5204.77, 5249.15, 5204.77, 5230.01, 33.28601694]
[1530072000, 5183.14, 5212.52, 5195.42, 5210.58, 23.27487753]
[1530068400, 5185, 5230.03, 5218.35, 5195.67, 9.9214079]
[1530064800, 5211.68, 5230.01, 5230.01, 5216.78, 8.42382858]
[1530061200, 5214.85, 5254.41, 5236.01, 5230.01, 16.22610931]
[1530057600, 5177.21, 5241.19, 5219.51, 5240, 74.8067035]
[1530054000, 5204.5, 5289.97, 5289.96, 5219.45, 69.63940383]
[1530050400, 5265.58, 5354.81, 5354.81, 5289.97, 55.59859394]
[1530046800, 5305.51, 5380, 5314.08, 5354.82, 47.7565747]
[1530043200, 5305.92, 5329.1, 5307.97, 5314.08, 35.43537552]
[1530039600, 5291.77, 5311.26, 5305, 5307.96, 35.28927128]
[1530036000, 5302.62, 5331.72, 5320.08, 5305.01, 38.85222644]
[1530032400, 5293.41, 5320.08, 5308.19, 5320.08, 51.75591323]
[1530028800, 5291.13, 5340.53, 5307.45, 5308.2, 50.25227886]
[1530025200, 5288.01, 5312.97, 5308.26, 5307.45, 66.58483375]
[1530021600, 5263.24, 5324, 5305.01, 5308.27, 83.22410609]
[1530018000, 5291.85, 5364.27, 5332.47, 5305.01, 66.89049567]
[1530014400, 5322.5, 5335, 5326.72, 5332.47, 32.76695494]
[1530010800, 5322.91, 5351.48, 5349.37, 5329.78, 40.89970733]
[1530007200, 5315.52, 5350.58, 5317.95, 5350.58, 41.8548609]
[1530003600, 5288, 5350.61, 5343.06, 5317.95, 57.61606267]
[1530000000, 5309.22, 5351.39, 5341.38, 5342.62, 59.92228866]
[1529996400, 5312.61, 5345.01, 5345.01, 5341.39, 47.63151867]
[1529992800, 5334.74, 5355.74, 5345.79, 5345.01, 19.74446419]
[1529989200, 5342.18, 5365.26, 5342.18, 5345.78, 21.41551672]
[1529985600, 5318, 5348.11, 5327.85, 5346.03, 21.75961438]
[1529982000, 5319.05, 5334.53, 5324.88, 5330.94, 15.8700779]
[1529978400, 5318.08, 5330.54, 5325, 5324.51, 7.22693735]
[1529974800, 5299, 5331, 5299, 5324.59, 7.57375402]
[1529971200, 5290.36, 5350.01, 5343.6, 5298.76, 39.17998807]
[1529967600, 5336.84, 5347.65, 5342.81, 5343.6, 6.15294491]
[1529964000, 5342.34, 5365.43, 5361.65, 5343.24, 20.43708616]
[1529960400, 5344.47, 5366.55, 5357.78, 5361.95, 51.44068333]
[1529956800, 5354.39, 5375, 5360.02, 5357.88, 39.94530658]
[1529953200, 5331.05, 5369.86, 5369.18, 5360.02, 59.87614819]
[1529949600, 5357.32, 5392, 5384.88, 5370.45, 34.59289983]
[1529946000, 5370, 5391.38, 5388, 5382.29, 49.37574816]
[1529942400, 5360.01, 5418.72, 5392.36, 5388, 68.40392177]
[1529938800, 5380.01, 5404, 5391.7, 5392.37, 76.23635439]
[1529935200, 5255.92, 5443.72, 5261.01, 5391.7, 215.8558517]
[1529931600, 5214.86, 5265.5, 5250, 5261.02, 80.72198593]
[1529928000, 5209.49, 5369.6, 5342.31, 5250.01, 250.62971794]
[1529924400, 5317.28, 5350.98, 5325.5, 5342.31, 81.15353206]
[1529920800, 5305.9, 5357.66, 5305.9, 5320.08, 98.57441853]
[1529917200, 5290.32, 5310.38, 5298.11, 5305.9, 39.64856187]
[1529913600, 5290, 5310.99, 5302.05, 5298.1, 66.69050349]
[1529910000, 5299.74, 5312.75, 5312.75, 5302.05, 44.03622504]
[1529906400, 5292.77, 5339.98, 5293.78, 5312.75, 40.49267394]
[1529902800, 5273.64, 5298.35, 5291.09, 5293.78, 33.44011388]
[1529899200, 5279.54, 5310, 5279.54, 5291.09, 21.22487391]
[1529895600, 5271.46, 5282.01, 5274.25, 5279, 5.22552624]
[1529892000, 5266.45, 5292.08, 5288.92, 5278.53, 1.26072425]
[1529888400, 5286.72, 5303.51, 5303.24, 5293.25, 4.98935376]
[1529884800, 5274.42, 5315, 5288.01, 5306.38, 18.03715791]
[1529881200, 5254.3, 5296.26, 5270.69, 5288.01, 44.54797815]
[1529877600, 5242.15, 5279.28, 5279.28, 5270.7, 58.5143047]
[1529874000, 5278.89, 5311.19, 5302.91, 5278.89, 43.24404415]
[1529870400, 5288.05, 5325, 5325, 5302.92, 48.43413046]
[1529866800, 5311.72, 5325.01, 5325.01, 5325, 40.25892442]
[1529863200, 5310.09, 5336.7, 5331.68, 5325.01, 36.48330311]
[1529859600, 5290.01, 5385.68, 5327.55, 5331.68, 88.61140799]
[1529856000, 4958.48, 5401.84, 4978.21, 5327.54, 268.01936495]
[1529852400, 4966.41, 5095.89, 5095.56, 4980.75, 187.82905308]
[1529848800, 5090, 5100, 5095, 5095.01, 35.33796311]
[1529845200, 5071.93, 5099.85, 5084.07, 5094.99, 70.71890018]
[1529841600, 5061.88, 5105.02, 5101.04, 5083.08, 44.63797294]
[1529838000, 5082.55, 5110, 5106.41, 5102.65, 42.95545939]
[1529834400, 5057, 5110, 5057.02, 5105.33, 75.83450568]
[1529830800, 5031.08, 5060.21, 5039.96, 5057.03, 74.48785108]
[1529827200, 5005.19, 5059.99, 5043.97, 5039.96, 101.73791212]
[1529823600, 5039, 5078.39, 5064.01, 5043.97, 82.17989948]
[1529820000, 5025, 5076.97, 5076.71, 5060.84, 106.92597897]
[1529816400, 5042, 5100.01, 5100, 5071.4, 79.37308776]
[1529812800, 5100, 5230.21, 5230.21, 5100.01, 62.89604946]
[1529809200, 5217.7, 5263.88, 5263.2, 5239.2, 10.2832298]
[1529805600, 5252.49, 5266.01, 5255.17, 5264.24, 4.94735067]
[1529802000, 5245.97, 5272.82, 5272.82, 5253.87, 11.34948804]
[1529798400, 5253.7, 5309.99, 5307.15, 5273.68, 15.31917924]
[1529794800, 5289.78, 5336.97, 5335.38, 5307.14, 17.11425759]
[1529791200, 5322.08, 5379.53, 5365.89, 5335.38, 38.71278585]
[1529787600, 5289.79, 5378.78, 5289.79, 5370, 50.20019413]
[1529784000, 5277.62, 5296.91, 5296.91, 5289.79, 18.52382465]
[1529780400, 5280.74, 5298.98, 5285.57, 5298.55, 20.05255432]
[1529776800, 5279.99, 5285.93, 5280, 5285.68, 16.0886494]
[1529773200, 5263.48, 5280, 5274.78, 5280, 14.28369514]
[1529769600, 5253.69, 5277.58, 5256, 5274.78, 45.05615698]
[1529766000, 5216.43, 5268.86, 5263.02, 5255.03, 35.93065757]
[1529762400, 5260.02, 5298.26, 5297.31, 5260.39, 23.92005097]
[1529758800, 5260, 5297.9, 5285.66, 5297.31, 39.13548375]
[1529755200, 5258.47, 5288.7, 5282.01, 5285.64, 31.79560398]
[1529751600, 5259.34, 5320, 5288.5, 5282.02, 48.50884381]
[1529748000, 5274.19, 5295.87, 5282, 5288.5, 26.73029575]
[1529744400, 5244.08, 5292.98, 5247.19, 5282, 33.00588948]
[1529740800, 5245.23, 5277.54, 5260.01, 5246.14, 40.91208363]
[1529737200, 5200.01, 5261.22, 5210.57, 5260.01, 70.13368281]
[1529733600, 5184.38, 5248.98, 5244.58, 5211.08, 65.06285625]
[1529730000, 5241.93, 5280.9, 5272.24, 5243.31, 26.1693571]
[1529726400, 5257.64, 5290.19, 5257.64, 5273.1, 8.8641253]
[1529722800, 5246.27, 5286.41, 5282.09, 5261.13, 10.74729024]
[1529719200, 5280.32, 5287.15, 5286.17, 5282.1, 4.35330811]
[1529715600, 5280, 5300.17, 5288.75, 5286.17, 17.05005947]
[1529712000, 5212.64, 5330.3, 5218.82, 5288.75, 55.22447001]
[1529708400, 5196.14, 5235.28, 5232.03, 5210.51, 28.71291348]
[1529704800, 5100, 5261.99, 5175.2, 5232.79, 140.40296364]
[1529701200, 5113.86, 5239.5, 5235.23, 5175.21, 241.43874901]
[1529697600, 5208, 5335.96, 5328.61, 5235.23, 164.45265772]
[1529694000, 5318.93, 5362.45, 5351.61, 5328.58, 61.30787801]
[1529690400, 5296.99, 5363.26, 5297, 5352.27, 70.2674855]
[1529686800, 5267, 5315.1, 5315.1, 5297, 79.02349267]
[1529683200, 5290.01, 5326.29, 5310.99, 5315.1, 72.7176189]
[1529679600, 5282.99, 5335.1, 5319.97, 5310.99, 189.86518369]
[1529676000, 5278.28, 5362.54, 5279.37, 5320, 171.62169099]
[1529672400, 5250, 5451.31, 5451.31, 5279.37, 299.04658802]
[1529668800, 5448, 5483.96, 5474.71, 5451.31, 84.63062802]
[1529665200, 5464.41, 5507.91, 5507.91, 5474.19, 72.0658943]
[1529661600, 5427.01, 5508.02, 5427.01, 5507.9, 96.28715242]
[1529658000, 5427, 5502.09, 5502.09, 5427.01, 105.11884638]
[1529654400, 5480, 5603.65, 5594.84, 5502.09, 151.95681302]
[1529650800, 5563, 5722.41, 5722.41, 5592.09, 206.97024912]
[1529647200, 5721.56, 5739.44, 5733.67, 5722.41, 25.49213655]
[1529643600, 5729.63, 5749.65, 5742.47, 5730.53, 23.35762516]
[1529640000, 5732.41, 5752.84, 5749.56, 5743.88, 6.20565787]
[1529636400, 5745.01, 5755.69, 5750, 5749.43, 15.00052036]
[1529632800, 5727.18, 5748, 5732.93, 5748, 6.5679583]
[1529629200, 5710.47, 5799.57, 5795, 5732.46, 30.94360211]
[1529625600, 5785.01, 5803.5, 5800.01, 5799.36, 14.83900056]
[1529622000, 5795, 5801.85, 5798.03, 5801.14, 7.0750036]
[1529618400, 5795, 5808.82, 5795.51, 5798.02, 14.39141911]
[1529614800, 5795.5, 5806.98, 5805.38, 5795.51, 22.54820358]
[1529611200, 5788.41, 5809.06, 5788.67, 5804.07, 17.53994101]
[1529607600, 5775.54, 5794, 5775.54, 5786.86, 19.78369091]
[1529604000, 5775.54, 5795, 5788.79, 5776.27, 23.54973273]
[1529600400, 5775.27, 5804.75, 5800.01, 5789.23, 32.53158553]
[1529596800, 5788.88, 5809.72, 5797.5, 5800.01, 27.91910094]
[1529593200, 5788.06, 5813.09, 5793.99, 5795.25, 31.61076663]
[1529589600, 5772.49, 5814.12, 5811.7, 5794, 41.64748705]
[1529586000, 5765.82, 5822.66, 5815.01, 5811.95, 76.0210404]
[1529582400, 5815, 5847.5, 5839, 5815, 45.08541706]
[1529578800, 5833.67, 5854.5, 5854.1, 5839, 37.12138729]
[1529575200, 5846.63, 5888.48, 5850.96, 5854.16, 69.01762483]
[1529571600, 5801, 5860, 5838.86, 5852.23, 65.26173711]
[1529568000, 5827.52, 5852.91, 5847.64, 5838.86, 68.39925179]
[1529564400, 5847.61, 5877.91, 5867.76, 5847.79, 34.78592387]
[1529560800, 5843.98, 5867.79, 5849.24, 5867.79, 29.45978851]
[1529557200, 5838.59, 5852.89, 5849.75, 5849.25, 16.52063007]
[1529553600, 5840, 5856.59, 5850, 5848.1, 6.71789977]
[1529550000, 5845.54, 5862.63, 5856.77, 5849.99, 3.20326515]
[1529546400, 5837.98, 5862.63, 5839.74, 5856.78, 8.66830614]
[1529542800, 5831.49, 5837.06, 5831.49, 5837.06, 3.72339462]
[1529539200, 5825, 5844.11, 5834.99, 5829.78, 19.04274409]
[1529535600, 5821.99, 5835.03, 5822, 5834.99, 7.57330424]
[1529532000, 5802.16, 5823.26, 5806.3, 5822, 28.75932195]
[1529528400, 5802.16, 5830, 5829.69, 5806.3, 24.15285795]
[1529524800, 5802.71, 5836.88, 5832.6, 5829.71, 30.43734333]
[1529521200, 5826.1, 5840.75, 5835, 5833.02, 57.99693827]
[1529517600, 5824.31, 5842.9, 5824.32, 5834.99, 21.61342152]
[1529514000, 5817.29, 5840.78, 5835.53, 5824.32, 33.27858508]
[1529510400, 5835.25, 5882.99, 5835.26, 5835.53, 33.58709355]
[1529506800, 5835.25, 5849.11, 5840.9, 5835.26, 11.68465311]
[1529503200, 5823.99, 5868.01, 5825.94, 5840.9, 32.43597598]
[1529499600, 5707.07, 5849, 5730.21, 5825.82, 126.2948315]
[1529496000, 5730.21, 5744.3, 5744.29, 5730.21, 31.98404985]
[1529492400, 5734.67, 5744.3, 5736.66, 5744.3, 5.2619211]
[1529488800, 5730, 5747, 5747, 5740.27, 16.86089642]
[1529485200, 5740.99, 5758.07, 5745, 5747, 21.277319]
[1529481600, 5732.01, 5746.36, 5732.01, 5745, 9.47770236]
[1529478000, 5726.5, 5738.5, 5736.12, 5726.51, 16.43841946]
[1529474400, 5707.22, 5758.16, 5712.08, 5741.44, 38.24424535]
[1529470800, 5710.05, 5724.99, 5715, 5713.15, 7.87595253]
[1529467200, 5713.62, 5730, 5730, 5714.11, 9.39443389]
[1529463600, 5713.15, 5734.99, 5713.15, 5730, 6.03867304]
[1529460000, 5700.01, 5730.92, 5730.92, 5700.01, 12.90222964]
[1529456400, 5675.79, 5781.36, 5775.33, 5730.91, 122.55518607]
[1529452800, 5775.11, 5829.99, 5829.99, 5776.62, 26.03317756]
[1529449200, 5801.22, 5829.31, 5809.18, 5829.31, 11.40743721]
[1529445600, 5796.1, 5810.23, 5803.1, 5810.23, 22.60097412]
[1529442000, 5784.91, 5810, 5800, 5807.89, 81.7176545]
[1529438400, 5800, 5842, 5842, 5800.01, 57.4479354]
[1529434800, 5804.99, 5842, 5807.72, 5842, 27.65367683]
[1529431200, 5793.41, 5820.31, 5820, 5807.63, 43.24354103]
[1529427600, 5787.01, 5828.97, 5817.67, 5819.99, 62.07291802]
[1529424000, 5770, 5840.01, 5840.01, 5817.67, 121.81886647]
[1529420400, 5835.72, 5865.97, 5843.02, 5840.01, 39.7492386]
[1529416800, 5832.11, 5870.01, 5870.01, 5843.01, 62.82854364]
[1529413200, 5863.78, 5944.48, 5868.36, 5870.01, 96.64380267]
[1529409600, 5844.13, 5888.46, 5844.14, 5869.92, 60.38045087]
[1529406000, 5821.04, 5875.85, 5821.04, 5844.14, 100.54139156]
[1529402400, 5810, 5840.08, 5828.01, 5820.84, 53.76678318]
[1529398800, 5808.11, 5833.61, 5810.38, 5828.51, 49.00177592]
[1529395200, 5799.99, 5823.3, 5801.02, 5810.91, 61.49500569]
[1529391600, 5775, 5805, 5781, 5801.02, 49.3814585]
[1529388000, 5775, 5789.99, 5779.43, 5780.69, 27.79154076]
[1529384400, 5755.15, 5780.42, 5775.11, 5779.34, 18.13815854]
[1529380800, 5751.22, 5779.51, 5751.68, 5775.11, 7.46998518]
[1529377200, 5748.47, 5770.36, 5749.89, 5751.7, 6.38758169]
[1529373600, 5740.43, 5778.07, 5772.73, 5749.9, 16.34025823]
[1529370000, 5772.01, 5783.84, 5775.37, 5778.07, 15.10151688]
[1529366400, 5775.02, 5786, 5775.02, 5775.51, 18.7545053]
