[1527206400, 6441, 6480, 6480, 6468.01, 15.61075428]
[1527202800, 6445.61, 6514.95, 6492.99, 6479.03, 39.0440132]
[1527199200, 6420.8, 6493, 6449.99, 6492.99, 25.68989572]
[1527195600, 6400, 6467.11, 6458, 6449.99, 41.60308819]
[1527192000, 6428, 6491.27, 6491.26, 6458.01, 68.55894208]
[1527188400, 6461.35, 6549.98, 6499, 6491.27, 81.20134515]
[1527184800, 6400, 6499, 6413.33, 6499, 111.39130367]
[1527181200, 6360.13, 6448, 6424.41, 6410.12, 70.90748214]
[1527177600, 6394.13, 6470.01, 6470.01, 6423.19, 72.0456564]
[1527174000, 6413.98, 6481.84, 6422.01, 6470.9, 65.67684844]
[1527170400, 6378.55, 6473.89, 6405.01, 6422.01, 148.78442961]
[1527166800, 6400.01, 6438.74, 6408.08, 6404.01, 82.60141108]
[1527163200, 6221.11, 6434.04, 6303.93, 6410.35, 197.57853587]
[1527159600, 6274.54, 6324.4, 6280, 6303.85, 98.93835379]
[1527156000, 6236.7, 6329.58, 6300.01, 6277.97, 156.10119212]
[1527152400, 6200, 6340.28, 6324.99, 6300.03, 229.29546277]
[1527148800, 6284.8, 6460, 6458.26, 6326.24, 200.36831444]
[1527145200, 6419.43, 6560, 6545.21, 6458.26, 86.92729398]
[1527141600, 6518.84, 6587.87, 6574.02, 6545.96, 58.1229716]
[1527138000, 6560, 6598.1, 6598.1, 6577.37, 35.16330431]
[1527134400, 6514.1, 6600, 6514.11, 6598.1, 57.68662546]
[1527130800, 6478.41, 6536.18, 6481.35, 6515.51, 23.06299115]
[1527127200, 6470.05, 6515.23, 6503.42, 6481.35, 20.08629726]
[1527123600, 6482.84, 6528.43, 6483.5, 6503.72, 18.31522895]
[1527120000, 6418.58, 6506.5, 6418.58, 6483.51, 21.50923421]
[1527116400, 6387.63, 6473.52, 6466.52, 6418.58, 75.4669238]
[1527112800, 6460.35, 6548.67, 6543.22, 6469.4, 41.22124471]
[1527109200, 6473.35, 6547.1, 6503.88, 6544.38, 50.84815355]
[1527105600, 6430.53, 6575.58, 6510.47, 6503.89, 178.02907364]
[1527102000, 6418.58, 6525.18, 6418.6, 6510.5, 121.30493408]
[1527098400, 6380, 6479.55, 6454.5, 6418.59, 200.92828473]
[1527094800, 6380, 6543.6, 6528.61, 6455, 380.938033]
[1527091200, 6452.4, 6618.01, 6618, 6520.64, 428.40768479]
[1527087600, 6600.5, 6763.52, 6751.1, 6618.01, 190.13237381]
[1527084000, 6734.47, 6771.68, 6771.1, 6751.1, 71.13939132]
[1527080400, 6750, 6786.29, 6774.91, 6771.1, 61.95945457]
[1527076800, 6718.58, 6800.15, 6732.68, 6778.13, 73.34440183]
[1527073200, 6686.38, 6745, 6718.76, 6733.14, 90.59170283]
[1527069600, 6703, 6762.52, 6714.16, 6718.67, 125.03727625]
[1527066000, 6651.37, 6720, 6704.99, 6715.85, 105.751393]
[1527062400, 6676.1, 6750, 6721.57, 6704.98, 114.61774768]
[1527058800, 6700, 6781.5, 6781.5, 6725.32, 226.78548499]
[1527055200, 6738.44, 6781.5, 6751.99, 6781.5, 60.29346664]
[1527051600, 6729.05, 6766.63, 6735.04, 6751.3, 35.84674117]
[1527048000, 6722.88, 6783, 6782.57, 6735.03, 29.77808012]
[1527044400, 6742.8, 6804.94, 6750.88, 6782.71, 21.76420566]
[1527040800, 6718.82, 6759.56, 6752.35, 6754.25, 14.51771426]
[1527037200, 6685.85, 6782, 6782, 6752.74, 88.10805887]
[1527033600, 6779, 6833.01, 6800.01, 6782.01, 35.20220285]
[1527030000, 6787.01, 6845.86, 6787.01, 6801, 39.06662597]
[1527026400, 6787, 6893.2, 6868.04, 6787, 94.68847762]
[1527022800, 6852.01, 6897.81, 6891.01, 6868.04, 70.03337821]
[1527019200, 6889.89, 6966.25, 6950.73, 6896.49, 60.49036854]
[1527015600, 6927.5, 6999, 6982.19, 6952, 87.29388118]
[1527012000, 6962.58, 6996.51, 6981.83, 6982.19, 36.16239802]
[1527008400, 6980, 7006.52, 6997.4, 6988.31, 34.47090163]
[1527004800, 6985.37, 7010, 6991.03, 6997.4, 32.60171084]
[1527001200, 6982.19, 7000, 6998.01, 6991.03, 69.6753409]
[1526997600, 6978.17, 7009.19, 6998, 6998.2, 33.04375809]
[1526994000, 6955.6, 7002.99, 6955.6, 6998, 67.77081477]
[1526990400, 6934.17, 6973.59, 6973.59, 6955.59, 118.76059006]
[1526986800, 6960.62, 7014.58, 7013.65, 6973.74, 53.59736359]
[1526983200, 6990.59, 7020, 6990.59, 7013.66, 56.31171272]
[1526979600, 6985.13, 7041.62, 7041.62, 6990.6, 122.52205593]
[1526976000, 7030, 7060.5, 7052.7, 7030, 43.59745667]
[1526972400, 7050.95, 7090.16, 7090.16, 7052.69, 30.0092413]
[1526968800, 7052.69, 7109, 7064.78, 7090.16, 22.99488877]
[1526965200, 7033.63, 7065.72, 7048.37, 7065.15, 17.92185394]
[1526961600, 7046.04, 7080, 7074.5, 7050.59, 3.93372353]
[1526958000, 7049.87, 7074.49, 7058, 7070.28, 5.47652734]
[1526954400, 7036.21, 7070.16, 7040.43, 7058, 4.52559738]
[1526950800, 7029.32, 7104.28, 7104.28, 7048.19, 71.29119646]
[1526947200, 7102.51, 7130.66, 7125.99, 7104.99, 48.02431912]
[1526943600, 7113.68, 7145.07, 7133.35, 7113.68, 20.49599934]
[1526940000, 7108.97, 7134.05, 7128.23, 7132.05, 16.72943853]
[1526936400, 7122.1, 7149.84, 7141.9, 7128.23, 18.85832609]
[1526932800, 7107.93, 7159.59, 7122.49, 7141.9, 59.37327699]
[1526929200, 7102, 7128.18, 7102.88, 7123.98, 31.20374836]
[1526925600, 7076.51, 7134.65, 7134.64, 7102.88, 75.39319912]
[1526922000, 7127.52, 7149.9, 7136, 7127.52, 31.65682933]
[1526918400, 7122.5, 7162.9, 7161.16, 7136, 32.31834408]
[1526914800, 7140.1, 7173.36, 7164.29, 7162.89, 29.092712]
[1526911200, 7125, 7219.23, 7216.66, 7164.28, 111.92197927]
[1526907600, 7200.94, 7226.9, 7220, 7219.56, 38.31513923]
[1526904000, 7204.02, 7229.06, 7218, 7220, 30.81613431]
[1526900400, 7192.2, 7226.24, 7213.92, 7219.4, 39.91689779]
[1526896800, 7200, 7245.56, 7235.01, 7218.39, 91.04856791]
[1526893200, 7236.19, 7270, 7266.8, 7236.19, 47.46880827]
[1526889600, 7244.71, 7290, 7286.08, 7266.9, 46.76775041]
[1526886000, 7272.57, 7315.13, 7286.99, 7285.57, 67.66445037]
[1526882400, 7230.2, 7320, 7244.95, 7287, 69.08130765]
[1526878800, 7236.88, 7255.05, 7253.8, 7245.49, 11.355533]
[1526875200, 7225, 7260, 7232.76, 7254.93, 15.47138485]
[1526871600, 7226.42, 7246.18, 7243.01, 7230.17, 6.46000764]
[1526868000, 7198.02, 7246.03, 7198.02, 7245.16, 8.25073143]
[1526864400, 7180, 7229.93, 7220, 7198.02, 17.24713861]
[1526860800, 7199.6, 7264.37, 7244.16, 7220, 36.58731038]
[1526857200, 7216.79, 7246, 7216.79, 7239.5, 10.13680333]
[1526853600, 7206.25, 7256.61, 7256.61, 7216.79, 27.85321047]
[1526850000, 7256.6, 7282.59, 7276.58, 7256.61, 22.68067234]
[1526846400, 7228.05, 7285, 7228.06, 7276.58, 34.02042267]
[1526842800, 7209.85, 7248.08, 7240.99, 7228.06, 32.44291407]
[1526839200, 7227.11, 7245.96, 7227.11, 7241, 33.13398434]
[1526835600, 7194.6, 7240, 7194.64, 7227.11, 42.15929231]
[1526832000, 7117.26, 7271, 7117.26, 7194.63, 107.66682103]
[1526828400, 7096.28, 7126.47, 7096.28, 7119.96, 31.39422943]
[1526824800, 7082, 7133.86, 7084.13, 7096.28, 50.90803568]
[1526821200, 7064.07, 7085.03, 7071.29, 7084.13, 9.88786851]
[1526817600, 7063.29, 7095, 7090.89, 7071.28, 6.61543706]
[1526814000, 7078.37, 7100, 7095.83, 7090.83, 29.488462]
[1526810400, 7089.49, 7099, 7089.49, 7096.57, 26.03581524]
[1526806800, 7039.99, 7090, 7048.13, 7089.5, 73.66151376]
[1526803200, 7030.01, 7053.11, 7030.01, 7048.12, 12.0079913]
[1526799600, 7010.47, 7037.7, 7027.34, 7030, 12.68359603]
[1526796000, 7021.8, 7033.14, 7028.81, 7027.34, 5.36209532]
[1526792400, 7010.99, 7042.18, 7011, 7026.37, 10.52585821]
[1526788800, 7001.68, 7023.25, 7023.25, 7011, 9.0600364]
[1526785200, 7019.87, 7039.22, 7024.98, 7023.25, 4.13157877]
[1526781600, 6994.89, 7037.79, 6995.72, 7023.91, 4.72418615]
[1526778000, 6960.01, 7000, 6981.94, 6988.11, 11.81265087]
[1526774400, 6977.07, 7013.84, 7013.84, 6981.97, 7.58282017]
[1526770800, 6978.61, 7018.98, 6978.62, 7013.84, 7.4716111]
[1526767200, 6977.06, 6995, 6983.47, 6978.62, 23.74448397]
[1526763600, 6974.17, 7042.91, 7026.5, 6984.2, 39.17604686]
[1526760000, 7026.5, 7079.99, 7077.89, 7026.51, 20.56227554]
[1526756400, 7060.93, 7080, 7064, 7080, 15.804509]
[1526752800, 7062.04, 7080, 7065, 7064, 10.19692423]
[1526749200, 7045, 7069, 7067.13, 7064.99, 11.71234778]
[1526745600, 7059, 7080, 7077.16, 7069.99, 13.02297497]
[1526742000, 7056.81, 7085, 7083.99, 7077.16, 17.41502303]
[1526738400, 7074.88, 7089.19, 7074.88, 7083.98, 12.47290656]
[1526734800, 7060, 7098.98, 7090, 7074.89, 27.51388022]
[1526731200, 7086.25, 7118, 7100, 7090, 34.74145524]
[1526727600, 7016.6, 7100, 7016.6, 7100, 42.62865068]
[1526724000, 6978.47, 7020, 6983.75, 7016.59, 25.18570293]
[1526720400, 6981, 7002.61, 6990, 6981, 10.82264123]
[1526716800, 6957.96, 6990.24, 6961.29, 6990, 22.59870104]
[1526713200, 6940, 7010, 7009.9, 6961.29, 23.05108399]
[1526709600, 7001.28, 7025, 7024.97, 7009.9, 8.18192566]
[1526706000, 7004.9, 7025, 7022.88, 7024.98, 5.69846365]
[1526702400, 7011.11, 7044, 7018.02, 7022.8, 7.87996921]
[1526698800, 6999.5, 7018.95, 7000.72, 7018.95, 3.11892082]
[1526695200, 6980.87, 7008.06, 6994.01, 7000.72, 4.22886476]
[1526691600, 6975.8, 7014.17, 7014.17, 6994.02, 9.05652529]
[1526688000, 7014.17, 7019.77, 7014.5, 7014.18, 8.09676209]
[1526684400, 7000, 7021.78, 7000.01, 7014.5, 7.26006106]
[1526680800, 7000, 7024, 7015.84, 7000, 13.35535326]
[1526677200, 6994.99, 7032.7, 6995, 7011, 26.22520309]
[1526673600, 6970.5, 7016, 7015.99, 6995, 30.91168242]
[1526670000, 6986.01, 7042.37, 6986.01, 7015.99, 63.25952537]
[1526666400, 6875.33, 6986.93, 6903.29, 6986.01, 45.38430685]
[1526662800, 6883.6, 6918.01, 6907.01, 6903.29, 23.67201635]
[1526659200, 6877, 6929, 6904, 6910.58, 35.47227235]
[1526655600, 6874.5, 6931, 6881.92, 6908.6, 38.31589642]
[1526652000, 6859, 6896.76, 6894.48, 6881.91, 43.4533491]
[1526648400, 6882, 6923.24, 6905.57, 6896.76, 48.88751958]
[1526644800, 6891.32, 6927.4, 6901.29, 6910.5, 57.83980211]
[1526641200, 6862.25, 6924.02, 6922.79, 6901.29, 44.7283292]
[1526637600, 6875.71, 6930, 6905.83, 6922.9, 77.47509068]
[1526634000, 6890.99, 6917.07, 6892, 6905.84, 65.7491657]
[1526630400, 6859, 6900, 6872.09, 6892, 51.00289248]
[1526626800, 6773, 6917.07, 6773.64, 6872.1, 108.46636939]
[1526623200, 6756.93, 6840.28, 6840.28, 6772.01, 58.29136102]
[1526619600, 6800, 6845.82, 6820.35, 6844.29, 31.14337772]
[1526616000, 6790.19, 6848.09, 6798.43, 6821.46, 34.48030288]
[1526612400, 6785.34, 6814.64, 6794.85, 6794.32, 16.24857762]
[1526608800, 6752.08, 6820.04, 6785.12, 6794.87, 20.42212785]
[1526605200, 6752.21, 6802.98, 6770.96, 6785.27, 21.62915894]
[1526601600, 6751.01, 6857.19, 6857.19, 6757.4, 77.5894803]
[1526598000, 6809, 6876.51, 6876.51, 6859.31, 32.8749368]
[1526594400, 6800.01, 6940.01, 6940.01, 6876.52, 158.54074141]
[1526590800, 6940.01, 6985.9, 6985.43, 6940.01, 22.18209935]
[1526587200, 6951.9, 6997.77, 6951.9, 6985.51, 37.7995658]
[1526583600, 6925, 6963.8, 6944.4, 6954.4, 49.05641736]
[1526580000, 6915.14, 7033.92, 7016.87, 6944.9, 77.41277053]
[1526576400, 7002, 7038.7, 7031.9, 7021.9, 34.72912812]
[1526572800, 6998.16, 7070, 7057, 7031.9, 33.72822394]
[1526569200, 7047.64, 7084, 7074.92, 7061.83, 40.38744855]
[1526565600, 7050.34, 7098.31, 7055.99, 7074.92, 54.16230618]
[1526562000, 7026.72, 7061.39, 7041.84, 7055.99, 28.35315676]
[1526558400, 6991.73, 7070, 7062.25, 7041.04, 81.52782152]
[1526554800, 7051, 7078.99, 7060.26, 7062.25, 36.87604907]
[1526551200, 7026.51, 7073.19, 7035.54, 7056.67, 57.25221357]
[1526547600, 7000, 7055, 7014.01, 7036.57, 38.37359297]
[1526544000, 6983, 7026.22, 6984.99, 7014.01, 56.18269457]
[1526540400, 6963.32, 7090.45, 7084.01, 6985, 74.57388217]
[1526536800, 7059.1, 7100, 7067.76, 7087.5, 50.61324989]
[1526533200, 7020.01, 7081.28, 7032.05, 7065, 22.63697442]
[1526529600, 7034.92, 7083.51, 7067.78, 7034.92, 15.11142718]
[1526526000, 7057.1, 7160, 7079.65, 7057.1, 52.97904574]
[1526522400, 7064.95, 7095.7, 7085.84, 7073.41, 10.01905847]
[1526518800, 7045.96, 7095.09, 7072.36, 7083.26, 12.58534296]
[1526515200, 7054.36, 7112.39, 7069.72, 7073.15, 24.73364738]
[1526511600, 7021.33, 7075.83, 7022.95, 7065, 28.14153957]
[1526508000, 7022.95, 7085, 7024.9, 7022.95, 33.59175234]
[1526504400, 7003.47, 7041.26, 7029.02, 7024.9, 20.23751236]
[1526500800, 6985.02, 7039.9, 6995.6, 7029.01, 23.79273202]
[1526497200, 6996.96, 7096.93, 7030, 6996.96, 114.12780793]
[1526493600, 7023.22, 7075, 7031.9, 7031.05, 47.30173612]
[1526490000, 6983.57, 7077.92, 7008.9, 7031.48, 106.9751424]
[1526486400, 6981, 7079, 7039.59, 7008.9, 62.94292116]
