[1529366400, 5775.02, 5786, 5775.02, 5775.51, 18.7545053]
[1529362800, 5775, 5780.9, 5780.76, 5775.57, 5.41486016]
[1529359200, 5778.94, 5796, 5785.67, 5780.77, 13.87872988]
[1529355600, 5779.57, 5790, 5788.26, 5789.51, 33.64113107]
[1529352000, 5772.01, 5790.61, 5774.99, 5788.27, 37.60006189]
[1529348400, 5765, 5795.63, 5794.11, 5775, 43.58007027]
[1529344800, 5784.02, 5820, 5799.73, 5794.11, 69.75198378]
[1529341200, 5732.88, 5864.08, 5732.89, 5800, 228.85690274]
[1529337600, 5570, 5758.96, 5578.01, 5732.83, 240.18438488]
[1529334000, 5557.1, 5584.6, 5567.4, 5580.63, 48.60470999]
[1529330400, 5541.38, 5585.82, 5550, 5567.51, 81.34976822]
[1529326800, 5529, 5550, 5536.98, 5550, 48.99839894]
[1529323200, 5522.5, 5557.7, 5542.57, 5533.65, 57.13797005]
[1529319600, 5517.6, 5544.87, 5544.01, 5542.57, 77.05173941]
[1529316000, 5540.01, 5574.32, 5572.52, 5543.57, 106.37150085]
[1529312400, 5561, 5596.44, 5586.23, 5571.85, 69.44167654]
[1529308800, 5555.01, 5613.85, 5557.27, 5587.28, 126.88040166]
[1529305200, 5551.24, 5571.13, 5562.44, 5556.26, 30.42178208]
[1529301600, 5528.97, 5568.77, 5540.56, 5562.9, 37.37416426]
[1529298000, 5513.58, 5553.22, 5530.11, 5538.81, 21.9793576]
[1529294400, 5511.01, 5537.89, 5531.58, 5529.8, 15.82643114]
[1529290800, 5530.35, 5551.08, 5551.08, 5533.48, 1.08242289]
[1529287200, 5537.38, 5554.99, 5544.64, 5554.69, 8.75264082]
[1529283600, 5520.01, 5571.29, 5526.61, 5544.63, 32.85112342]
[1529280000, 5515.5, 5564.02, 5562.02, 5524.35, 29.94373086]
[1529276400, 5552.31, 5588.06, 5586.14, 5560.88, 90.82636128]
[1529272800, 5577.54, 5598.2, 5596.25, 5592.56, 23.86151056]
[1529269200, 5585.1, 5597.11, 5593.19, 5596.25, 30.16134252]
[1529265600, 5585, 5614.18, 5614.17, 5593.2, 44.87098173]
[1529262000, 5608.78, 5629.74, 5609, 5614.59, 26.78003352]
[1529258400, 5595.52, 5612.62, 5599, 5608.97, 26.50572045]
[1529254800, 5590.61, 5608.9, 5603, 5597.62, 17.4860687]
[1529251200, 5581.02, 5613.34, 5612.88, 5601.69, 48.71214874]
[1529247600, 5570, 5613, 5572.56, 5612.89, 26.42598767]
[1529244000, 5567.61, 5588.99, 5584.26, 5576.83, 20.72070464]
[1529240400, 5558.15, 5595.39, 5558.16, 5584.26, 23.94402531]
[1529236800, 5558.15, 5609, 5608.98, 5558.15, 33.84140953]
[1529233200, 5602, 5618.78, 5615, 5608.99, 17.36596184]
[1529229600, 5603.36, 5618.86, 5615.43, 5615, 10.66739488]
[1529226000, 5594.01, 5618.05, 5618.05, 5615.3, 26.1963618]
[1529222400, 5616.49, 5660.8, 5616.5, 5618.06, 70.69921545]
[1529218800, 5612.98, 5616.5, 5616.47, 5616.5, 7.93260088]
[1529215200, 5614.41, 5620.99, 5620.99, 5615.81, 7.2041107]
[1529211600, 5617, 5629.99, 5629.98, 5620.99, 4.78857987]
[1529208000, 5620.77, 5629.98, 5625.91, 5629.98, 2.94884121]
[1529204400, 5622.79, 5629.96, 5627.07, 5625.91, 5.14579108]
[1529200800, 5621.35, 5629.98, 5629.98, 5627.06, 4.47618638]
[1529197200, 5608.6, 5629.99, 5619.7, 5629.98, 3.2749137]
[1529193600, 5600.37, 5619.82, 5600.37, 5619.71, 2.59857053]
[1529190000, 5591.69, 5636.24, 5635.94, 5605.66, 16.56091036]
[1529186400, 5631.45, 5650, 5632.99, 5634.8, 11.04629794]
[1529182800, 5628.98, 5656.99, 5631.9, 5632.99, 18.60819692]
[1529179200, 5604.6, 5635, 5606.87, 5631.9, 12.89476118]
[1529175600, 5601.03, 5618.32, 5612.99, 5608.33, 14.65777926]
[1529172000, 5600, 5628.39, 5626, 5612.45, 32.09883461]
[1529168400, 5576.43, 5643, 5618.67, 5628.38, 62.84400125]
[1529164800, 5465.92, 5647.95, 5486.36, 5618.67, 81.37527208]
[1529161200, 5465.18, 5535, 5533.87, 5485.82, 62.86061631]
[1529157600, 5527.5, 5540, 5540, 5533.89, 18.85011886]
[1529154000, 5527.92, 5570.01, 5570.01, 5540, 30.61878564]
[1529150400, 5570, 5600.81, 5576.01, 5570.01, 33.11427946]
[1529146800, 5576, 5600.9, 5600.9, 5576.01, 19.08591673]
[1529143200, 5584.18, 5624, 5588.44, 5600.9, 25.1672552]
[1529139600, 5578, 5596.33, 5579.98, 5588.57, 22.06823245]
[1529136000, 5574.92, 5593.93, 5593.93, 5579.99, 26.09794932]
[1529132400, 5589, 5605.15, 5589.5, 5593.65, 12.76622573]
[1529128800, 5577.51, 5600.5, 5595.02, 5589.5, 10.30286771]
[1529125200, 5557.9, 5610.3, 5557.9, 5595.02, 28.45525946]
[1529121600, 5551.91, 5561.02, 5551.92, 5558.91, 2.88892467]
[1529118000, 5547.07, 5576.01, 5576, 5551.92, 3.50433743]
[1529114400, 5554.9, 5576.39, 5566.08, 5576.39, 13.99207786]
[1529110800, 5525.66, 5572.06, 5539.01, 5566.06, 4.66614137]
[1529107200, 5519.89, 5543.98, 5519.89, 5539.01, 14.57284807]
[1529103600, 5503.03, 5540.01, 5540.01, 5519.9, 72.78789898]
[1529100000, 5540, 5606.8, 5604.8, 5540, 44.29764766]
[1529096400, 5600, 5623.73, 5623.73, 5604.8, 25.32803808]
[1529092800, 5568.01, 5657, 5654.05, 5623.73, 56.79652502]
[1529089200, 5653.14, 5667.89, 5667.89, 5654.99, 15.91677578]
[1529085600, 5633.6, 5667.99, 5649.74, 5667.9, 25.11529964]
[1529082000, 5628, 5671, 5671, 5649.74, 26.79445889]
[1529078400, 5636.24, 5705.91, 5640.51, 5671, 51.21725418]
[1529074800, 5624, 5649.9, 5634, 5639.06, 53.48699342]
[1529071200, 5600, 5639.22, 5615.78, 5634.65, 48.48456818]
[1529067600, 5591.02, 5628.8, 5613.44, 5612.45, 53.23760799]
[1529064000, 5592.59, 5644.9, 5644.52, 5615.76, 55.6044153]
[1529060400, 5582.6, 5768.64, 5690, 5644, 181.91066076]
[1529056800, 5667.94, 5699.99, 5685.66, 5690.08, 37.15228201]
[1529053200, 5660.71, 5696.93, 5694.99, 5685.9, 65.39664504]
[1529049600, 5655, 5709.9, 5678.03, 5694.99, 72.63696736]
[1529046000, 5679.39, 5723, 5701.99, 5679.39, 55.05727938]
[1529042400, 5688, 5725, 5707.47, 5701.98, 38.06438182]
[1529038800, 5662.2, 5716.1, 5689.41, 5707.47, 30.88756961]
[1529035200, 5663.99, 5729.34, 5728.74, 5688.8, 38.37498518]
[1529031600, 5716.38, 5739.99, 5719.47, 5728.75, 9.83603434]
[1529028000, 5687.12, 5730.13, 5709.42, 5730.13, 24.3842503]
[1529024400, 5690.68, 5744.01, 5744.01, 5709.66, 32.43424895]
[1529020800, 5710.24, 5755.39, 5754.61, 5744.01, 35.83267735]
[1529017200, 5697.38, 5760, 5734.98, 5753.3, 60.61325115]
[1529013600, 5722, 5780.66, 5780.66, 5735, 42.7449539]
[1529010000, 5761.37, 5781.73, 5781.73, 5780.66, 57.97379766]
[1529006400, 5730.86, 5789.99, 5745.08, 5781.73, 57.83159119]
[1529002800, 5716, 5758.94, 5750.46, 5745.07, 66.76924621]
[1528999200, 5711.78, 5808, 5711.78, 5748.93, 179.172077]
[1528995600, 5604.13, 5751.31, 5609.08, 5713.38, 296.86576688]
[1528992000, 5459.99, 5638.99, 5460, 5609.09, 229.11411297]
[1528988400, 5426.23, 5528.34, 5528.18, 5460, 107.90845622]
[1528984800, 5483.45, 5537.3, 5483.45, 5528.18, 116.46671594]
[1528981200, 5464.58, 5566.75, 5564.87, 5481.41, 260.77537283]
[1528977600, 5540.01, 5579, 5570.01, 5564.27, 92.29338363]
[1528974000, 5496.58, 5584.01, 5510.5, 5570.01, 129.25008037]
[1528970400, 5500.01, 5519.4, 5512.72, 5510.66, 43.47654824]
[1528966800, 5504.5, 5522.93, 5509.92, 5512.72, 103.21561526]
[1528963200, 5484.4, 5560.37, 5497.94, 5509.92, 206.84631919]
[1528959600, 5472.11, 5506.43, 5494.55, 5497.95, 77.42107826]
[1528956000, 5491.49, 5522.97, 5502.95, 5495.98, 77.75485051]
[1528952400, 5460.01, 5504.98, 5496.9, 5502.95, 42.73115147]
[1528948800, 5496, 5527.76, 5512.46, 5496.5, 16.48855382]
[1528945200, 5489.2, 5515.15, 5495.5, 5511.76, 22.56894951]
[1528941600, 5367.94, 5537.47, 5367.94, 5499.8, 188.30987912]
[1528938000, 5335.02, 5377.23, 5336.97, 5362.77, 19.41897317]
[1528934400, 5338.65, 5375, 5348.74, 5339.83, 18.51780314]
[1528930800, 5321.44, 5387.9, 5367.62, 5348.74, 87.13255129]
[1528927200, 5324.23, 5386.49, 5334.66, 5367.67, 54.77942622]
[1528923600, 5298, 5338.77, 5314.35, 5334.78, 98.36403347]
[1528920000, 5284.21, 5347.84, 5338.45, 5314.96, 116.35960212]
[1528916400, 5321.5, 5397.79, 5388.55, 5340.94, 109.44028888]
[1528912800, 5364.39, 5431, 5364.39, 5388.55, 122.01794367]
[1528909200, 5302.57, 5392.07, 5343.34, 5364.39, 137.18384945]
[1528905600, 5211, 5444.41, 5424.01, 5343.3, 491.95147412]
[1528902000, 5401, 5496.16, 5482.36, 5423.52, 112.99261091]
[1528898400, 5459.23, 5496.61, 5492.01, 5482.45, 96.57121405]
[1528894800, 5486.34, 5512, 5499.65, 5487.8, 78.22166959]
[1528891200, 5474.62, 5511, 5495.3, 5499.68, 148.27706536]
[1528887600, 5478.01, 5513.26, 5489, 5498.73, 115.41069862]
[1528884000, 5460.77, 5526.28, 5460.79, 5489, 117.25078886]
[1528880400, 5427.62, 5579.96, 5571.52, 5463.99, 227.11231066]
[1528876800, 5557.68, 5599.99, 5582.28, 5569.81, 95.96554099]
[1528873200, 5571.93, 5618.33, 5608.85, 5587.52, 83.57704989]
[1528869600, 5598.16, 5618.3, 5603.29, 5607.08, 57.47718415]
[1528866000, 5587.18, 5639.01, 5604.3, 5603.49, 51.26540743]
[1528862400, 5555.67, 5614.81, 5589.5, 5604.3, 47.64275364]
[1528858800, 5577.01, 5594.5, 5589.48, 5589.5, 12.84374672]
[1528855200, 5579.9, 5590, 5582.58, 5589.93, 11.77928666]
[1528851600, 5573.23, 5589.98, 5581.69, 5581.25, 11.05684583]
[1528848000, 5568.15, 5597, 5576.57, 5577.02, 24.71068381]
[1528844400, 5530, 5593.55, 5568.12, 5577.53, 253.40604753]
[1528840800, 5566.66, 5590, 5590, 5568.12, 48.0621667]
[1528837200, 5551.72, 5590, 5580.09, 5590, 118.25931983]
[1528833600, 5532.87, 5607.24, 5554.84, 5580.09, 192.27082266]
[1528830000, 5501.74, 5715.73, 5715.73, 5554.89, 384.8943378]
[1528826400, 5698.71, 5751.5, 5746, 5715.73, 142.09481654]
[1528822800, 5734.73, 5769.8, 5749.33, 5739.21, 53.33490967]
[1528819200, 5725.66, 5787.73, 5762.72, 5749.99, 117.24050988]
[1528815600, 5755.01, 5762.93, 5762.08, 5762.71, 38.14077646]
[1528812000, 5733.94, 5775, 5733.96, 5762.08, 155.36892751]
[1528808400, 5700, 5739.75, 5729.29, 5734, 127.15476114]
[1528804800, 5705, 5825.26, 5822.09, 5729.29, 136.24277908]
[1528801200, 5820, 5836, 5834.22, 5825.13, 68.75510573]
[1528797600, 5820, 5836, 5835.17, 5834.22, 79.39716936]
[1528794000, 5820.32, 5839.89, 5837.66, 5835.97, 56.33911862]
[1528790400, 5803.49, 5844, 5824.37, 5836.87, 125.06532869]
[1528786800, 5812.26, 5839.01, 5839, 5824.36, 92.77543504]
[1528783200, 5825.86, 5857.94, 5834.97, 5839.01, 69.98335022]
[1528779600, 5812.69, 5834.98, 5819.27, 5834.89, 25.26967425]
[1528776000, 5800.5, 5834.52, 5812.83, 5818.97, 21.56443621]
[1528772400, 5785.65, 5853.12, 5843.74, 5812.44, 32.52424906]
[1528768800, 5832.33, 5865.39, 5850.9, 5843.68, 18.90657565]
[1528765200, 5828.89, 5862.45, 5846.94, 5851.85, 21.98932247]
[1528761600, 5827.35, 5871.01, 5871, 5845.59, 25.01298539]
[1528758000, 5783.3, 5899, 5783.3, 5871.01, 144.72005998]
[1528754400, 5757.23, 5787, 5767.78, 5784.16, 49.83804791]
[1528750800, 5750.17, 5773.17, 5760.49, 5767.52, 48.62634882]
[1528747200, 5731.84, 5768.96, 5763.02, 5760.43, 66.23392574]
[1528743600, 5747.15, 5780.22, 5751.32, 5763, 70.68832479]
[1528740000, 5707.2, 5783.7, 5731.48, 5751.93, 121.01410935]
[1528736400, 5721, 5753.5, 5743, 5732.43, 70.28141196]
[1528732800, 5719.98, 5743, 5719.99, 5743, 78.09215896]
[1528729200, 5673.59, 5741, 5721.57, 5719.99, 111.59352968]
[1528725600, 5700, 5743, 5742.83, 5720.94, 121.74130303]
[1528722000, 5740.01, 5772.19, 5762.21, 5742.82, 79.82590999]
[1528718400, 5740, 5795, 5789.91, 5771.23, 115.31111794]
[1528714800, 5756, 5792, 5767.62, 5789.91, 126.28038447]
[1528711200, 5740, 5770, 5764.28, 5767.62, 98.7646171]
[1528707600, 5750, 5788.94, 5777.1, 5764.39, 97.93331128]
[1528704000, 5641.27, 5832.74, 5653.01, 5775.82, 191.98864607]
[1528700400, 5620.55, 5763.61, 5732.49, 5653.01, 212.47899627]
[1528696800, 5715.38, 5766.48, 5731, 5744.79, 67.64463357]
[1528693200, 5730, 5777.17, 5769.85, 5731, 51.85083647]
[1528689600, 5730.01, 5782.41, 5756.3, 5769.86, 32.3666844]
[1528686000, 5746.53, 5770.42, 5764.3, 5753.02, 24.64077103]
[1528682400, 5730, 5794, 5731, 5764.3, 27.89964154]
[1528678800, 5691.8, 5745.01, 5720.64, 5731, 49.72141195]
[1528675200, 5712, 5759.01, 5759.01, 5720.26, 50.23303104]
[1528671600, 5716.06, 5777, 5720.01, 5759.01, 87.19541471]
[1528668000, 5712, 5790.01, 5790.01, 5720.01, 131.63121186]
[1528664400, 5751, 5810, 5767.74, 5790.01, 92.67615712]
[1528660800, 5751.12, 5924.6, 5910.12, 5767.75, 163.26181976]
[1528657200, 5832.12, 5911, 5871.01, 5908.6, 275.07631112]
[1528653600, 5767.32, 5940.07, 5860, 5886.26, 367.05258217]
[1528650000, 5800, 6177.08, 6172.48, 5861.02, 450.93463131]
[1528646400, 6165, 6208.72, 6190.01, 6172.48, 30.88984345]
