[1543766400, 3631.61, 3662.65, 3650.01, 3654.99, 26.87098069]
[1543762800, 3625.01, 3675, 3650.01, 3650.16, 31.25194781]
[1543759200, 3622.01, 3670.91, 3633.38, 3650.01, 30.66599847]
[1543755600, 3615, 3648, 3647.99, 3633.38, 25.59763654]
[1543752000, 3618.55, 3648, 3627.22, 3648, 33.125222]
[1543748400, 3575, 3628, 3617.52, 3627.73, 66.65039597]
[1543744800, 3581, 3681.41, 3681.41, 3617.52, 72.54592764]
[1543741200, 3659.01, 3708.97, 3659.01, 3681.4, 41.05035929]
[1543737600, 3636.59, 3664.01, 3655.01, 3659.01, 25.90289233]
[1543734000, 3619.94, 3672.74, 3633, 3655.01, 30.31474982]
[1543730400, 3607.79, 3640, 3634.5, 3633, 11.74381464]
[1543726800, 3590.8, 3672, 3672, 3634.51, 58.96527417]
[1543723200, 3672.01, 3681.53, 3677.67, 3672.01, 4.48803642]
[1543719600, 3660, 3743.72, 3743.71, 3682, 21.57698947]
[1543716000, 3743.61, 3770, 3750.99, 3743.72, 15.63713846]
[1543712400, 3710, 3751, 3713.56, 3751, 32.19301094]
[1543708800, 3681.88, 3717.17, 3681.89, 3713.56, 14.5344676]
[1543705200, 3674.1, 3710.89, 3705.99, 3681.89, 24.41876879]
[1543701600, 3695.9, 3715, 3705.97, 3706, 16.56510044]
[1543698000, 3672.22, 3705.97, 3685.22, 3705.97, 33.03226564]
[1543694400, 3650.04, 3756.02, 3756.02, 3697.2, 73.46941777]
[1543690800, 3711.12, 3756.02, 3732.01, 3756.02, 55.6312711]
[1543687200, 3715.58, 3749.99, 3747.67, 3732.32, 36.28319725]
[1543683600, 3711.16, 3765.65, 3754, 3747.67, 54.80865442]
[1543680000, 3705.95, 3778, 3705.96, 3754, 200.06450886]
[1543676400, 3680.17, 3708.38, 3689.01, 3705.63, 47.21983458]
[1543672800, 3670, 3689.98, 3670.07, 3687.45, 42.6449328]
[1543669200, 3665, 3699.33, 3665, 3670.07, 63.71920639]
[1543665600, 3662.77, 3724.28, 3685.01, 3664.99, 122.82393453]
[1543662000, 3672, 3706.28, 3675.81, 3685.83, 99.56668366]
[1543658400, 3517.61, 3740.99, 3525.52, 3676.11, 243.22390234]
[1543654800, 3508.01, 3526.39, 3508.36, 3525.52, 24.41909952]
[1543651200, 3489, 3530, 3489, 3510.3, 24.12920779]
[1543647600, 3473.81, 3490.2, 3474, 3489, 13.31945405]
[1543644000, 3456.34, 3490, 3484.94, 3473.8, 15.55440055]
[1543640400, 3456.65, 3499.72, 3485.76, 3484.94, 17.65573817]
[1543636800, 3453.43, 3514, 3514, 3485.76, 35.99625848]
[1543633200, 3495.16, 3520.37, 3504.51, 3514.01, 4.70151049]
[1543629600, 3500, 3526.79, 3526.78, 3504.51, 30.00741126]
[1543626000, 3517.5, 3526.79, 3517.51, 3526.79, 11.98163719]
[1543622400, 3500, 3530.01, 3530.01, 3517.51, 26.85109906]
[1543618800, 3498.98, 3537.49, 3498.98, 3530.01, 43.08738648]
[1543615200, 3456.18, 3498.98, 3482.37, 3498.98, 44.08167212]
[1543611600, 3427.88, 3524.01, 3511.09, 3482.36, 157.45583979]
[1543608000, 3501.8, 3534.05, 3521.6, 3511.26, 82.78266277]
[1543604400, 3520, 3546.56, 3525.01, 3521.64, 62.70571379]
[1543600800, 3525, 3551.8, 3545.14, 3525.01, 47.92422721]
[1543597200, 3525.1, 3567.48, 3549.99, 3545.14, 97.08080269]
[1543593600, 3498.79, 3550, 3511.44, 3550, 93.42470692]
[1543590000, 3451.02, 3527.84, 3527.84, 3511.44, 120.68539608]
[1543586400, 3475.07, 3529.85, 3520, 3527.84, 93.64944656]
[1543582800, 3485.61, 3544.91, 3500.1, 3520, 199.68706461]
[1543579200, 3404.85, 3500.1, 3485.35, 3500.1, 282.13643995]
[1543575600, 3455, 3539.31, 3537.8, 3486, 297.34716032]
[1543572000, 3537, 3676.85, 3676.85, 3537, 342.1879594]
[1543568400, 3656, 3698.29, 3685.01, 3676.84, 104.92219169]
[1543564800, 3651, 3699.98, 3682.2, 3685.01, 90.96328007]
[1543561200, 3654, 3735.03, 3735.03, 3682.21, 110.01107497]
[1543557600, 3735.04, 3764.46, 3753.67, 3735.04, 33.99054731]
[1543554000, 3752.91, 3775, 3756.6, 3753.68, 14.15044091]
[1543550400, 3726.61, 3768, 3745, 3761.34, 8.37358464]
[1543546800, 3735.76, 3770, 3754.15, 3747.01, 32.55084888]
[1543543200, 3697.33, 3763.52, 3710.28, 3754.16, 49.50181084]
[1543539600, 3675.09, 3716.95, 3697.26, 3716.44, 18.42774072]
[1543536000, 3678, 3749.98, 3740.05, 3697.26, 36.8020766]
[1543532400, 3713.4, 3759.77, 3722.65, 3740.05, 110.27916822]
[1543528800, 3677.91, 3724.99, 3694.01, 3722.65, 54.2498337]
[1543525200, 3630, 3699.71, 3693.98, 3694.01, 135.99774993]
[1543521600, 3682.48, 3719.37, 3694.01, 3691.5, 58.57148616]
[1543518000, 3661, 3722.8, 3712.75, 3694.01, 142.77805491]
[1543514400, 3704, 3800, 3774.51, 3712.7, 131.09189457]
[1543510800, 3770, 3843.71, 3791.08, 3774.52, 110.94544915]
[1543507200, 3750.38, 3809, 3750.38, 3791.09, 115.95665557]
[1543503600, 3750, 3785, 3770.01, 3750.41, 129.34435568]
[1543500000, 3762.45, 3817.5, 3774.16, 3770.01, 88.7573921]
[1543496400, 3713.38, 3787, 3731.54, 3774.17, 147.13125757]
[1543492800, 3730, 3876.7, 3861.37, 3731.54, 221.37429265]
[1543489200, 3799.99, 3911.52, 3800, 3861.37, 306.28302416]
[1543485600, 3781.5, 3843.38, 3812.15, 3800, 166.28928295]
[1543482000, 3709.89, 3850, 3709.89, 3813.03, 264.99366026]
[1543478400, 3664.16, 3727, 3672.6, 3709.89, 81.00788874]
[1543474800, 3637.71, 3696.59, 3681.15, 3672.59, 137.39407544]
[1543471200, 3664.55, 3702.17, 3690.16, 3682, 74.09949562]
[1543467600, 3634.8, 3703.49, 3644.9, 3686.01, 36.7238336]
[1543464000, 3602.98, 3663.51, 3634.99, 3644.89, 39.3587029]
[1543460400, 3630.08, 3663.64, 3663.64, 3635, 14.38410742]
[1543456800, 3630, 3667.31, 3631.65, 3667.31, 18.10789983]
[1543453200, 3610, 3729.24, 3729.23, 3631.52, 134.04513732]
[1543449600, 3705.03, 3744.89, 3726.22, 3729.24, 30.50498761]
[1543446000, 3680, 3734.7, 3698.29, 3726.26, 86.45077646]
[1543442400, 3662, 3748.8, 3728.01, 3698.28, 177.08853821]
[1543438800, 3727.01, 3849, 3841.24, 3734.01, 223.66484874]
[1543435200, 3800.99, 3882.67, 3805.01, 3845.52, 255.28065303]
[1543431600, 3738.99, 3834.69, 3742.64, 3805.01, 328.0342801]
[1543428000, 3706.02, 3745.59, 3706.02, 3742.63, 136.44636746]
[1543424400, 3682.86, 3735, 3706, 3706.03, 165.89508465]
[1543420800, 3679, 3750, 3748.15, 3706, 185.73121553]
[1543417200, 3706.81, 3775.07, 3775.07, 3748.23, 230.88517617]
[1543413600, 3670.22, 3785, 3676.86, 3776.05, 497.7002953]
[1543410000, 3644.03, 3706.93, 3665, 3676.87, 350.26641227]
[1543406400, 3536.92, 3686.22, 3562.7, 3665.01, 241.0473038]
[1543402800, 3540, 3570.03, 3560.19, 3564.31, 108.69267219]
[1543399200, 3516.95, 3568.42, 3533.4, 3560.08, 125.20230151]
[1543395600, 3517.67, 3542.27, 3517.67, 3533.47, 102.62926955]
[1543392000, 3503, 3589, 3576.52, 3517.68, 125.26437977]
[1543388400, 3517.81, 3579.15, 3523.28, 3576.51, 191.3794416]
[1543384800, 3495.97, 3557.14, 3529.66, 3523.29, 154.19784669]
[1543381200, 3520.92, 3597.02, 3559, 3529.66, 137.84688051]
[1543377600, 3393.87, 3560, 3402.91, 3558.5, 194.47726348]
[1543374000, 3367.76, 3414.99, 3367.76, 3403, 45.09189957]
[1543370400, 3364.47, 3392.86, 3368.89, 3368.95, 11.76520517]
[1543366800, 3354.82, 3384.56, 3363.28, 3368.89, 22.1127116]
[1543363200, 3342.89, 3394.6, 3347.38, 3365.44, 36.32547309]
[1543359600, 3336.28, 3370, 3366.91, 3347.39, 65.74969281]
[1543356000, 3321.71, 3390, 3343.89, 3366.91, 104.41426092]
[1543352400, 3267.63, 3366.73, 3296.99, 3344.43, 131.30951452]
[1543348800, 3266.53, 3297, 3294.73, 3297, 64.64251991]
[1543345200, 3276, 3333, 3301.99, 3294.99, 87.02800088]
[1543341600, 3255.91, 3307, 3270.19, 3304.99, 81.20059451]
[1543338000, 3255.91, 3297, 3291.63, 3270.21, 122.71754822]
[1543334400, 3232.07, 3290, 3253.3, 3290, 125.06345237]
[1543330800, 3227.41, 3280, 3280, 3253.7, 131.124195]
[1543327200, 3270.18, 3297.98, 3274.55, 3280, 88.4756837]
[1543323600, 3240, 3305.35, 3252.73, 3274.55, 191.65536629]
[1543320000, 3211.65, 3267.5, 3235, 3255.83, 150.6680824]
[1543316400, 3232.49, 3271.57, 3257.63, 3235.01, 89.64379799]
[1543312800, 3160.01, 3289, 3239.01, 3258.02, 262.5365685]
[1543309200, 3210, 3265.69, 3222.82, 3240, 106.77288145]
[1543305600, 3215.2, 3314.69, 3306.18, 3222.83, 131.19889035]
[1543302000, 3273.86, 3343, 3328.7, 3304.89, 140.72277443]
[1543298400, 3266.9, 3328.7, 3292.47, 3328.7, 43.16488981]
[1543294800, 3260.23, 3317.77, 3264.46, 3292.48, 39.75238717]
[1543291200, 3233.43, 3278.46, 3249.74, 3264.46, 22.00816258]
[1543287600, 3245.26, 3300, 3285.54, 3252.75, 28.02990424]
[1543284000, 3220.48, 3289.15, 3249.5, 3285.52, 14.65473799]
[1543280400, 3229.25, 3299.62, 3292.68, 3249.5, 35.02653936]
[1543276800, 3252.68, 3300, 3291.5, 3294.81, 55.78600777]
[1543273200, 3200, 3299.1, 3225.67, 3291.5, 114.17105861]
[1543269600, 3215.21, 3280, 3232.99, 3225.98, 169.4985936]
[1543266000, 3160.41, 3265.47, 3222.24, 3233, 287.85592854]
[1543262400, 3178.18, 3343.36, 3343.36, 3222.24, 310.54112996]
[1543258800, 3324.26, 3438.99, 3360, 3343.86, 238.81130765]
[1543255200, 3282.13, 3360, 3306.49, 3359.99, 170.9692724]
[1543251600, 3287.35, 3385, 3313.94, 3304.71, 216.27063606]
[1543248000, 3120.01, 3343.7, 3251.99, 3314.47, 658.1201627]
[1543244400, 3250, 3313.68, 3310.1, 3250, 175.45024537]
[1543240800, 3250.59, 3392.17, 3368.3, 3310.11, 437.35407219]
[1543237200, 3350.09, 3458.53, 3438.79, 3370.92, 213.11485477]
[1543233600, 3420, 3464.59, 3464.59, 3438.79, 85.43460467]
[1543230000, 3441, 3483.84, 3453.81, 3464.59, 108.18116589]
[1543226400, 3428.99, 3481.88, 3429, 3453.85, 133.31239886]
[1543222800, 3396.83, 3465, 3460.62, 3429, 129.19514095]
[1543219200, 3408.7, 3504.98, 3502.96, 3460.63, 195.86066836]
[1543215600, 3491.48, 3572.15, 3572.15, 3502.97, 113.75262695]
[1543212000, 3489.6, 3582.5, 3504.76, 3572.14, 64.06416755]
[1543208400, 3460, 3527.6, 3470.51, 3505.77, 49.70804281]
[1543204800, 3454.8, 3515.01, 3515.01, 3470.51, 21.46600568]
[1543201200, 3482, 3533.41, 3500.01, 3515.01, 24.3582124]
[1543197600, 3450.56, 3500.29, 3486.79, 3500, 38.63245929]
[1543194000, 3460.26, 3525.42, 3524.99, 3486.79, 36.89678534]
[1543190400, 3471.01, 3559.99, 3474.54, 3528.97, 89.59160652]
[1543186800, 3422.24, 3503.49, 3471.22, 3475.89, 157.16646943]
[1543183200, 3471.01, 3599.01, 3566.12, 3471.37, 242.8254957]
[1543179600, 3410.81, 3633.93, 3438.92, 3566.12, 476.56373929]
[1543176000, 3313, 3500, 3338, 3438.92, 370.98539161]
[1543172400, 3250.01, 3389.12, 3259.99, 3338.01, 171.24201518]
[1543168800, 3231.66, 3260, 3232.38, 3259.98, 67.21499099]
[1543165200, 3203, 3277.57, 3264.03, 3231.12, 128.82045907]
[1543161600, 3230.31, 3295.12, 3270, 3267.03, 108.45433006]
[1543158000, 3201.5, 3348, 3348, 3270, 219.28249554]
[1543154400, 3320.58, 3369.98, 3363.99, 3347.59, 66.33884088]
[1543150800, 3311.33, 3380, 3323.11, 3364, 149.65446064]
[1543147200, 3281.99, 3353.77, 3333.32, 3321.18, 283.36648455]
[1543143600, 3195.1, 3470, 3195.1, 3333.32, 715.74533531]
[1543140000, 3050.98, 3200, 3155.69, 3195.1, 904.72287981]
[1543136400, 3135.87, 3251, 3235.33, 3155.95, 188.07565408]
[1543132800, 3213.05, 3273.99, 3254.83, 3234.45, 124.13778854]
[1543129200, 3192.42, 3255, 3195.75, 3255, 135.27672074]
[1543125600, 3161.3, 3231.5, 3200.07, 3195.75, 94.83352912]
[1543122000, 3134.11, 3207.53, 3149.76, 3200.09, 279.85769357]
[1543118400, 3120, 3200, 3140, 3150, 912.40373143]
[1543114800, 3134.01, 3236.42, 3219.8, 3140, 208.16009652]
[1543111200, 3197.98, 3298, 3297.99, 3219.11, 508.66214996]
[1543107600, 3266.25, 3319.1, 3297.49, 3298, 208.74070769]
[1543104000, 3280.04, 3355, 3320, 3295.08, 397.41354071]
[1543100400, 3276.54, 3400, 3280, 3320, 826.34443855]
[1543096800, 3259.99, 3499.01, 3499, 3280, 632.67856005]
[1543093200, 3401, 3673, 3672.99, 3499, 852.71695132]
[1543089600, 3665.13, 3704.57, 3684.59, 3672.99, 68.85617911]
[1543086000, 3668.98, 3748, 3741.16, 3684.58, 80.4530609]
[1543082400, 3735.59, 3753.19, 3744.01, 3742, 27.70816894]
[1543078800, 3721.34, 3749.48, 3734.71, 3745.62, 45.0724025]
[1543075200, 3734.71, 3753.48, 3753.48, 3734.71, 99.40190205]
[1543071600, 3740, 3760.08, 3760.01, 3753.48, 35.72910635]
[1543068000, 3755.18, 3770, 3760.24, 3760.01, 45.1169905]
[1543064400, 3755.85, 3778, 3766.18, 3760.24, 41.24268568]
[1543060800, 3740, 3767.71, 3759.5, 3766.99, 50.47911964]
[1543057200, 3752, 3779.86, 3762.01, 3759.5, 28.88566404]
[1543053600, 3762, 3805.3, 3805.3, 3762.01, 35.0848898]
[1543050000, 3770.01, 3805.3, 3787.49, 3805.3, 43.09733866]
[1543046400, 3761.71, 3787.5, 3772.46, 3787.5, 17.86900534]
