[1522886400, 5431, 5564.66, 5535.34, 5445.83, 92.84194776]
[1522882800, 5474.01, 5571.39, 5505.89, 5535.34, 66.60441112]
[1522879200, 5450, 5573.4, 5562.1, 5511.41, 170.60063646]
[1522875600, 5526.01, 5595.19, 5589.36, 5562.09, 92.65139504]
[1522872000, 5575, 5644.96, 5612.5, 5589.36, 139.10499963]
[1522868400, 5525.46, 5617, 5562.11, 5615, 134.9795595]
[1522864800, 5503, 5582.69, 5582.69, 5562.11, 118.53087047]
[1522861200, 5565.06, 5619, 5614.48, 5578.51, 81.27443014]
[1522857600, 5530.42, 5627.98, 5533.03, 5614.48, 115.48940578]
[1522854000, 5510, 5621.27, 5590.2, 5533.03, 156.05956449]
[1522850400, 5500, 5761.19, 5760.48, 5590.19, 484.38677651]
[1522846800, 5723.53, 5806.33, 5765.04, 5760.48, 216.1999463]
[1522843200, 5730.01, 5779.7, 5771, 5772.53, 96.14255297]
[1522839600, 5705.23, 5792.69, 5792.69, 5771, 135.8031399]
[1522836000, 5740, 5803.3, 5759.23, 5792.69, 128.2505655]
[1522832400, 5740.2, 5951.19, 5949.98, 5759.23, 388.84863221]
[1522828800, 5931, 5974.9, 5961.15, 5949.98, 79.81477258]
[1522825200, 5961.7, 6035.47, 6003.99, 5963.44, 124.2392936]
[1522821600, 6000, 6043.69, 6009.12, 6003.98, 94.20294985]
[1522818000, 5962.46, 6035.61, 5962.47, 6009.11, 67.65307899]
[1522814400, 5928.99, 5960, 5948.9, 5960, 36.85669501]
[1522810800, 5935.14, 5978.36, 5947.45, 5954.71, 18.30295875]
[1522807200, 5942.51, 5990.58, 5988.34, 5947.45, 19.77760166]
[1522803600, 5950, 6064.4, 6040.35, 5987.21, 54.4061617]
[1522800000, 6037, 6062.51, 6060, 6040.36, 18.52693007]
[1522796400, 6005.4, 6084.21, 6027.92, 6060.02, 52.33044778]
[1522792800, 5987.7, 6085.89, 6085.89, 6027.91, 124.20837848]
[1522789200, 6040, 6088.17, 6060, 6085.88, 89.06700229]
[1522785600, 6030.45, 6147.53, 6134.99, 6059.99, 203.45038008]
[1522782000, 6125.02, 6184.94, 6147.57, 6134.98, 187.18316779]
[1522778400, 6066, 6166.99, 6076.93, 6147.56, 237.16167955]
[1522774800, 6032.79, 6077.52, 6077.52, 6076.93, 127.84362003]
[1522771200, 6049, 6099.99, 6059.59, 6077.51, 207.15794126]
[1522767600, 6015.02, 6080, 6020.8, 6059.58, 174.3740173]
[1522764000, 5975.58, 6028.29, 6010, 6020.79, 158.50130441]
[1522760400, 6004.2, 6057.09, 6008.19, 6010.01, 155.207782]
[1522756800, 5980, 6017.71, 5982, 6008.2, 82.09463333]
[1522753200, 5980.05, 6037.44, 5980.06, 5980.09, 146.88759541]
[1522749600, 5930.77, 6064.23, 6045.06, 5980.4, 220.7301998]
[1522746000, 6018, 6059.34, 6034.99, 6046.61, 113.41836562]
[1522742400, 6023.01, 6068.77, 6063.01, 6034.99, 181.46440864]
[1522738800, 6000, 6079.84, 6013.08, 6063.02, 205.98057755]
[1522735200, 5992.79, 6040.17, 5992.79, 6013.08, 150.15880069]
[1522731600, 5962.3, 6020, 5988.54, 5992.79, 216.46535969]
[1522728000, 5821.17, 5993.31, 5821.17, 5985.42, 147.27466525]
[1522724400, 5795.37, 5839.99, 5839.99, 5821.16, 30.98709613]
[1522720800, 5714.95, 5840, 5714.95, 5839.98, 61.74872625]
[1522717200, 5703.74, 5722.98, 5709.59, 5708.78, 4.5059195]
[1522713600, 5710, 5750, 5741.99, 5710.01, 45.27742406]
[1522710000, 5707.06, 5742, 5727.01, 5741.99, 25.41182362]
[1522706400, 5666.8, 5750, 5675, 5727.01, 99.92379698]
[1522702800, 5630.8, 5713.06, 5630.8, 5674.99, 64.31347069]
[1522699200, 5592.73, 5692.22, 5677.72, 5630.8, 121.70082104]
[1522695600, 5660.01, 5697.21, 5671.07, 5677.57, 49.63236039]
[1522692000, 5635.01, 5696.29, 5672.16, 5671.07, 60.74580728]
[1522688400, 5664, 5704.01, 5704.01, 5672.16, 54.10210032]
[1522684800, 5698, 5735, 5720, 5704.01, 45.94664812]
[1522681200, 5632.71, 5748.97, 5632.72, 5720, 97.22224369]
[1522677600, 5601, 5710, 5709.99, 5632.72, 115.41468731]
[1522674000, 5676.72, 5731.99, 5695.04, 5710, 95.50751533]
[1522670400, 5680, 5733.73, 5728.81, 5695.06, 90.95091952]
[1522666800, 5721.39, 5798.49, 5755.01, 5731.15, 121.63952957]
[1522663200, 5724.27, 5759.99, 5753.99, 5755.01, 95.64181373]
[1522659600, 5732.85, 5755.01, 5740, 5753.99, 75.76787268]
[1522656000, 5705.5, 5749.04, 5720.78, 5740, 105.70479771]
[1522652400, 5607.1, 5740, 5610.65, 5723.86, 131.76984912]
[1522648800, 5608.21, 5654, 5618.28, 5610.64, 63.78107921]
[1522645200, 5587.27, 5625.7, 5595.88, 5618.28, 23.65157793]
[1522641600, 5594.78, 5683.97, 5666.23, 5595.87, 20.90860649]
[1522638000, 5642, 5676.3, 5646.15, 5665.48, 15.53574269]
[1522634400, 5629.18, 5652.2, 5629.19, 5646.15, 11.4553701]
[1522630800, 5629.18, 5674.59, 5666.9, 5629.18, 20.48267435]
[1522627200, 5496, 5700, 5520, 5666.99, 116.90433044]
[1522623600, 5484.9, 5535, 5529.82, 5519.99, 53.94097341]
[1522620000, 5485, 5550.91, 5533.62, 5529.82, 65.49271199]
[1522616400, 5531, 5608.44, 5591.01, 5533.62, 75.92212277]
[1522612800, 5550, 5635, 5605.23, 5591.11, 89.8072386]
[1522609200, 5529.88, 5673.94, 5529.89, 5605.24, 295.71294168]
[1522605600, 5451.28, 5589.98, 5575.6, 5529.89, 183.62368635]
[1522602000, 5481.65, 5598.96, 5561, 5576.75, 296.66956417]
[1522598400, 5240, 5659.88, 5250.85, 5563.26, 1012.4058114]
[1522594800, 5250, 5299.99, 5295.99, 5250.85, 118.07580786]
[1522591200, 5250, 5361.94, 5361.94, 5295.98, 275.51329654]
[1522587600, 5339.78, 5454.4, 5444.82, 5361.93, 219.58413169]
[1522584000, 5437.71, 5477.44, 5441.84, 5444.82, 58.31872028]
[1522580400, 5428.52, 5454.8, 5454.03, 5446.3, 47.27669405]
[1522576800, 5419.48, 5475.79, 5475.79, 5454.02, 56.23319985]
[1522573200, 5375, 5475.79, 5464.4, 5475.79, 158.64207253]
[1522569600, 5451.01, 5502.13, 5474.09, 5451.01, 83.16499757]
[1522566000, 5450, 5575.52, 5575.52, 5474.1, 138.6786021]
[1522562400, 5575.51, 5628.1, 5628.09, 5575.52, 39.55258689]
[1522558800, 5615.1, 5645.6, 5630, 5628.09, 12.5794582]
[1522555200, 5619.15, 5649.04, 5631.43, 5630.01, 6.25074799]
[1522551600, 5600, 5644.03, 5624.13, 5631.43, 16.4857352]
[1522548000, 5604.11, 5691.06, 5683.41, 5624.14, 21.55428624]
[1522544400, 5659.61, 5701.94, 5670.26, 5683.4, 19.46787625]
[1522540800, 5618.53, 5718.73, 5637.28, 5670.27, 90.60474775]
[1522537200, 5591.01, 5655.92, 5655.47, 5637.34, 63.21993215]
[1522533600, 5626.79, 5664.59, 5640, 5655.91, 40.06215055]
[1522530000, 5563.83, 5646.13, 5628.08, 5640, 127.76158012]
[1522526400, 5610, 5746, 5745.93, 5628.08, 127.54060723]
[1522522800, 5660.13, 5746, 5729.05, 5745.93, 76.17376003]
[1522519200, 5729.05, 5801.36, 5790.01, 5729.05, 75.17333576]
[1522515600, 5760.28, 5810.76, 5798.45, 5790.01, 99.5009626]
[1522512000, 5739.67, 5824.04, 5739.68, 5798.45, 154.66149186]
[1522508400, 5730, 5771.35, 5771.35, 5739.68, 55.15348444]
[1522504800, 5704.11, 5775, 5732.89, 5771.35, 125.96650624]
[1522501200, 5730.7, 5856.78, 5856.78, 5732.89, 127.38991751]
[1522497600, 5744.22, 5870, 5772.01, 5856.79, 172.25345681]
[1522494000, 5730.05, 5796.76, 5760.3, 5772.01, 127.91125148]
[1522490400, 5660.98, 5847.2, 5687.39, 5760.61, 288.07630158]
[1522486800, 5577.17, 5688.63, 5585.13, 5687.39, 82.88819984]
[1522483200, 5542.14, 5640, 5542.15, 5585.02, 84.52642282]
[1522479600, 5504.91, 5549, 5520.2, 5542.12, 40.40255654]
[1522476000, 5500, 5636.9, 5605.34, 5526.59, 53.97423316]
[1522472400, 5580, 5700.01, 5700, 5605.34, 42.91188716]
[1522468800, 5634.54, 5718.58, 5646.22, 5700, 30.77317716]
[1522465200, 5633.86, 5714.3, 5710.11, 5646.23, 26.70932695]
[1522461600, 5364.03, 5760, 5744.99, 5708.85, 161.85681479]
[1522458000, 5610.54, 5760.45, 5680.29, 5744.99, 101.055915]
[1522454400, 5551.61, 5699, 5551.61, 5680.3, 105.48791386]
[1522450800, 5495.2, 5577.99, 5500.42, 5551.61, 73.4317747]
[1522447200, 5470.73, 5626.01, 5626.01, 5500.42, 164.29524954]
[1522443600, 5563, 5639, 5565.17, 5626.01, 133.55960436]
[1522440000, 5496.81, 5603, 5545, 5565.32, 190.29269829]
[1522436400, 5470, 5615.89, 5470, 5547.6, 281.63095012]
[1522432800, 5402.79, 5478.4, 5453.3, 5470, 105.50552455]
[1522429200, 5354.28, 5489.39, 5409.99, 5452.06, 306.72826834]
[1522425600, 5350, 5561, 5508.89, 5410, 419.47448225]
[1522422000, 5410, 5559.88, 5558.9, 5508.8, 319.63314075]
[1522418400, 5555, 5621, 5580.06, 5561.03, 105.76337432]
[1522414800, 5551.33, 5701, 5699.88, 5580.06, 137.00109054]
[1522411200, 5614.33, 5699.89, 5692.84, 5699.89, 114.12899098]
[1522407600, 5588.13, 5704.96, 5591.6, 5692.85, 139.38986052]
[1522404000, 5581, 5766.94, 5703.55, 5592.1, 208.52369544]
[1522400400, 5689.22, 5805, 5764.05, 5708.28, 114.32590999]
[1522396800, 5727, 5928.09, 5880.67, 5754, 246.67106028]
[1522393200, 5605.76, 5907.35, 5726.02, 5880.67, 250.70006285]
[1522389600, 5705.59, 5870, 5835, 5726.02, 220.56639074]
[1522386000, 5458.66, 5887.33, 5458.66, 5835, 376.04281741]
[1522382400, 5427.05, 5600, 5600, 5458.66, 162.65401622]
[1522378800, 5556.51, 5701.38, 5556.51, 5600, 96.10234225]
[1522375200, 5515.01, 5641.1, 5590, 5556.51, 97.25203024]
[1522371600, 5463.41, 5590, 5562.01, 5589.99, 257.38894174]
[1522368000, 5555, 5832.75, 5749.1, 5562.01, 280.85040084]
[1522364400, 5731.85, 5872.11, 5827.97, 5749.11, 200.71238793]
[1522360800, 5721.28, 5991.54, 5754.65, 5827.96, 464.07680502]
[1522357200, 5610.65, 5935, 5753.9, 5754.47, 992.99331496]
[1522353600, 5747.16, 5990.74, 5970.03, 5753.67, 553.55588178]
[1522350000, 5970, 6084.05, 6047.34, 5970.02, 108.97633775]
[1522346400, 6037, 6067.55, 6063.37, 6043.68, 97.41253582]
[1522342800, 6039.02, 6115.06, 6101.01, 6063.4, 94.29914938]
[1522339200, 6082.23, 6166.39, 6082.23, 6101.01, 210.64727787]
[1522335600, 6006.78, 6082.24, 6015.01, 6082.24, 173.79669082]
[1522332000, 5940, 6088, 6073.15, 6015, 498.13175083]
[1522328400, 6061, 6119, 6095, 6073.1, 126.11757781]
[1522324800, 6069.99, 6136, 6069.99, 6095, 176.38487695]
[1522321200, 6050, 6096.45, 6079.07, 6070, 155.18767117]
[1522317600, 6059.09, 6129, 6114.98, 6074.98, 210.36221397]
[1522314000, 6085, 6189.91, 6153.63, 6115, 198.69936305]
[1522310400, 6070.1, 6177.65, 6120.01, 6153.63, 183.48826952]
[1522306800, 6100, 6205.9, 6205.9, 6120.01, 232.99490811]
[1522303200, 6152, 6206.95, 6167.01, 6206, 165.45085241]
[1522299600, 6167, 6237, 6202.01, 6167.01, 149.49818058]
[1522296000, 6201.3, 6406.5, 6400.26, 6202.02, 206.66097216]
[1522292400, 6386, 6419.1, 6419.1, 6402.41, 26.23405505]
[1522288800, 6403.69, 6429.85, 6407, 6419.1, 10.27734857]
[1522285200, 6407, 6449, 6448.99, 6407.01, 16.41482392]
[1522281600, 6425.4, 6465.73, 6450, 6448.5, 12.36478903]
[1522278000, 6419.99, 6470.1, 6458, 6450, 42.18428384]
[1522274400, 6389.99, 6476.9, 6389.99, 6458.99, 98.47221336]
[1522270800, 6365, 6436.5, 6420, 6390, 86.11074927]
[1522267200, 6416.79, 6450, 6435.71, 6420, 63.85502336]
[1522263600, 6411.03, 6459.01, 6459.01, 6438.2, 63.50903333]
[1522260000, 6408.93, 6464.82, 6437.1, 6459.01, 52.01461866]
[1522256400, 6385, 6441.04, 6390.48, 6437.1, 64.95979577]
[1522252800, 6372.1, 6420, 6372.11, 6390.48, 49.43501688]
[1522249200, 6357, 6430.98, 6412.61, 6372.11, 126.89980203]
[1522245600, 6403.4, 6518.76, 6518.75, 6412.61, 131.75902128]
[1522242000, 6476.53, 6519.9, 6476.53, 6518.76, 83.28631311]
[1522238400, 6456.03, 6500.01, 6500.01, 6476.54, 75.6533843]
[1522234800, 6477.33, 6550, 6496.55, 6500.01, 93.7873216]
[1522231200, 6482.13, 6549.98, 6525.82, 6496.56, 88.91363331]
[1522227600, 6387.4, 6550, 6400.23, 6525.82, 205.21223599]
[1522224000, 6364.89, 6402.06, 6371.01, 6400.22, 73.44988611]
[1522220400, 6371, 6434, 6405.37, 6371.01, 83.48284571]
[1522216800, 6337.54, 6413.14, 6337.55, 6406, 76.88939231]
[1522213200, 6305.01, 6360.98, 6307.08, 6337.55, 41.3640491]
[1522209600, 6302.16, 6349.78, 6349.77, 6302.16, 17.26242752]
[1522206000, 6303.69, 6349.99, 6303.69, 6349.78, 21.64076075]
[1522202400, 6274, 6319, 6306.02, 6303.69, 22.30632304]
[1522198800, 6284.83, 6314.9, 6298.57, 6301.02, 17.88062392]
[1522195200, 6270, 6315.39, 6305.03, 6300.01, 44.98235832]
[1522191600, 6290, 6449.42, 6444.43, 6305.03, 108.22936431]
[1522188000, 6384, 6467, 6467, 6444.43, 54.04154467]
[1522184400, 6441.05, 6497.48, 6453.33, 6467, 74.66977259]
[1522180800, 6371, 6489, 6382, 6453.33, 142.30535586]
[1522177200, 6344, 6400, 6370, 6381.82, 85.29573561]
[1522173600, 6350.01, 6418, 6404, 6369.5, 126.48926718]
[1522170000, 6374, 6562.01, 6562.01, 6404, 240.46546713]
[1522166400, 6519.1, 6565.42, 6525.04, 6562.02, 86.80918724]
