[1515686400, 11728.98, 11916, 11844.39, 11747.05, 153.89863163]
[1515682800, 11726.98, 11996.25, 11733, 11844.39, 292.27883859]
[1515679200, 11466.17, 11733, 11562.86, 11733, 247.18459312]
[1515675600, 11439.78, 11670.57, 11638.77, 11562.86, 172.36342981]
[1515672000, 11280, 11689.99, 11284.64, 11638.77, 269.09041339]
[1515668400, 11032.01, 11371.41, 11328.91, 11288.92, 463.98423126]
[1515664800, 11320, 11555, 11533.27, 11335.37, 242.85394722]
[1515661200, 11444.3, 11756.94, 11756.94, 11535, 199.88547984]
[1515657600, 11552.36, 11840, 11557.64, 11756.94, 228.11939169]
[1515654000, 11236.61, 11671.46, 11354.34, 11557.64, 202.20580106]
[1515650400, 11195.62, 11561.59, 11230, 11355.09, 165.33161086]
[1515646800, 11111, 11734.27, 11386.56, 11229.99, 137.64272281]
[1515643200, 11111, 11608.35, 11408.34, 11385.8, 243.22052277]
[1515639600, 11379, 11980.51, 11980.51, 11408.33, 238.67872052]
[1515636000, 11923.19, 12211, 12105.62, 11980.51, 45.43500229]
[1515632400, 12066.17, 12233.65, 12225.36, 12105.63, 48.96686]
[1515628800, 12186.71, 12500, 12465.2, 12225.37, 128.72043888]
[1515625200, 12101, 12465.2, 12116.67, 12465.19, 140.4393538]
[1515621600, 11990.01, 12199, 12188.87, 12116.67, 134.42181339]
[1515618000, 12130, 12232.5, 12168.3, 12188.87, 111.84021471]
[1515614400, 12012.01, 12200, 12112.41, 12168.3, 143.57258258]
[1515610800, 12100, 12237.05, 12205.48, 12112.41, 166.73496022]
[1515607200, 12100.08, 12350, 12170, 12199, 208.45807291]
[1515603600, 12066.85, 12281.67, 12281.09, 12169.99, 199.7150442]
[1515600000, 12112.74, 12434.42, 12180.39, 12281.68, 335.51857437]
[1515596400, 11676.91, 12295.73, 11690.01, 12175, 294.9010226]
[1515592800, 11556, 11777.35, 11749.09, 11690.01, 207.11108467]
[1515589200, 11726, 11912.22, 11788, 11751.07, 201.33207296]
[1515585600, 11723.98, 11980, 11874.47, 11788, 249.03023387]
[1515582000, 11600, 12078.78, 11849.96, 11874.47, 304.79631211]
[1515578400, 11762.37, 11985.3, 11910.82, 11849.98, 260.16986046]
[1515574800, 11500, 11998, 11523.42, 11910.82, 412.95959843]
[1515571200, 11471.18, 11945.64, 11943.86, 11522.48, 508.7196629]
[1515567600, 11846.11, 12019.07, 11938.42, 11947.64, 176.0410138]
[1515564000, 11900.99, 12000, 11950.98, 11938.46, 135.12390944]
[1515560400, 11877, 12000.86, 12000.86, 11950.98, 122.72845716]
[1515556800, 11900, 12001, 11925.02, 12000.86, 77.89748676]
[1515553200, 11925, 12072.24, 12050.01, 11925.02, 124.78178812]
[1515549600, 12049.98, 12103.53, 12049.98, 12050.01, 41.69472768]
[1515546000, 12005.7, 12182.21, 12045.76, 12049.99, 75.85727318]
[1515542400, 12005.7, 12349, 12276.25, 12045.86, 197.30486524]
[1515538800, 12100, 12307.97, 12267.85, 12276.25, 248.54573795]
[1515535200, 12238, 12480.01, 12480.01, 12267.85, 188.11830787]
[1515531600, 12469, 12629.8, 12628.01, 12480.01, 135.03948665]
[1515528000, 12563.92, 12699.98, 12652, 12628, 134.82582501]
[1515524400, 12610.27, 12700, 12675.01, 12652, 98.55836756]
[1515520800, 12675, 12795.75, 12742, 12675.01, 129.23914427]
[1515517200, 12618.56, 12742, 12699.43, 12741.99, 106.4325473]
[1515513600, 12464.87, 12734.99, 12541.55, 12699.43, 158.15806518]
[1515510000, 12470.68, 12646.12, 12470.68, 12541.55, 225.26711401]
[1515506400, 12220, 12498.99, 12220.55, 12470.69, 291.01220879]
[1515502800, 12210, 12587.7, 12563.69, 12225.75, 270.07179706]
[1515499200, 12505, 12698.7, 12629.77, 12563.69, 160.39047634]
[1515495600, 12464.08, 12645, 12489.72, 12629.81, 181.93678566]
[1515492000, 12391.75, 12680.01, 12680.01, 12487.66, 244.54950279]
[1515488400, 12650, 12816.39, 12815.73, 12680.01, 144.77468355]
[1515484800, 12676.12, 12867.92, 12689.01, 12820, 119.20508726]
[1515481200, 12545.09, 12747.49, 12545.1, 12689, 113.318249]
[1515477600, 12505.99, 12678.69, 12605.84, 12545.1, 82.48188051]
[1515474000, 12523.05, 12743.93, 12704.19, 12605.84, 48.2179606]
[1515470400, 12700.02, 12761, 12715.82, 12704.19, 25.35495042]
[1515466800, 12715.81, 12845.24, 12809.23, 12715.82, 42.53452724]
[1515463200, 12800, 12883, 12883, 12809.24, 13.63906038]
[1515459600, 12790, 12883, 12851.95, 12883, 38.8085077]
[1515456000, 12700.01, 12851.95, 12769, 12851.95, 53.75913888]
[1515452400, 12505.99, 12799.99, 12550, 12769, 97.26795109]
[1515448800, 12550, 12733.99, 12733.98, 12550, 126.20575678]
[1515445200, 12708.63, 12807.46, 12784, 12733.99, 147.97824956]
[1515441600, 12603, 12947.5, 12926.23, 12784, 206.31751355]
[1515438000, 12793.21, 12934.99, 12793.22, 12926.23, 176.51646907]
[1515434400, 12740, 12982.56, 12740.01, 12793.23, 243.34499175]
[1515430800, 12500, 12827.19, 12775, 12740.01, 219.94278478]
[1515427200, 12551.12, 12843.4, 12561.08, 12775, 317.24943742]
[1515423600, 11888, 12738, 12390.55, 12599.99, 726.64964461]
[1515420000, 12316, 12740.09, 12727.7, 12390.56, 382.02809231]
[1515416400, 12536.66, 13050, 13011.61, 12727.7, 346.96608537]
[1515412800, 12837.41, 13085, 13029.22, 13012.44, 155.61513793]
[1515409200, 12679.99, 13040.49, 12680, 13029.06, 183.4141054]
[1515405600, 12600, 12800, 12726.27, 12680, 313.37474859]
[1515402000, 12701.1, 12999.2, 12925, 12720.91, 239.44463188]
[1515398400, 12908.48, 13328, 13210.39, 12924.99, 163.66570282]
[1515394800, 12852, 13218.7, 12885.49, 13210.34, 108.65609201]
[1515391200, 12830, 13086.03, 12924.28, 12885.5, 99.19476077]
[1515387600, 12642.9, 13031.42, 12646.58, 12925.64, 57.93787249]
[1515384000, 12600, 12857.4, 12733.49, 12646.58, 59.57614708]
[1515380400, 12700, 12989.05, 12970.91, 12733.49, 63.13173262]
[1515376800, 12801, 13104.22, 12936.5, 12970.9, 65.59338425]
[1515373200, 12800, 13018.57, 12856.01, 12936.5, 103.69167248]
[1515369600, 12830, 13374.64, 13360.31, 12856.01, 266.78173052]
[1515366000, 13336.49, 13607.89, 13571.4, 13358.06, 61.22508614]
[1515362400, 13478.7, 13643.05, 13478.7, 13571.4, 82.87063639]
[1515358800, 13454.45, 13596.44, 13469.97, 13478.7, 96.44699005]
[1515355200, 13280.01, 13475, 13413.27, 13465.1, 94.82615605]
[1515351600, 13405.28, 13546.51, 13469.64, 13413.27, 132.58769396]
[1515348000, 13160.01, 13480, 13370, 13469.64, 248.59809409]
[1515344400, 13221.4, 13581.54, 13470.46, 13370, 224.78455569]
[1515340800, 13400, 13732.01, 13732, 13470.46, 228.68550799]
[1515337200, 13732, 13839.99, 13839.81, 13732, 76.08099422]
[1515333600, 13762.8, 13855.38, 13780.39, 13838.34, 71.14660433]
[1515330000, 13732.3, 13870, 13810.03, 13769.61, 80.39062759]
[1515326400, 13800, 13899, 13899, 13810.02, 91.11881228]
[1515322800, 13899, 13949.98, 13912.09, 13899.01, 71.65689416]
[1515319200, 13860.35, 13950, 13860.36, 13912.09, 86.00931135]
[1515315600, 13800.16, 13944, 13911.03, 13860.35, 89.65280329]
[1515312000, 13846.2, 14022.01, 13846.2, 13911.02, 80.26068056]
[1515308400, 13680, 13855, 13697.19, 13846.2, 62.29059322]
[1515304800, 13680, 13700.02, 13700.01, 13697.19, 69.76243369]
[1515301200, 13700.01, 13913.55, 13752.04, 13700.01, 78.45805659]
[1515297600, 13750.01, 13819.63, 13794.46, 13752.05, 40.9879856]
[1515294000, 13777.71, 13990.01, 13990.01, 13794.47, 65.38666142]
[1515290400, 13990, 14114.35, 14114.34, 13990, 28.74638749]
[1515286800, 14068.03, 14173.67, 14164.71, 14114.35, 44.49470472]
[1515283200, 14120.05, 14240, 14230, 14164.7, 58.58358699]
[1515279600, 14183.88, 14248, 14184.06, 14229.99, 67.49816908]
[1515276000, 14065.99, 14298, 14065.99, 14184, 175.55707558]
[1515272400, 14018.12, 14150.01, 14150.01, 14066, 57.69659415]
[1515268800, 13975.48, 14175.1, 13975.48, 14150, 74.65237534]
[1515265200, 13960.8, 14090, 14050, 13975.49, 75.55503081]
[1515261600, 14026.99, 14214.93, 14134.75, 14050, 115.39356509]
[1515258000, 13998.42, 14134.79, 14110.06, 14134.75, 94.91904122]
[1515254400, 13885, 14146.62, 13898.99, 14116.04, 119.03342026]
[1515250800, 13805.72, 13937.7, 13826.99, 13898.98, 78.23425783]
[1515247200, 13701.99, 13892, 13737.02, 13827, 91.97893937]
[1515243600, 13692, 13783, 13705.02, 13737.02, 95.42327976]
[1515240000, 13702, 13830, 13814.19, 13702.31, 116.6321793]
[1515236400, 13800, 13958.19, 13946.05, 13815.68, 123.5896231]
[1515232800, 13660, 13949.34, 13681, 13943.35, 113.51745598]
[1515229200, 13681, 13758.35, 13716.01, 13681.01, 95.77103931]
[1515225600, 13716.01, 13895, 13805.01, 13716.01, 73.38536681]
[1515222000, 13684.75, 13841.64, 13841.64, 13805.01, 65.05720493]
[1515218400, 13770.8, 13914.94, 13784.19, 13841.64, 53.49449105]
[1515214800, 13659.03, 13971.89, 13779.09, 13784.19, 48.21242125]
[1515211200, 13659, 13779.1, 13750, 13779.1, 54.48926385]
[1515207600, 13750, 14053, 13756.01, 13750, 53.95516754]
[1515204000, 13756, 14255, 14255, 13756, 171.86628876]
[1515200400, 14197.43, 14299.26, 14232, 14255, 57.93872818]
[1515196800, 14019.01, 14333.87, 14299.99, 14232, 160.52133661]
[1515193200, 14210, 14450, 14378.98, 14300, 149.15277795]
[1515189600, 14216.81, 14440, 14216.82, 14378.98, 212.8094989]
[1515186000, 13950, 14399.99, 13950, 14216.82, 423.00259871]
[1515182400, 13811, 13950, 13862.44, 13950, 111.20117534]
[1515178800, 13738.29, 13960, 13960, 13862.43, 182.66901143]
[1515175200, 13897.2, 13996, 13955.8, 13960, 231.68892766]
[1515171600, 13724.4, 13994, 13865.59, 13955.79, 318.99376336]
[1515168000, 13653.04, 13899.99, 13653.05, 13865.66, 293.14005811]
[1515164400, 13616.1, 13688, 13687.81, 13653.05, 140.60234217]
[1515160800, 13540.89, 13700, 13661.24, 13688, 181.69378361]
[1515157200, 13437.73, 13680.99, 13469.34, 13664.74, 176.40292042]
[1515153600, 13400, 13565, 13555, 13469.34, 211.70436604]
[1515150000, 13336.11, 13590, 13534.35, 13551.5, 269.12259208]
[1515146400, 13235.84, 13690, 13379.17, 13534.39, 323.33696895]
[1515142800, 13091, 13500, 13091, 13371.15, 515.83726269]
[1515139200, 12780, 13091, 12783, 13091, 216.96321685]
[1515135600, 12624.86, 12814.55, 12720.01, 12783, 120.20687374]
[1515132000, 12705.23, 12808.09, 12808.09, 12720.01, 36.2031908]
[1515128400, 12701.99, 12816, 12749.7, 12808.1, 23.9096293]
[1515124800, 12709.81, 12841.22, 12841.21, 12749.69, 52.13863756]
[1515121200, 12841.2, 12927.93, 12927.93, 12841.22, 23.05751927]
[1515117600, 12915.39, 12967, 12954.05, 12927.93, 34.10800624]
[1515114000, 12837.48, 12954.06, 12849.99, 12954.06, 56.89438833]
[1515110400, 12795, 12949, 12940, 12850, 71.25040868]
[1515106800, 12860, 12940, 12898.99, 12940, 60.45253556]
[1515103200, 12819.16, 12899, 12877.5, 12899, 87.86651678]
[1515099600, 12769.57, 12944.94, 12769.6, 12877.5, 126.02818319]
[1515096000, 12763.09, 12982.34, 12844.82, 12769.57, 214.24572535]
[1515092400, 12751.76, 12872.14, 12757.34, 12844.81, 141.83136793]
[1515088800, 12738.27, 12822, 12739.31, 12757.35, 159.93150901]
[1515085200, 12617.3, 12749.69, 12665.54, 12740, 154.01919013]
[1515081600, 12580, 12690, 12689.99, 12665.54, 185.20118475]
[1515078000, 12616.6, 12700, 12680.32, 12690, 162.1116954]
[1515074400, 12600, 12740.54, 12695.57, 12680.32, 230.12345141]
[1515070800, 12655.01, 12777.06, 12708, 12693.11, 203.10575772]
[1515067200, 12641.51, 12834.08, 12743.06, 12708.01, 239.0161521]
[1515063600, 12683.1, 12775, 12770.01, 12743.06, 220.42503113]
[1515060000, 12720.21, 12860, 12726.22, 12770.01, 207.34703552]
[1515056400, 12512, 12875, 12657, 12726.22, 318.9023721]
[1515052800, 12651, 12920.06, 12920.06, 12657, 281.54551751]
[1515049200, 12910, 12961.07, 12961.07, 12920.06, 102.11968241]
[1515045600, 12906.02, 13020.09, 12906.03, 12961.07, 47.36673615]
[1515042000, 12906.01, 12975, 12930.04, 12906.01, 32.44170015]
[1515038400, 12930.04, 13005.4, 13005.4, 12930.04, 27.3298382]
[1515034800, 13005.39, 13100, 13042.38, 13005.39, 17.84003414]
[1515031200, 13001, 13125, 13100, 13042.38, 44.41490922]
[1515027600, 12964.31, 13100, 13061.01, 13100, 59.14051184]
[1515024000, 13021.01, 13083.54, 13065.05, 13061.02, 68.84306477]
[1515020400, 12903, 13068.89, 12903, 13065.62, 92.99506226]
[1515016800, 12903, 13080, 13069.23, 12903.01, 150.57815759]
[1515013200, 13000, 13080, 13016, 13069.23, 145.54042362]
[1515009600, 12901.02, 13020, 12950.46, 13016, 164.9950514]
[1515006000, 12949.9, 13007, 12963.51, 12950.47, 164.36329788]
[1515002400, 12950, 13087.85, 13032.2, 12963.52, 205.18797646]
[1514998800, 13031.92, 13142.59, 13128.06, 13032.21, 169.30824869]
[1514995200, 12999.99, 13198, 13000, 13128.06, 278.29290407]
[1514991600, 12949.11, 13000, 12980.01, 12999.99, 170.64590868]
[1514988000, 12881.26, 12990, 12898.59, 12980.01, 197.0021175]
[1514984400, 12807.62, 12899, 12807.63, 12898.59, 203.44789268]
[1514980800, 12799.79, 12850, 12799.8, 12807.62, 212.62215527]
[1514977200, 12769.12, 12859.5, 12837.01, 12799.8, 185.72383041]
[1514973600, 12704, 12985.21, 12926, 12837, 242.08288415]
[1514970000, 12846.16, 13013, 13011, 12926, 240.77097668]
[1514966400, 12950, 13080, 13074.23, 13011, 188.10122764]
