[1518566400, 6952, 7018.99, 6952.01, 6995, 32.25308335]
[1518562800, 6920, 6975, 6975, 6955.09, 63.43202685]
[1518559200, 6912.18, 6988.71, 6968.89, 6974.62, 92.29896319]
[1518555600, 6968.88, 7075.23, 7075.23, 6968.89, 86.331734]
[1518552000, 7019.78, 7089.9, 7019.79, 7075.04, 116.4194121]
[1518548400, 6982.5, 7023.97, 7011.74, 7019.79, 54.56837739]
[1518544800, 6990, 7049.99, 7025.43, 6990, 77.91911794]
[1518541200, 6965.77, 7028.54, 6971, 7025.43, 63.06842307]
[1518537600, 6931, 6986, 6936, 6971, 111.85190649]
[1518534000, 6928.84, 7045.01, 7045, 6936.02, 133.28525318]
[1518530400, 7010.62, 7086.87, 7042.13, 7045, 126.1710599]
[1518526800, 6975.01, 7100, 7000, 7042.13, 231.70748985]
[1518523200, 6916, 7000, 6965.01, 7000, 90.71359989]
[1518519600, 6892.94, 6999.98, 6969.48, 6965.01, 134.19629974]
[1518516000, 6824.01, 7000, 6907.5, 6969.48, 207.15467625]
[1518512400, 6850, 7010, 6988, 6907.49, 245.90885431]
[1518508800, 6927.77, 7102.26, 7100.03, 6988, 273.81807707]
[1518505200, 7094, 7168.78, 7138.75, 7100.03, 106.32294184]
[1518501600, 7031.01, 7140, 7055.01, 7140, 71.31323941]
[1518498000, 7015.05, 7055.9, 7015.06, 7055.01, 51.42465933]
[1518494400, 7015, 7159, 7151.66, 7015.06, 68.01939874]
[1518490800, 7100.91, 7163.7, 7115.42, 7150.95, 27.16054349]
[1518487200, 7086.18, 7131.01, 7131.01, 7115.42, 53.38465218]
[1518483600, 7131, 7229, 7221.99, 7131, 45.69185149]
[1518480000, 7171.75, 7250, 7208.49, 7220, 58.2643944]
[1518476400, 7162.68, 7290, 7200, 7202.59, 245.95284973]
[1518472800, 7125, 7200, 7184.98, 7200, 93.29181914]
[1518469200, 7160, 7210, 7200, 7184.99, 135.83789261]
[1518465600, 7127.82, 7213.09, 7151, 7200, 268.28428271]
[1518462000, 7070.58, 7151, 7079.14, 7150.99, 119.81391824]
[1518458400, 7059.8, 7147.55, 7147.54, 7073.3, 99.60095518]
[1518454800, 7060, 7150, 7099.97, 7147.55, 109.42294586]
[1518451200, 7060.02, 7136.13, 7081.5, 7100, 116.65913354]
[1518447600, 7005, 7099, 7005, 7081.5, 90.78813161]
[1518444000, 6984.92, 7102.8, 7094.66, 7005, 202.2177817]
[1518440400, 7050, 7150, 7133.58, 7094.65, 101.95563261]
[1518436800, 7046.02, 7159.9, 7046.03, 7133.57, 117.0570702]
[1518433200, 7025.11, 7190, 7188, 7046.03, 270.4097985]
[1518429600, 7133.61, 7194, 7166.11, 7187.89, 188.7104875]
[1518426000, 7095, 7170, 7131.88, 7166.12, 166.93016567]
[1518422400, 6918.85, 7155.72, 6918.86, 7131.77, 307.69687724]
[1518418800, 6842.03, 6946.5, 6867.48, 6918.86, 98.1844363]
[1518415200, 6825.69, 6899.99, 6825.7, 6867.48, 33.63760845]
[1518411600, 6803.65, 6912.21, 6906.77, 6825.69, 40.30231026]
[1518408000, 6876.09, 6933, 6876.09, 6903.49, 23.43794761]
[1518404400, 6840.02, 6931, 6927.61, 6877.26, 44.72639749]
[1518400800, 6759.52, 6930, 6804.49, 6930, 76.52377932]
[1518397200, 6662.46, 6850, 6706.75, 6802.85, 66.37042647]
[1518393600, 6612, 6773, 6626.38, 6706.74, 83.08139674]
[1518390000, 6601, 6797.89, 6797.89, 6629.98, 154.65355311]
[1518386400, 6763.3, 6823.1, 6790, 6797.89, 49.28543821]
[1518382800, 6725, 6827.88, 6737.76, 6787.94, 91.49465323]
[1518379200, 6708.98, 6802.54, 6799.26, 6743, 90.81358946]
[1518375600, 6760, 6879.16, 6813.31, 6799.25, 95.44803032]
[1518372000, 6694.95, 6813.31, 6700, 6813.31, 95.43677438]
[1518368400, 6692.03, 6850, 6805, 6700, 140.86274224]
[1518364800, 6771.1, 6934.97, 6899.08, 6812.26, 160.6290473]
[1518361200, 6845.27, 6939.2, 6938.88, 6899.08, 118.53552255]
[1518357600, 6767.02, 6938.88, 6811.7, 6938.87, 155.79920926]
[1518354000, 6752, 6856.1, 6787.46, 6811.7, 122.00198784]
[1518350400, 6665, 6865.73, 6709.79, 6787.46, 240.86328098]
[1518346800, 6517.51, 6710, 6600, 6709.8, 153.35860761]
[1518343200, 6529.78, 6699.7, 6685.59, 6600, 135.62925432]
[1518339600, 6430, 6699.82, 6522.26, 6685.59, 229.67674241]
[1518336000, 6430, 6528.98, 6519.99, 6522.26, 268.80370448]
[1518332400, 6510, 6643.29, 6641.38, 6519.99, 134.82708094]
[1518328800, 6567.45, 6697.2, 6697.2, 6644.97, 86.88194785]
[1518325200, 6600, 6710.02, 6602.51, 6700, 61.54963071]
[1518321600, 6601, 6734.06, 6648.1, 6602.51, 66.08694822]
[1518318000, 6616, 6773.56, 6773.56, 6648.1, 155.58433716]
[1518314400, 6751.55, 6824.13, 6816.09, 6773.56, 26.01997988]
[1518310800, 6716.97, 6894.13, 6894.12, 6816.1, 98.63563272]
[1518307200, 6853.03, 7020, 7020, 6896, 90.66900525]
[1518303600, 6970, 7046, 7030.01, 7020, 80.60039879]
[1518300000, 6772.95, 7052.54, 6772.96, 7030.01, 247.48807919]
[1518296400, 6700, 6832.26, 6747.41, 6772.96, 197.42308446]
[1518292800, 6735.27, 6924.95, 6924.94, 6748.29, 152.62829733]
[1518289200, 6810, 6929.91, 6850.88, 6924.95, 117.34541534]
[1518285600, 6850.88, 6966.01, 6966.01, 6850.89, 137.85742895]
[1518282000, 6841.02, 6997.91, 6843.06, 6966, 195.52700546]
[1518278400, 6802, 6973.84, 6872.43, 6843.19, 225.40187422]
[1518274800, 6830, 7111.43, 7080.5, 6873.07, 314.61926652]
[1518271200, 7074.43, 7231.62, 7176.04, 7084.46, 184.02619197]
[1518267600, 7100.13, 7200, 7100.14, 7179.49, 163.83094424]
[1518264000, 7050, 7149, 7143.24, 7100.14, 119.29926863]
[1518260400, 7038.32, 7160, 7050.26, 7143.24, 130.68331467]
[1518256800, 7041, 7174.17, 7138.79, 7050, 175.29962763]
[1518253200, 7127, 7257, 7162.22, 7127.9, 223.91323001]
[1518249600, 7120.55, 7389.01, 7389, 7162.22, 325.47382959]
[1518246000, 7334, 7442.85, 7394.27, 7389, 253.7776065]
[1518242400, 7251.18, 7394.28, 7264.9, 7394.28, 107.90976796]
[1518238800, 7185.76, 7297.47, 7209.4, 7264.9, 54.02067469]
[1518235200, 7150.96, 7285.5, 7269.62, 7207.79, 74.89757918]
[1518231600, 7240.02, 7328, 7280, 7269.62, 60.84547267]
[1518228000, 7180, 7307, 7205.01, 7280, 81.14282222]
[1518224400, 7180, 7300, 7270.89, 7205, 196.59578452]
[1518220800, 7034.8, 7278.88, 7087.76, 7270.9, 246.95794973]
[1518217200, 7005.94, 7119.7, 7005.94, 7087.76, 139.74617599]
[1518213600, 6921, 7021.01, 7012.02, 7005.94, 137.43804494]
[1518210000, 6910.69, 7046.26, 6969.99, 7012.03, 169.0903315]
[1518206400, 6956.49, 7138, 7070.04, 6960.1, 239.21327092]
[1518202800, 7038.92, 7125, 7039.93, 7072, 219.15949965]
[1518199200, 7004.83, 7150, 7047.1, 7038.93, 413.92390904]
[1518195600, 6855.22, 7090, 6855.22, 7047.1, 508.69988272]
[1518192000, 6819, 6889, 6829.53, 6855.22, 109.66974357]
[1518188400, 6801, 6898.1, 6857.65, 6827.44, 158.16637523]
[1518184800, 6769.99, 6920, 6770, 6857.65, 233.66249907]
[1518181200, 6744, 6791.85, 6749.5, 6770, 88.96005985]
[1518177600, 6744, 6797.01, 6797.01, 6749.5, 125.74897769]
[1518174000, 6725, 6845, 6741.2, 6797, 140.24091854]
[1518170400, 6689.92, 6841.55, 6772.21, 6741.2, 132.85083998]
[1518166800, 6594.04, 6836.5, 6610.11, 6772.21, 299.60479075]
[1518163200, 6432, 6625.99, 6590.99, 6610.11, 185.96922407]
[1518159600, 6558.38, 6660, 6570.01, 6585.76, 168.52743183]
[1518156000, 6450, 6585.76, 6488.01, 6570.01, 106.50398097]
[1518152400, 6400, 6496.1, 6479.67, 6488.01, 105.67301073]
[1518148800, 6446.92, 6637.35, 6637.34, 6480.19, 66.92116379]
[1518145200, 6525, 6670.77, 6656.13, 6634.32, 52.30322006]
[1518141600, 6530.54, 6690, 6554.84, 6656.12, 82.2504807]
[1518138000, 6408.54, 6592.28, 6536.94, 6558.55, 225.7995]
[1518134400, 6510, 6772.7, 6768.1, 6529.97, 201.05746173]
[1518130800, 6710.11, 6798.35, 6756.98, 6768.09, 126.57860455]
[1518127200, 6688, 6843.99, 6740.01, 6756.97, 178.17925683]
[1518123600, 6701, 6856.79, 6792.11, 6740, 166.78921772]
[1518120000, 6786.17, 6883.84, 6880.13, 6792.11, 159.52443246]
[1518116400, 6714.61, 6947, 6727.32, 6880.14, 284.83797019]
[1518112800, 6580, 6770.59, 6691.79, 6727.31, 228.63013413]
[1518109200, 6667, 6823.14, 6823.14, 6691.8, 274.02548768]
[1518105600, 6695, 6869.01, 6790, 6823.15, 252.687295]
[1518102000, 6756.57, 6940.58, 6931.99, 6790.01, 259.55295862]
[1518098400, 6855, 6972.04, 6939.09, 6932, 292.79897375]
[1518094800, 6936.32, 7099.19, 7081.99, 6936.32, 268.30385739]
[1518091200, 6862.14, 7124.21, 6995.72, 7087.17, 391.66878352]
[1518087600, 6918.59, 7050, 7021.86, 6995.72, 261.94814944]
[1518084000, 6809.99, 7089.88, 6841.08, 7021.86, 536.84951293]
[1518080400, 6715.02, 6841.08, 6794, 6841.08, 211.30067323]
[1518076800, 6704.42, 6884.65, 6837.43, 6794, 305.83256704]
[1518073200, 6524.36, 6850, 6550, 6840.74, 223.16812868]
[1518069600, 6325.65, 6593.13, 6566.39, 6550, 163.96238814]
[1518066000, 6550, 6700, 6690.57, 6566.39, 73.73607876]
[1518062400, 6522.85, 6700, 6550, 6690.57, 62.39045368]
[1518058800, 6415.86, 6610, 6555.86, 6550.02, 54.32488955]
[1518055200, 6424.91, 6648.16, 6424.91, 6555.77, 113.58502164]
[1518051600, 6189.58, 6499, 6284.52, 6424.91, 157.46869871]
[1518048000, 6167.28, 6450, 6167.28, 6284.51, 258.63850295]
[1518044400, 6151, 6399.01, 6399, 6167.28, 433.65501565]
[1518040800, 6321.83, 6645.9, 6645.19, 6399.01, 488.95495118]
[1518037200, 6603, 6801.93, 6710.97, 6647.81, 208.36870157]
[1518033600, 6585.5, 6767.52, 6729.01, 6689.73, 290.63515818]
[1518030000, 6630.66, 6803.97, 6803.97, 6729.01, 248.30414368]
[1518026400, 6801, 6989, 6879.9, 6803.98, 303.33461405]
[1518022800, 6541.6, 6920.81, 6541.61, 6879.99, 418.36623743]
[1518019200, 6501, 6800, 6757.29, 6541.6, 494.44023231]
[1518015600, 6600.5, 6905, 6781.3, 6757.29, 452.46027308]
[1518012000, 6591.8, 6997.12, 6883.12, 6781.3, 611.90673621]
[1518008400, 6860.02, 7148.99, 6944.01, 6883.12, 899.99780773]
[1518004800, 6668.02, 6980, 6820.82, 6949.42, 444.33639015]
[1518001200, 6605.62, 6955, 6837.9, 6820.82, 857.60048572]
[1517997600, 6486, 6898.99, 6538.07, 6850.01, 807.26832583]
[1517994000, 6245.03, 6562.14, 6245.04, 6538.05, 617.09174391]
[1517990400, 6163, 6380, 6305.11, 6245.04, 353.86224707]
[1517986800, 6000, 6352.4, 6074.1, 6305.11, 371.80230824]
[1517983200, 5909.19, 6073.21, 6033.1, 6073.21, 123.2361261]
[1517979600, 5949.08, 6124.58, 6061.58, 6037.86, 126.54159509]
[1517976000, 5827.38, 6104, 5896.19, 6061.59, 73.27328997]
[1517972400, 5822.66, 5991.5, 5948.09, 5896.3, 90.12787235]
[1517968800, 5871.99, 6230, 6152.68, 5935.9, 152.03277805]
[1517965200, 6080.58, 6227.37, 6109.9, 6152.68, 88.80368939]
[1517961600, 6017, 6300, 6230.01, 6109.91, 308.81696471]
[1517958000, 6119.14, 6362.49, 6205.51, 6230.01, 375.15358627]
[1517954400, 6100, 6385.63, 6381, 6205.51, 558.36700197]
[1517950800, 6084.89, 6500, 6095, 6381, 982.62933893]
[1517947200, 6050, 6400, 6167.85, 6088.81, 1081.48298406]
[1517943600, 5811.4, 6222, 5815.17, 6167.9, 889.71812772]
[1517940000, 5620.2, 5819.41, 5628.71, 5815.17, 454.3637628]
[1517936400, 5301.01, 5750, 5750, 5627.68, 574.1726296]
[1517932800, 5527.98, 6060.16, 5960, 5749.99, 725.53479834]
[1517929200, 5673, 6189.62, 5819.04, 5960, 1264.82688185]
[1517925600, 5500, 5950, 5803.81, 5826, 1097.22262502]
[1517922000, 5310.56, 5849, 5316.81, 5803.81, 1358.49465276]
[1517918400, 5084.49, 5399, 5154.56, 5317.62, 651.56377028]
[1517914800, 4921.32, 5178.95, 5079.21, 5157.61, 627.04528413]
[1517911200, 5049.47, 5449.98, 5258, 5100, 749.4662371]
[1517907600, 4760, 5609.87, 4779.47, 5256.7, 1598.70175776]
[1517904000, 4680.02, 4899, 4683.66, 4779.48, 780.52374032]
[1517900400, 4680, 5008.89, 4956.98, 4683.66, 760.78299325]
[1517896800, 4800, 5152.28, 5152.28, 4951.95, 581.22754068]
[1517893200, 4760, 5267.19, 4851.36, 5152.28, 748.98234461]
[1517889600, 4842, 5083.45, 5070.79, 4851.36, 248.00199173]
[1517886000, 4900, 5164.19, 5061.01, 5070.96, 416.46850177]
[1517882400, 5061, 5321.78, 5160, 5061, 320.00599138]
[1517878800, 5123.07, 5527.64, 5527.64, 5160, 382.55583127]
[1517875200, 5400.01, 5619.66, 5468.68, 5527.63, 283.98223728]
[1517871600, 5251, 5492.08, 5388.88, 5468.77, 471.53375053]
[1517868000, 5361.15, 5770, 5676.3, 5375.27, 506.2231823]
[1517864400, 5511.06, 5850.01, 5787.01, 5676.39, 977.16991201]
[1517860800, 5120, 6057.98, 5131.46, 5787, 2167.03069691]
[1517857200, 5086.52, 5508.54, 5475.01, 5130.78, 1478.81022019]
[1517853600, 5418.94, 5756.45, 5595.24, 5475.01, 1237.53943346]
[1517850000, 5580, 5895, 5779.99, 5595.77, 594.28243298]
[1517846400, 5778, 5994.8, 5871.78, 5779.99, 433.89666952]
