[1520006400, 8783.64, 8836.83, 8820.02, 8836.82, 60.81442514]
[1520002800, 8782.82, 8830, 8782.82, 8820.01, 71.05876801]
[1519999200, 8765.16, 8937.6, 8919.84, 8782.49, 257.40096429]
[1519995600, 8900, 8983, 8949, 8919.84, 81.2060066]
[1519992000, 8870, 8957, 8870, 8949, 90.60124567]
[1519988400, 8827, 8895.01, 8895, 8870.01, 81.19119361]
[1519984800, 8824, 8939.89, 8874.29, 8895.01, 135.31107369]
[1519981200, 8852.1, 9049.34, 9043.92, 8874.29, 264.93732695]
[1519977600, 9020.23, 9051, 9024.37, 9043.92, 100.48617148]
[1519974000, 9020, 9054, 9031.23, 9024.37, 84.42212292]
[1519970400, 8965.01, 9049, 8965.01, 9031.22, 56.90377528]
[1519966800, 8920, 9000, 8974.96, 8965, 35.42147839]
[1519963200, 8941.55, 9050, 9020, 8974.96, 36.66610336]
[1519959600, 8985.1, 9040.05, 8985.1, 9020, 20.43116724]
[1519956000, 8983.47, 9054, 9054, 8985.1, 41.68571191]
[1519952400, 8939.98, 9054, 8968, 9053.99, 152.12548587]
[1519948800, 8885.01, 8968, 8885.01, 8968, 70.48455786]
[1519945200, 8877.29, 8935, 8919.97, 8885.01, 74.96201358]
[1519941600, 8802, 8919.97, 8910.9, 8919.97, 129.46974603]
[1519938000, 8816.01, 8977, 8970.12, 8910.9, 252.42925886]
[1519934400, 8870, 8975, 8880.22, 8970.12, 190.81540669]
[1519930800, 8861.4, 8929.9, 8920.43, 8880.22, 132.07870165]
[1519927200, 8840, 8925, 8856.59, 8920.44, 150.70320285]
[1519923600, 8762.7, 8860, 8785.14, 8856.59, 101.94759605]
[1519920000, 8772.1, 8810.73, 8797, 8785.14, 56.75344989]
[1519916400, 8750, 8826.27, 8826.27, 8797, 86.17029552]
[1519912800, 8800, 8839, 8820, 8826.27, 91.95767226]
[1519909200, 8711.95, 8838.4, 8711.95, 8820.01, 163.30831312]
[1519905600, 8708.2, 8770, 8728.43, 8708.2, 108.72108552]
[1519902000, 8724, 8790, 8789.58, 8728.42, 121.96934787]
[1519898400, 8678.78, 8789.59, 8681.02, 8789.58, 161.42680361]
[1519894800, 8660.53, 8706.97, 8706.96, 8681.01, 80.63624753]
[1519891200, 8658.98, 8727.7, 8658.99, 8706.97, 129.50438825]
[1519887600, 8520, 8664, 8520, 8658.99, 95.67986204]
[1519884000, 8500, 8549.18, 8549.18, 8519.99, 48.69161194]
[1519880400, 8507.23, 8570.34, 8554.18, 8549.19, 22.16319664]
[1519876800, 8483.87, 8580, 8483.87, 8553.32, 20.26052086]
[1519873200, 8449.44, 8494.2, 8459.29, 8483.87, 26.68659635]
[1519869600, 8459.28, 8565.01, 8542.49, 8459.29, 21.94285474]
[1519866000, 8459.71, 8544.03, 8544.03, 8539.6, 25.07207567]
[1519862400, 8412.47, 8544.03, 8470, 8544.03, 82.10238878]
[1519858800, 8420.48, 8597.01, 8559.01, 8469.99, 216.51455787]
[1519855200, 8557.29, 8691.76, 8685.9, 8564.5, 139.27391141]
[1519851600, 8674.86, 8787, 8753.65, 8685.9, 119.99472796]
[1519848000, 8643.99, 8763.07, 8643.99, 8753.64, 148.91497657]
[1519844400, 8594.5, 8643.99, 8602.39, 8643.98, 58.85117755]
[1519840800, 8560.78, 8656.61, 8560.78, 8602.39, 96.54482739]
[1519837200, 8507.5, 8600.98, 8545, 8560.79, 109.06260714]
[1519833600, 8540.1, 8650, 8629.99, 8545, 99.75614532]
[1519830000, 8595.9, 8676.99, 8634.94, 8629.99, 103.12877719]
[1519826400, 8557.29, 8664.09, 8591, 8634.95, 148.64107271]
[1519822800, 8501.66, 8597.5, 8519.99, 8591.01, 134.6632341]
[1519819200, 8510, 8684, 8668.19, 8520, 197.55114728]
[1519815600, 8612.01, 8707, 8658.02, 8668.19, 73.65077979]
[1519812000, 8601, 8707, 8684, 8658.03, 110.6900576]
[1519808400, 8535.06, 8737, 8584.79, 8684.01, 212.03816521]
[1519804800, 8500.35, 8876.34, 8817.52, 8571.12, 248.20855271]
[1519801200, 8737.28, 8890, 8871.5, 8817.52, 194.12089507]
[1519797600, 8856, 9041.13, 8944.72, 8871.49, 240.37266294]
[1519794000, 8904.6, 8949.64, 8904.7, 8944.71, 37.16622083]
[1519790400, 8872.74, 8948.62, 8872.75, 8904.71, 67.54292767]
[1519786800, 8740, 8898.8, 8750.25, 8872.75, 92.55004522]
[1519783200, 8734.56, 8783.99, 8741.99, 8750.25, 29.20473101]
[1519779600, 8702.86, 8742.57, 8702.86, 8742, 18.07414236]
[1519776000, 8609.92, 8734.68, 8611.08, 8702.87, 55.53330707]
[1519772400, 8601.34, 8782, 8782, 8611, 123.66760245]
[1519768800, 8755, 8797, 8775.09, 8781.99, 103.20255297]
[1519765200, 8723.5, 8794.8, 8744.99, 8775.09, 104.10951734]
[1519761600, 8700, 8780, 8763.01, 8744.99, 86.82947098]
[1519758000, 8704.8, 8790, 8704.8, 8763.01, 127.04968965]
[1519754400, 8650, 8710, 8650, 8704.8, 82.48480353]
[1519750800, 8645, 8694.51, 8694.51, 8650, 101.51144253]
[1519747200, 8633.65, 8700, 8633.66, 8694.5, 110.98717878]
[1519743600, 8530, 8700, 8693.91, 8633.66, 349.72914538]
[1519740000, 8676.66, 8825, 8824.91, 8693.87, 230.32052989]
[1519736400, 8687.3, 8835.68, 8690.01, 8824.92, 229.12930237]
[1519732800, 8675, 8748, 8704.35, 8690.01, 114.90453873]
[1519729200, 8626.48, 8735, 8666.77, 8704.35, 117.6581278]
[1519725600, 8624.48, 8749.29, 8747.99, 8666.78, 193.56182911]
[1519722000, 8703.6, 8769, 8707.86, 8748, 198.34523491]
[1519718400, 8610.67, 8747, 8610.67, 8707.85, 339.38824413]
[1519714800, 8386.44, 8668.01, 8386.45, 8610.67, 286.06580613]
[1519711200, 8340.26, 8429.98, 8390.8, 8386.44, 42.25061368]
[1519707600, 8311.22, 8406.57, 8386.29, 8384.81, 21.00619239]
[1519704000, 8355.71, 8407.98, 8355.71, 8386.28, 9.64086578]
[1519700400, 8283.7, 8387.51, 8283.7, 8355.7, 16.08214429]
[1519696800, 8242.48, 8314.45, 8285.75, 8283.7, 23.5530101]
[1519693200, 8211.63, 8417.43, 8417.43, 8285.74, 97.05214908]
[1519689600, 8370.82, 8435, 8380, 8417.43, 46.25358085]
[1519686000, 8330, 8448.54, 8435.24, 8379.99, 75.39735504]
[1519682400, 8391, 8484, 8432.8, 8435.25, 120.91141341]
[1519678800, 8322.34, 8499, 8358.83, 8432.8, 275.38811174]
[1519675200, 8273.45, 8358.83, 8334.74, 8358.83, 164.63943374]
[1519671600, 8324, 8388.8, 8324, 8334.75, 94.26152832]
[1519668000, 8300.11, 8390, 8305.01, 8324, 104.98771849]
[1519664400, 8275.6, 8337.8, 8319, 8305, 113.91962536]
[1519660800, 8270, 8483.34, 8400.47, 8319, 322.04310206]
[1519657200, 8250.98, 8406.06, 8300.29, 8400.46, 237.0465038]
[1519653600, 8227, 8428.4, 8241.13, 8301.29, 398.66672414]
[1519650000, 7998.99, 8350, 7999, 8241.13, 785.92090059]
[1519646400, 7861.77, 7999, 7944.9, 7998.99, 154.59063885]
[1519642800, 7858.6, 7956.87, 7889.47, 7945, 209.02682499]
[1519639200, 7728.37, 7890, 7729.58, 7889.18, 144.40639136]
[1519635600, 7693.9, 7781.16, 7697, 7735.4, 115.95065633]
[1519632000, 7667.64, 7724.9, 7724.9, 7697, 80.57083449]
[1519628400, 7662.58, 7739.21, 7666.77, 7724.9, 83.87417794]
[1519624800, 7661, 7815.7, 7815.69, 7666.78, 59.19607379]
[1519621200, 7815.68, 7887.88, 7865, 7815.7, 33.68062424]
[1519617600, 7811.81, 7866.74, 7843.71, 7865, 24.42021068]
[1519614000, 7818.51, 7920.7, 7920.7, 7839.5, 17.9190156]
[1519610400, 7859.5, 7942.37, 7916.02, 7920.7, 36.12402906]
[1519606800, 7810.76, 7916.03, 7810.77, 7916.03, 35.02721747]
[1519603200, 7790.01, 7863.55, 7819, 7810.77, 48.76443878]
[1519599600, 7812.34, 7923.79, 7923.79, 7819, 65.34113445]
[1519596000, 7800.1, 7926.98, 7847.01, 7923.78, 93.63022135]
[1519592400, 7806.71, 7887.5, 7850.01, 7847.01, 99.38199499]
[1519588800, 7728.92, 7871.8, 7728.93, 7850, 132.815442]
[1519585200, 7670.03, 7792.21, 7705.77, 7728.92, 136.83257256]
[1519581600, 7610.64, 7727, 7673.4, 7705.77, 116.82361017]
[1519578000, 7646.46, 7711, 7669.68, 7673.41, 67.72360798]
[1519574400, 7629.54, 7724.04, 7680.33, 7669.68, 134.01788838]
[1519570800, 7601, 7706.32, 7706.31, 7680.32, 221.1784586]
[1519567200, 7706.31, 7785.5, 7749.65, 7706.32, 88.66988587]
[1519563600, 7706.31, 7833.39, 7801.06, 7749.65, 87.61081275]
[1519560000, 7772.67, 7918.49, 7880.94, 7801.06, 75.15791214]
[1519556400, 7852.02, 7950, 7911, 7880.93, 87.28518572]
[1519552800, 7822.69, 7919.9, 7831.99, 7911, 91.36744536]
[1519549200, 7784.98, 7877.82, 7844.24, 7831.99, 59.98621931]
[1519545600, 7810, 7993.33, 7948.53, 7844.34, 57.08825391]
[1519542000, 7936.14, 8050, 7974.99, 7948.53, 49.77880222]
[1519538400, 7940.64, 8032, 7940.65, 7975, 45.89005707]
[1519534800, 7868.71, 7951.7, 7927.52, 7940.64, 25.17771856]
[1519531200, 7803.23, 7955.39, 7829.26, 7927.53, 16.7370165]
[1519527600, 7760.05, 7848.51, 7848.51, 7829.26, 20.68675816]
[1519524000, 7831.5, 7976.48, 7973.51, 7848.51, 23.22876208]
[1519520400, 7881.57, 7973.51, 7893.31, 7973.51, 31.72166514]
[1519516800, 7808.17, 7909, 7909, 7893.3, 60.82023753]
[1519513200, 7848.88, 7946.53, 7848.88, 7909, 79.07609031]
[1519509600, 7730.05, 7938.99, 7758.01, 7848.88, 177.47737521]
[1519506000, 7652.33, 7768, 7652.33, 7758, 128.73139672]
[1519502400, 7636, 7820, 7820, 7652.33, 327.99055604]
[1519498800, 7800.2, 7886.66, 7809.87, 7820, 74.65134411]
[1519495200, 7809.93, 7962.49, 7912.51, 7809.93, 111.55105157]
[1519491600, 7901, 7999.99, 7999.98, 7912.7, 75.45795158]
[1519488000, 7901, 8020, 7979.96, 7999.99, 93.24817394]
[1519484400, 7941.34, 8049.99, 7982.01, 7979.96, 96.55229054]
[1519480800, 7864.6, 8019.9, 7900.13, 7982.01, 97.10556936]
[1519477200, 7855.67, 8027.83, 8027.83, 7900.13, 206.14355826]
[1519473600, 7970, 8050, 8049, 8027.83, 114.82615485]
[1519470000, 7951, 8074.99, 8015, 8049, 144.2917559]
[1519466400, 7979.09, 8235.11, 8235.11, 8015, 313.34730951]
[1519462800, 8224.22, 8319.1, 8224.23, 8235.11, 70.90877089]
[1519459200, 8190, 8286, 8286, 8224.22, 86.4526239]
[1519455600, 8142.86, 8306.79, 8306.79, 8286.01, 137.19165735]
[1519452000, 8260, 8510, 8504.99, 8306.8, 100.01354606]
[1519448400, 8422.55, 8504.99, 8437.13, 8504.99, 23.09667136]
[1519444800, 8435.37, 8510, 8467, 8437.14, 50.8950193]
[1519441200, 8367.32, 8477.66, 8477.66, 8467, 52.57047804]
[1519437600, 8419.29, 8495, 8419.29, 8477.66, 57.01335393]
[1519434000, 8350.3, 8420, 8410, 8418.28, 39.01423795]
[1519430400, 8269.92, 8417.24, 8292.04, 8409.99, 85.08091205]
[1519426800, 8231, 8316.9, 8238.91, 8292.05, 82.34681637]
[1519423200, 8072.2, 8238.91, 8081.85, 8238.91, 88.75525203]
[1519419600, 8081.71, 8167.25, 8140.41, 8081.9, 70.71350367]
[1519416000, 8048.33, 8201.15, 8193.48, 8147.53, 152.32658195]
[1519412400, 8185, 8342, 8329.96, 8193.49, 78.49328164]
[1519408800, 8245.99, 8349, 8246, 8329.97, 122.10201879]
[1519405200, 8190, 8271.34, 8206.36, 8246, 96.05380499]
[1519401600, 8195, 8453.31, 8453.31, 8206.36, 291.67914832]
[1519398000, 8353.42, 8470.9, 8430, 8453.31, 176.59052655]
[1519394400, 8326.71, 8540, 8326.71, 8430, 503.19012328]
[1519390800, 8298.43, 8376.33, 8351.19, 8326.7, 132.68393657]
[1519387200, 8251.32, 8398.14, 8360, 8351.19, 267.24430132]
[1519383600, 8153.7, 8375.61, 8200.86, 8360, 221.0576104]
[1519380000, 8107.4, 8321.36, 8283.47, 8200.86, 265.29516815]
[1519376400, 8085.6, 8315, 8085.61, 8283.47, 280.74311855]
[1519372800, 8045, 8130.1, 8045.2, 8085.61, 122.92871295]
[1519369200, 7966.46, 8056.88, 7966.46, 8033, 77.76627348]
[1519365600, 7851.18, 7975, 7965.24, 7975, 87.26364828]
[1519362000, 7950, 8095.7, 8012.01, 7961.98, 68.69513173]
[1519358400, 7944.99, 8049, 7944.99, 8012.01, 53.62630132]
[1519354800, 7845, 7945, 7883.4, 7945, 32.58550434]
[1519351200, 7851, 7916.79, 7879.28, 7882.2, 66.29997224]
[1519347600, 7777, 7900, 7866.48, 7875.63, 112.32262915]
[1519344000, 7811, 7974.03, 7974.03, 7867.47, 172.18247638]
[1519340400, 7960, 8050, 8040, 7974.03, 74.18151705]
[1519336800, 7952.39, 8094.75, 8063.97, 8040, 110.01408689]
[1519333200, 8000.01, 8247, 8190, 8063.8, 249.57169686]
[1519329600, 8100, 8190, 8140.87, 8190, 145.39499472]
[1519326000, 7999.08, 8145, 8010.11, 8140.87, 130.56431398]
[1519322400, 7921.64, 8050, 7960, 8019.9, 157.9686123]
[1519318800, 7855.02, 8051.66, 8034.77, 7960, 312.77347288]
[1519315200, 8016.26, 8200, 8159.98, 8033.64, 243.48570385]
[1519311600, 7990.99, 8261.34, 7990.99, 8159.99, 374.43121398]
[1519308000, 7880, 8110.9, 7968.18, 7991, 453.2720684]
[1519304400, 7887.02, 8110, 8070.67, 7968.18, 680.39249201]
[1519300800, 8010, 8423.16, 8364.38, 8070.67, 519.66528521]
[1519297200, 8257.85, 8420, 8257.86, 8364.38, 282.93013661]
[1519293600, 8220, 8511.58, 8450, 8257.85, 429.81276547]
[1519290000, 8430, 8663.47, 8507, 8450, 191.53092522]
[1519286400, 8505.23, 8736.01, 8687.59, 8507.01, 145.11469694]
