[1517126400, 9330.01, 9401.55, 9382.3, 9368.01, 113.35248529]
[1517122800, 9382.3, 9495, 9449.99, 9382.3, 106.06176784]
[1517119200, 9312.06, 9450, 9312.06, 9449.99, 73.0951661]
[1517115600, 9248, 9329.73, 9248, 9313.21, 112.45369841]
[1517112000, 9190.06, 9248, 9190.06, 9247.99, 46.10868783]
[1517108400, 9137.42, 9213.99, 9137.43, 9190.05, 16.03861822]
[1517104800, 9137.41, 9200, 9180.97, 9137.42, 19.93744496]
[1517101200, 9113.54, 9180.98, 9160.03, 9180.98, 53.64903091]
[1517097600, 9119.67, 9220, 9137.42, 9160.03, 41.87955627]
[1517094000, 9070, 9162.72, 9162.71, 9137.41, 54.79526175]
[1517090400, 9150, 9220, 9219.99, 9162.71, 45.93566201]
[1517086800, 9160.09, 9220, 9201.7, 9220, 77.72120768]
[1517083200, 9174.99, 9241.35, 9175, 9201.7, 142.53930002]
[1517079600, 9145.44, 9190, 9159.75, 9175, 77.11381357]
[1517076000, 9125, 9160.98, 9132.48, 9160, 80.43233309]
[1517072400, 9112.27, 9200, 9199.99, 9132.49, 143.22278357]
[1517068800, 9064.55, 9200, 9144, 9200, 251.71790171]
[1517065200, 8892.4, 9144, 8892.4, 9144, 214.19922599]
[1517061600, 8869.99, 8928, 8927.99, 8892.35, 67.18708808]
[1517058000, 8896.37, 8950, 8896.38, 8928, 46.8001892]
[1517054400, 8862.38, 8903.14, 8900.02, 8896.38, 51.05066824]
[1517050800, 8851, 9064.31, 9052.39, 8900.01, 125.93249903]
[1517047200, 9019, 9067.6, 9058.3, 9053.54, 69.63964601]
[1517043600, 9000, 9059, 9036.32, 9058.3, 55.45842827]
[1517040000, 9001, 9066, 9027.1, 9047.28, 56.46173453]
[1517036400, 8956, 9074.07, 9074.06, 9027.87, 54.93356478]
[1517032800, 9048, 9117.93, 9048, 9074.06, 71.40604942]
[1517029200, 8920.07, 9050, 8926.28, 9049.99, 24.78188482]
[1517025600, 8888, 8999.99, 8888.01, 8931.01, 37.25278093]
[1517022000, 8888, 8980, 8955.17, 8888.01, 15.43248226]
[1517018400, 8810.57, 9090, 8904.87, 8957.02, 66.20167311]
[1517014800, 8850, 8951.52, 8944.01, 8904.87, 26.64221016]
[1517011200, 8901.13, 9012.24, 8967.36, 8944.01, 82.07500439]
[1517007600, 8785.68, 8996, 8785.68, 8967.35, 71.15760629]
[1517004000, 8756.8, 8863.41, 8850.01, 8794.49, 56.53546228]
[1517000400, 8790.6, 8944.33, 8944.33, 8850.01, 77.83326682]
[1516996800, 8861, 8960, 8871.39, 8944.34, 64.08470541]
[1516993200, 8815, 8947.1, 8928.42, 8871.39, 88.33221676]
[1516989600, 8903.06, 9023, 9022.86, 8933.75, 78.14308036]
[1516986000, 8908.67, 9034, 8966, 9022.01, 101.49844375]
[1516982400, 8923.32, 9162, 8993, 8965.99, 305.55041434]
[1516978800, 8783.98, 8999.99, 8783.99, 8993, 285.06786276]
[1516975200, 8620, 8821.86, 8628.88, 8783.99, 194.1858968]
[1516971600, 8610, 8866, 8673.49, 8629.09, 191.4673292]
[1516968000, 8528, 8701.83, 8611.99, 8673.43, 178.96604679]
[1516964400, 8510, 8648.35, 8619.98, 8612, 192.29870734]
[1516960800, 8480.41, 8750, 8564.16, 8618.16, 322.84061531]
[1516957200, 8456.01, 8790.01, 8790.01, 8564.69, 391.51190039]
[1516953600, 8570, 8947.94, 8947.94, 8790.01, 504.87800017]
[1516950000, 8942.58, 9181.8, 9181.79, 8947.95, 118.06151657]
[1516946400, 9109, 9184.47, 9141.17, 9181.8, 37.85056087]
[1516942800, 9135.5, 9213.38, 9207.46, 9141.17, 18.99182026]
[1516939200, 9182.5, 9249.01, 9234.18, 9207.46, 21.91242315]
[1516935600, 9200.73, 9294, 9293.99, 9234.17, 19.20626389]
[1516932000, 9116.53, 9294, 9116.53, 9294, 107.93255092]
[1516928400, 9104.26, 9155, 9151, 9116.54, 33.81389427]
[1516924800, 9016, 9151, 9030.51, 9151, 44.89822407]
[1516921200, 8950, 9075, 9055.03, 9030.51, 75.15645653]
[1516917600, 9055.01, 9100, 9082, 9055.02, 46.200195]
[1516914000, 9050, 9135, 9105.61, 9081.99, 85.49744172]
[1516910400, 9076.97, 9169.99, 9097.66, 9105.6, 95.38347986]
[1516906800, 9061.78, 9125, 9094.99, 9098.95, 79.97316993]
[1516903200, 8929.99, 9100, 8929.99, 9095, 134.80312916]
[1516899600, 8900, 8960, 8901.87, 8929, 121.90361084]
[1516896000, 8901.15, 9025.01, 8902.73, 8901.99, 117.47392379]
[1516892400, 8880, 9080, 9076.52, 8902.73, 206.04799951]
[1516888800, 9076.52, 9140.48, 9123, 9076.53, 117.10337601]
[1516885200, 9052.36, 9124.3, 9075.97, 9123.01, 98.04691969]
[1516881600, 9032.56, 9139, 9110.01, 9075.97, 122.3440838]
[1516878000, 9100, 9235, 9194.47, 9110.01, 113.14350311]
[1516874400, 9169, 9250, 9169.99, 9192.99, 90.63777092]
[1516870800, 9126.21, 9196.41, 9180.96, 9170, 104.58940296]
[1516867200, 9160.01, 9286.45, 9268.05, 9180.96, 102.92235415]
[1516863600, 9254.95, 9335, 9298.04, 9268.05, 84.09637593]
[1516860000, 9291, 9351, 9337.01, 9298.05, 46.5756544]
[1516856400, 9266, 9345, 9268.72, 9337.01, 37.51440104]
[1516852800, 9224.04, 9351, 9349.67, 9268.72, 47.99307212]
[1516849200, 9242.14, 9350, 9277.91, 9349.67, 66.2558448]
[1516845600, 9177.45, 9297.99, 9220, 9277.97, 52.86610279]
[1516842000, 9132.61, 9245, 9149.04, 9217.81, 49.75802666]
[1516838400, 9129.73, 9193.92, 9193.52, 9149.03, 64.96623813]
[1516834800, 9017.01, 9193.93, 9018.53, 9193.5, 77.17936003]
[1516831200, 9005.01, 9117.3, 9117.3, 9020.71, 61.38825418]
[1516827600, 9070, 9150, 9070.01, 9117.3, 82.79164356]
[1516824000, 9060, 9130, 9126.55, 9070.01, 71.98786815]
[1516820400, 8998.88, 9126.95, 9018.32, 9126.55, 73.61382535]
[1516816800, 8987.4, 9119.43, 9069, 9019.93, 80.36428099]
[1516813200, 8900, 9069, 9013.97, 9068.99, 142.4586971]
[1516809600, 9001, 9084.18, 9057.01, 9013.97, 153.74934648]
[1516806000, 9057, 9224.58, 9213.1, 9057, 102.33193262]
[1516802400, 9122.79, 9299.56, 9233.05, 9215.4, 209.11079486]
[1516798800, 9151.86, 9260, 9197.86, 9239.98, 169.890058]
[1516795200, 9001.2, 9297, 9050, 9197.85, 227.32585554]
[1516791600, 8930.12, 9125, 9032.99, 9050, 148.25035481]
[1516788000, 9004.71, 9128, 9087.26, 9020.26, 108.8478418]
[1516784400, 8870, 9089, 8915.23, 9089, 111.87647768]
[1516780800, 8915.23, 9069.66, 9012, 8917.21, 107.14166944]
[1516777200, 8957.91, 9123.23, 8960.01, 9012, 130.27771279]
[1516773600, 8701, 9056.72, 8770.01, 8960, 75.87283123]
[1516770000, 8691.49, 8816.49, 8763.27, 8770.01, 33.65672258]
[1516766400, 8650, 8894.25, 8894.25, 8767.51, 48.79067843]
[1516762800, 8772.31, 8931.2, 8772.31, 8894.26, 34.50221019]
[1516759200, 8655.3, 8800, 8677.89, 8772.32, 23.43378854]
[1516755600, 8666.48, 8864.84, 8677.75, 8677.89, 49.75411108]
[1516752000, 8650.56, 8918.98, 8831.86, 8677.75, 91.76327127]
[1516748400, 8802, 9066.92, 9041.41, 8831.86, 148.93261265]
[1516744800, 9020, 9134, 9020.01, 9041.41, 100.3248721]
[1516741200, 8995.91, 9130, 9105.99, 9020.01, 114.03424286]
[1516737600, 8901.02, 9143.37, 9008.86, 9105.98, 191.89264324]
[1516734000, 8932.13, 9221.49, 9219.52, 9014.55, 182.61983344]
[1516730400, 9130, 9320, 9130.06, 9219.52, 181.80809834]
[1516726800, 8762.3, 9320, 9316.54, 9130.06, 324.00574247]
[1516723200, 8851.05, 9350, 8875.12, 9316.53, 482.48024445]
[1516719600, 8549.84, 8934.31, 8593.23, 8875.12, 282.07784676]
[1516716000, 8429.17, 8654.98, 8466.84, 8593.23, 125.7916027]
[1516712400, 8375, 8539.28, 8433.4, 8466.83, 154.40546853]
[1516708800, 8320.01, 8600, 8397.15, 8433.4, 272.59347126]
[1516705200, 8111, 8692.52, 8616.11, 8397.15, 443.59423562]
[1516701600, 8537.29, 8709.99, 8695, 8616.1, 161.49354013]
[1516698000, 8669, 8932.07, 8890.01, 8695, 151.29307384]
[1516694400, 8410.01, 8926.85, 8470.01, 8890.01, 217.26079336]
[1516690800, 8450, 8556.57, 8536.24, 8470, 154.43823279]
[1516687200, 8440, 8731.56, 8624.96, 8536.26, 91.94189321]
[1516683600, 8501, 8769.01, 8769, 8631.85, 76.12186959]
[1516680000, 8769, 8990.65, 8974.5, 8769, 33.83597244]
[1516676400, 8919.64, 9053, 8919.64, 8974.06, 41.71221966]
[1516672800, 8772.63, 8919.65, 8806.44, 8919.65, 21.81553749]
[1516669200, 8788.98, 9009.11, 8909.55, 8806.45, 58.62519942]
[1516665600, 8775.01, 9000, 8955.07, 8907.18, 111.40859787]
[1516662000, 8801.97, 8997.15, 8878.35, 8941.88, 191.36518044]
[1516658400, 8500.01, 8880, 8549.97, 8880, 292.07079798]
[1516654800, 8345.01, 8670, 8627.16, 8549.97, 488.44549307]
[1516651200, 8600, 8859.96, 8859.95, 8627.22, 313.21641549]
[1516647600, 8701.23, 8878.04, 8737.48, 8859.96, 199.36611422]
[1516644000, 8672.74, 8926.99, 8858.82, 8733.45, 207.43057124]
[1516640400, 8834.32, 9020, 8839.01, 8858.83, 209.024385]
[1516636800, 8712.3, 8955, 8745.91, 8830.15, 318.73962865]
[1516633200, 8613.24, 8996.32, 8990.01, 8745.92, 351.3517199]
[1516629600, 8806.43, 9185, 8908.06, 8990, 506.58712995]
[1516626000, 8673.92, 9484.32, 9484.31, 8908.07, 819.75241146]
[1516622400, 9400, 9500.9, 9425.59, 9484.32, 199.82366121]
[1516618800, 9408.87, 9765.46, 9765.46, 9408.87, 140.90436294]
[1516615200, 9715.24, 9828, 9826.96, 9765.46, 133.28430896]
[1516611600, 9699, 9851, 9778.98, 9826.96, 132.79832173]
[1516608000, 9719.99, 9870, 9720, 9778.98, 136.82890902]
[1516604400, 9584.1, 9731.44, 9660.12, 9719.99, 80.69669964]
[1516600800, 9519.44, 9692.84, 9538.5, 9660.12, 23.34575753]
[1516597200, 9500, 9650.19, 9650.18, 9538.49, 21.88609822]
[1516593600, 9575.03, 9719.83, 9575.04, 9650.19, 15.76598152]
[1516590000, 9486.03, 9581.85, 9581.85, 9575.04, 17.96705885]
[1516586400, 9303, 9581.86, 9505.02, 9581.86, 60.39014891]
[1516582800, 9488.75, 9735.9, 9735.9, 9505.01, 52.70274383]
[1516579200, 9542.48, 9749, 9542.49, 9735.9, 65.97411696]
[1516575600, 9321, 9542.49, 9321.01, 9542.49, 76.37476962]
[1516572000, 9320, 9589.9, 9449.01, 9321.01, 99.62735055]
[1516568400, 9297.56, 9484.8, 9304.07, 9449.01, 116.08232908]
[1516564800, 9250, 9615, 9606.94, 9304, 177.08773627]
[1516561200, 9588.02, 9765, 9636.08, 9606.94, 149.97177175]
[1516557600, 9460.72, 9646.31, 9605.32, 9636.07, 120.90407901]
[1516554000, 9354, 9692.84, 9467.58, 9619.99, 202.27570371]
[1516550400, 9450, 9700.89, 9700.07, 9467.59, 381.15931603]
[1516546800, 9700, 9949, 9900, 9700, 172.20456691]
[1516543200, 9890, 10082.34, 10009.49, 9900.01, 154.99825971]
[1516539600, 10006, 10164.97, 10034.65, 10009.5, 110.66142845]
[1516536000, 10010, 10259.99, 10140.99, 10056.85, 127.55746588]
[1516532400, 9890.01, 10140.99, 9890.01, 10140.99, 149.77352013]
[1516528800, 9851.32, 9980, 9851.33, 9890.02, 129.57790804]
[1516525200, 9808.09, 10070, 9995.55, 9851.33, 202.57129457]
[1516521600, 9943.97, 10075, 10057, 9999.97, 150.19494909]
[1516518000, 9821, 10112.01, 10112.01, 10057.01, 201.50374195]
[1516514400, 10079.03, 10239.3, 10164.9, 10112.01, 79.52655489]
[1516510800, 10160.93, 10299.93, 10251, 10160.93, 62.23472864]
[1516507200, 10251, 10421.14, 10370.52, 10251, 50.70738945]
[1516503600, 10350, 10519.99, 10459.65, 10370.51, 25.82617312]
[1516500000, 10380, 10480, 10402.33, 10458.55, 31.44879528]
[1516496400, 10310, 10453.75, 10313, 10402.33, 73.31691069]
[1516492800, 10313, 10585.61, 10585.6, 10313, 122.13665219]
[1516489200, 10511.22, 10640.7, 10633.76, 10585.6, 82.85182934]
[1516485600, 10633.75, 10695, 10671.36, 10633.76, 105.28805474]
[1516482000, 10538, 10674.12, 10578.16, 10671.37, 99.14210177]
[1516478400, 10450, 10600, 10540.83, 10578.16, 145.41289154]
[1516474800, 10530.12, 10697, 10693.34, 10540.82, 136.17456387]
[1516471200, 10555.43, 10697.95, 10610.42, 10697, 159.29440159]
[1516467600, 10517.1, 10676, 10590.3, 10610.42, 202.46531093]
[1516464000, 10389, 10598.89, 10389.19, 10594.23, 186.4853707]
[1516460400, 10388.55, 10426.43, 10411.04, 10389.19, 85.40979988]
[1516456800, 10354.93, 10470, 10355.48, 10407, 119.71739467]
[1516453200, 10320.99, 10429.06, 10330, 10355.48, 112.10433085]
[1516449600, 10202.5, 10344.95, 10231, 10329.99, 137.59310293]
[1516446000, 10220.98, 10436, 10398.53, 10231, 113.49401551]
[1516442400, 10270.47, 10399.99, 10338.03, 10399, 129.18012853]
[1516438800, 10328, 10549.99, 10500, 10338.04, 213.68114875]
[1516435200, 10332.84, 10500, 10388.99, 10500, 209.74674845]
[1516431600, 10249.85, 10400, 10249.86, 10389, 132.85606668]
[1516428000, 10115.52, 10360, 10298.31, 10249.85, 152.14337417]
[1516424400, 9990.88, 10300, 9994.45, 10298.31, 293.01510651]
[1516420800, 9644.62, 9994.45, 9776.47, 9994.45, 121.97974714]
[1516417200, 9724.07, 9800, 9724.07, 9757.7, 21.00043079]
[1516413600, 9621.3, 9750, 9703, 9724.07, 42.57230343]
[1516410000, 9627.17, 9750, 9627.17, 9701.99, 42.34970157]
[1516406400, 9619.87, 9741.29, 9690, 9627.17, 62.00905305]
