[1525046400, 7701.25, 7760, 7752.89, 7734.29, 25.19377784]
[1525042800, 7740.05, 7758.99, 7758.99, 7752.88, 17.44104038]
[1525039200, 7694, 7769.1, 7694.01, 7758.98, 50.81798169]
[1525035600, 7670.57, 7695, 7670.57, 7694.01, 19.96988506]
[1525032000, 7656, 7690, 7689.99, 7670.58, 30.41552319]
[1525028400, 7664.56, 7693, 7679.53, 7689.99, 40.29958616]
[1525024800, 7658.8, 7684.61, 7684.61, 7679.53, 28.07947817]
[1525021200, 7656, 7701.31, 7701.31, 7684.6, 43.67260331]
[1525017600, 7694.25, 7717.74, 7711.01, 7701.3, 19.16541128]
[1525014000, 7681.75, 7720, 7683.25, 7711.02, 25.98511971]
[1525010400, 7672, 7741.51, 7683.98, 7679.51, 53.74209161]
[1525006800, 7654.58, 7684.99, 7654.58, 7683.98, 26.8508081]
[1525003200, 7634.99, 7675, 7635, 7654.57, 46.48628926]
[1524999600, 7600, 7646.17, 7636.99, 7635, 36.24638983]
[1524996000, 7589.33, 7691.28, 7686.93, 7636.98, 105.54846519]
[1524992400, 7653, 7706.59, 7687.02, 7686.92, 89.4915167]
[1524988800, 7677.99, 7782.79, 7772.63, 7687.02, 73.07135989]
[1524985200, 7763, 7797.99, 7783.91, 7777.79, 33.10570831]
[1524981600, 7750.38, 7790.44, 7750.38, 7783.92, 28.24531041]
[1524978000, 7746.47, 7792.8, 7777.77, 7750.38, 28.88094308]
[1524974400, 7777.76, 7800, 7784.54, 7777.76, 17.09063736]
[1524970800, 7775.59, 7798.13, 7795.02, 7784.54, 7.45209724]
[1524967200, 7758.53, 7800, 7760, 7795, 78.78732941]
[1524963600, 7718.61, 7774.99, 7733.65, 7758.8, 58.43529792]
[1524960000, 7694.99, 7735.02, 7694.99, 7733.9, 26.57034642]
[1524956400, 7683.6, 7700, 7686.99, 7695, 19.11474864]
[1524952800, 7667.02, 7687.28, 7667.03, 7686.98, 22.63704564]
[1524949200, 7655.29, 7705.02, 7705.02, 7667.03, 43.90611179]
[1524945600, 7707, 7745.25, 7721.63, 7707, 72.7916614]
[1524942000, 7715.01, 7725, 7725, 7721.63, 26.94103943]
[1524938400, 7662.37, 7729.98, 7681, 7724.99, 54.3680725]
[1524934800, 7673.96, 7705, 7675.03, 7681.01, 29.60148267]
[1524931200, 7656.38, 7714.62, 7686.76, 7681.44, 38.49366941]
[1524927600, 7655.43, 7698.69, 7694.36, 7686.75, 32.48403909]
[1524924000, 7655.43, 7729, 7719.78, 7694.36, 100.49629463]
[1524920400, 7713.3, 7720, 7720, 7719.77, 38.57630662]
[1524916800, 7621.01, 7730, 7621.01, 7720, 95.17379178]
[1524913200, 7615, 7668.7, 7659.98, 7621.01, 30.55532017]
[1524909600, 7640.7, 7680, 7663.01, 7660, 46.1667764]
[1524906000, 7578.21, 7663.25, 7606, 7663, 63.30967082]
[1524902400, 7509.48, 7700.98, 7536.99, 7605.46, 159.92917131]
[1524898800, 7526.81, 7568.99, 7560.5, 7536.98, 32.24280094]
[1524895200, 7541.26, 7573.03, 7541.27, 7560.5, 15.42661105]
[1524891600, 7533, 7573.03, 7533, 7541.27, 14.75287847]
[1524888000, 7533, 7573.03, 7573, 7533, 6.59754804]
[1524884400, 7480.21, 7573, 7480.21, 7573, 27.84585374]
[1524880800, 7480.19, 7534.71, 7492.99, 7480.21, 15.46177094]
[1524877200, 7430.32, 7491.05, 7430.32, 7491.05, 10.60576176]
[1524873600, 7340, 7480.01, 7372.34, 7430.31, 57.40896429]
[1524870000, 7372.33, 7480.01, 7480.01, 7372.35, 46.96384737]
[1524866400, 7418, 7494, 7420, 7480, 66.16043537]
[1524862800, 7360, 7470, 7418.91, 7420, 139.56089006]
[1524859200, 7400, 7556.62, 7505.3, 7418.91, 182.75089617]
[1524855600, 7500, 7634, 7633.71, 7505.31, 117.5271686]
[1524852000, 7613.51, 7683.94, 7683.77, 7636.11, 68.45020091]
[1524848400, 7661.99, 7697.98, 7665.01, 7683.77, 49.36573192]
[1524844800, 7626.14, 7690.22, 7634.31, 7665.01, 78.75342956]
[1524841200, 7625.78, 7669, 7668, 7634.3, 41.57792033]
[1524837600, 7634.27, 7678.86, 7635.02, 7668, 90.88121972]
[1524834000, 7570.99, 7716.59, 7697, 7635.01, 223.53274479]
[1524830400, 7680.44, 7747, 7716.49, 7696.99, 59.66487914]
[1524826800, 7700.2, 7768.5, 7766.85, 7716.5, 96.53302791]
[1524823200, 7734.29, 7777, 7753.25, 7766.91, 137.86496651]
[1524819600, 7665, 7762.68, 7669.49, 7752.63, 157.60358337]
[1524816000, 7644, 7687.84, 7645.2, 7669.49, 113.12218029]
[1524812400, 7616.08, 7647.8, 7640, 7644.99, 73.82761463]
[1524808800, 7582, 7649.89, 7582.01, 7640, 64.82630131]
[1524805200, 7579.48, 7615, 7599.62, 7582, 46.70361493]
[1524801600, 7524.04, 7622.3, 7563.97, 7599.88, 59.15858229]
[1524798000, 7540.32, 7640.01, 7640.01, 7563.96, 68.60160397]
[1524794400, 7632.85, 7659, 7637.13, 7640.2, 11.38837586]
[1524790800, 7615.65, 7661.16, 7615.66, 7630.68, 51.03338203]
[1524787200, 7605, 7664.11, 7660.01, 7615.7, 51.78567978]
[1524783600, 7612, 7694, 7614.13, 7661, 131.22758823]
[1524780000, 7512.98, 7646.79, 7512.99, 7620.19, 101.02164168]
[1524776400, 7500, 7592.03, 7528.22, 7512.89, 203.18358741]
[1524772800, 7338.85, 7547.55, 7339.36, 7528, 475.91967043]
[1524769200, 7305.1, 7347.5, 7316.89, 7340.51, 59.68263757]
[1524765600, 7306.11, 7357.88, 7328, 7316.88, 52.09630235]
[1524762000, 7313.44, 7367.31, 7339.03, 7328, 80.57044237]
[1524758400, 7260, 7344.03, 7282.46, 7340.7, 114.92490939]
[1524754800, 7251.8, 7301.33, 7301.33, 7282.46, 55.2852133]
[1524751200, 7228, 7326.08, 7265.77, 7301.81, 137.70430035]
[1524747600, 7239.11, 7322.66, 7322.66, 7265.77, 121.14933359]
[1524744000, 7291.67, 7360.35, 7297, 7322.66, 118.89306984]
[1524740400, 7260.45, 7340, 7275, 7296.99, 103.35292736]
[1524736800, 7189.51, 7299, 7189.52, 7275, 136.71577597]
[1524733200, 7131.23, 7200, 7186.86, 7189.52, 111.33881251]
[1524729600, 7121.38, 7316.31, 7290.59, 7186.87, 223.50095319]
[1524726000, 7236.68, 7308.99, 7267.81, 7290.6, 97.3159522]
[1524722400, 7210.5, 7347.59, 7303.03, 7267.82, 128.47778984]
[1524718800, 7301.69, 7374.26, 7349.97, 7303.03, 72.50264459]
[1524715200, 7248.64, 7349.98, 7248.64, 7349.98, 69.86634328]
[1524711600, 7228, 7307.28, 7295, 7248.63, 27.583503]
[1524708000, 7221.04, 7302.69, 7221.06, 7295, 30.66776891]
[1524704400, 7191, 7281.77, 7241.7, 7222.13, 67.87951561]
[1524700800, 7120.37, 7291, 7291, 7249, 264.9541015]
[1524697200, 7212.41, 7415.69, 7380.49, 7291.02, 235.90234172]
[1524693600, 7360.01, 7557.7, 7549.44, 7376.72, 123.56472256]
[1524690000, 7471.01, 7552.99, 7471.01, 7549.44, 105.69348178]
[1524686400, 7381.01, 7509.94, 7382.06, 7471.01, 165.15638658]
[1524682800, 7363.93, 7429.76, 7401.12, 7375.73, 126.53114274]
[1524679200, 7369.2, 7457.84, 7457.84, 7405, 161.15872343]
[1524675600, 7322.98, 7483.83, 7322.99, 7456.42, 328.85735506]
[1524672000, 7270.11, 7373.46, 7373.46, 7322.99, 237.05574871]
[1524668400, 7285.01, 7401.76, 7298.02, 7373.47, 470.0249146]
[1524664800, 7180.37, 7421.43, 7411, 7298.02, 765.33412063]
[1524661200, 7357.65, 7530.99, 7512.86, 7412.64, 196.49176857]
[1524657600, 7472.09, 7559.58, 7486.57, 7512.86, 159.36409516]
[1524654000, 7379.86, 7523.36, 7479.1, 7486.58, 336.2508826]
[1524650400, 7369.49, 7634.6, 7622.49, 7480.84, 575.3589189]
[1524646800, 7577.28, 7680.51, 7630, 7622.4, 242.50762344]
[1524643200, 7624.54, 7751, 7744.31, 7625.82, 181.31553478]
[1524639600, 7700, 7764, 7740.58, 7731.09, 155.84094715]
[1524636000, 7705.68, 7778.83, 7706.03, 7740.64, 180.22649576]
[1524632400, 7574, 7710.03, 7614.98, 7706.49, 196.39252095]
[1524628800, 7511.85, 7802.24, 7700.01, 7614.99, 391.86241518]
[1524625200, 7653, 7950.02, 7924.98, 7700.02, 256.58319353]
[1524621600, 7885.01, 7972.78, 7885.01, 7924.98, 74.52446101]
[1524618000, 7800.93, 7904.65, 7843.06, 7885.01, 70.14925273]
[1524614400, 7788.31, 7955.9, 7926.38, 7844.68, 211.03051025]
[1524610800, 7814.05, 7995, 7849.99, 7930.35, 273.86079022]
[1524607200, 7752.26, 7866.04, 7769.15, 7849.99, 193.89065098]
[1524603600, 7751.38, 7792.06, 7751.39, 7769.15, 125.53032523]
[1524600000, 7726, 7766.64, 7748, 7751.39, 109.05331047]
[1524596400, 7635, 7748, 7704.83, 7748, 199.57938879]
[1524592800, 7674.05, 7707.79, 7700, 7703.99, 114.86281036]
[1524589200, 7661.07, 7700, 7665.94, 7700, 103.9498149]
[1524585600, 7651.26, 7690.17, 7688, 7664.09, 80.79703872]
[1524582000, 7641.36, 7698.33, 7641.36, 7688, 130.79317552]
[1524578400, 7576.19, 7665.95, 7621.92, 7641.37, 222.66295645]
[1524574800, 7606, 7739.99, 7711.05, 7629.89, 382.74310915]
[1524571200, 7660.04, 7716.97, 7660.05, 7715.93, 123.20716907]
[1524567600, 7660.03, 7680.01, 7660.04, 7660.05, 117.88853965]
[1524564000, 7630.68, 7684.02, 7632.88, 7660.04, 143.25646829]
[1524560400, 7605.57, 7636.9, 7626.77, 7632.88, 96.18569968]
[1524556800, 7599.95, 7628, 7599.96, 7626.76, 87.86013589]
[1524553200, 7565.81, 7600, 7591.01, 7599.96, 108.20952457]
[1524549600, 7581.61, 7627.3, 7620.01, 7591.01, 213.40603449]
[1524546000, 7544.48, 7630, 7582.16, 7620, 155.40278425]
[1524542400, 7515.1, 7584.74, 7530.02, 7579.74, 96.40617556]
[1524538800, 7516.33, 7531.99, 7521.92, 7531.64, 19.88017634]
[1524535200, 7502.51, 7534, 7516.67, 7526.6, 27.85524196]
[1524531600, 7466.61, 7519.99, 7510.55, 7516.66, 46.69948412]
[1524528000, 7314.52, 7546.47, 7314.53, 7513.9, 363.91968713]
[1524524400, 7303.91, 7320, 7317.01, 7314.52, 21.86004214]
[1524520800, 7317, 7328.78, 7318, 7317.01, 36.83439546]
[1524517200, 7304.95, 7318, 7315.01, 7318, 40.8552252]
[1524513600, 7250, 7317.77, 7268.64, 7315.01, 84.60518801]
[1524510000, 7214.6, 7300, 7299.42, 7268.64, 92.01224004]
[1524506400, 7280, 7299.85, 7293.44, 7299.42, 70.97584509]
[1524502800, 7270, 7312.44, 7306.24, 7293.44, 108.03253492]
[1524499200, 7298.09, 7310, 7298.09, 7306.27, 39.11164768]
[1524495600, 7274.3, 7317.87, 7303.26, 7297.31, 81.17252723]
[1524492000, 7250, 7320.01, 7320.01, 7303.33, 116.19130405]
[1524488400, 7300, 7327.02, 7319.99, 7320.01, 109.64860784]
[1524484800, 7293.86, 7347, 7294.23, 7320, 198.49104769]
[1524481200, 7279.99, 7299.98, 7287.98, 7293.73, 80.62335181]
[1524477600, 7280, 7297, 7289.71, 7287.98, 63.80518897]
[1524474000, 7262.01, 7294.74, 7290, 7289.71, 63.34911943]
[1524470400, 7276.86, 7317.49, 7286.9, 7290, 92.31850957]
[1524466800, 7250.24, 7297, 7250.25, 7286.91, 83.85217797]
[1524463200, 7210.72, 7270, 7226, 7256.59, 82.10262681]
[1524459600, 7200, 7225.99, 7218.99, 7225.99, 30.65746354]
[1524456000, 7202.5, 7233.4, 7224.81, 7218.47, 19.51191984]
[1524452400, 7210.02, 7238.79, 7213.34, 7224.82, 12.18796205]
[1524448800, 7200, 7238, 7219.01, 7213.33, 15.73464963]
[1524445200, 7178.16, 7228.37, 7188.01, 7228.36, 14.76071401]
[1524441600, 7150, 7203.02, 7174.99, 7189, 29.38443083]
[1524438000, 7121, 7198.7, 7198.7, 7175, 143.95819382]
[1524434400, 7195, 7250.49, 7250.49, 7198.7, 58.88105519]
[1524430800, 7236.11, 7250.5, 7237.01, 7250.49, 24.51736486]
[1524427200, 7228.09, 7255, 7235.53, 7237.01, 52.94537334]
[1524423600, 7233.45, 7287.59, 7287.58, 7235.53, 70.29893419]
[1524420000, 7273.39, 7290, 7273.39, 7287.59, 33.97015321]
[1524416400, 7269.38, 7285, 7278.99, 7273.39, 49.21773457]
[1524412800, 7234, 7320, 7275.31, 7278.99, 145.4547958]
[1524409200, 7261.91, 7300, 7299.99, 7275.31, 48.07649781]
[1524405600, 7264.27, 7300, 7264.29, 7299.99, 97.22536335]
[1524402000, 7236, 7267, 7240.02, 7264.28, 27.43953794]
[1524398400, 7190.05, 7312, 7305.01, 7244.68, 153.84766276]
[1524394800, 7295, 7350.87, 7298.97, 7305.01, 114.30105215]
[1524391200, 7273, 7299, 7273.01, 7298.97, 57.87196552]
[1524387600, 7265.05, 7299, 7282.79, 7273.01, 92.8368742]
[1524384000, 7228.8, 7282.8, 7228.8, 7282.8, 84.18228154]
[1524380400, 7212.33, 7249.9, 7249.2, 7228.79, 42.89181624]
[1524376800, 7213.01, 7249.2, 7213.02, 7249.2, 23.96299312]
[1524373200, 7193.46, 7227.87, 7193.46, 7216.39, 21.09213943]
[1524369600, 7181.92, 7207.01, 7207, 7193.46, 11.72754614]
[1524366000, 7207, 7220, 7208.52, 7207.01, 5.45891036]
[1524362400, 7174.21, 7217.99, 7175.95, 7208.53, 13.65422139]
[1524358800, 7161.05, 7180, 7179.94, 7175.94, 11.32914774]
[1524355200, 7179.94, 7246.46, 7246.46, 7179.95, 59.87310232]
[1524351600, 7152.7, 7269, 7159.96, 7246.46, 59.77807545]
[1524348000, 7140, 7179.95, 7147.99, 7159.96, 28.98299592]
[1524344400, 7123.56, 7165.34, 7142.26, 7148, 27.33115861]
[1524340800, 7101.29, 7173.96, 7160.84, 7142.25, 49.40661706]
[1524337200, 7160.54, 7191.04, 7170.01, 7160.85, 27.61440999]
[1524333600, 7140.99, 7170.02, 7141, 7170.01, 24.87451671]
[1524330000, 7140.99, 7182, 7148.48, 7141, 43.44258194]
[1524326400, 7127.82, 7231, 7189.21, 7148.47, 71.6559262]
