[1534406400, 5614.62, 5654, 5622.51, 5622.72, 85.95914132]
[1534402800, 5539.34, 5651, 5539.88, 5614.78, 109.6659702]
[1534399200, 5519.31, 5543.38, 5538.69, 5540, 42.89944572]
[1534395600, 5527.01, 5555.2, 5554.19, 5538.67, 22.68714901]
[1534392000, 5511.45, 5569.63, 5527.81, 5557.25, 13.74695266]
[1534388400, 5527.82, 5569.99, 5548.94, 5527.82, 13.02640553]
[1534384800, 5520.3, 5548.94, 5530, 5548.94, 29.34998919]
[1534381200, 5510.52, 5561.93, 5560.72, 5532.35, 52.83754847]
[1534377600, 5477.88, 5571.57, 5540.01, 5561.35, 52.84010649]
[1534374000, 5510, 5598, 5597.71, 5540.02, 114.16636585]
[1534370400, 5600, 5685, 5664.38, 5604.11, 47.97461028]
[1534366800, 5596.06, 5678.98, 5630, 5660.78, 108.85664064]
[1534363200, 5576.7, 5630, 5622.95, 5629.03, 129.15705011]
[1534359600, 5608.85, 5766, 5765.99, 5622.95, 193.42576424]
[1534356000, 5759.85, 5820, 5801.28, 5765.99, 105.347998]
[1534352400, 5770, 5834.9, 5824.36, 5801.42, 125.9927709]
[1534348800, 5690.11, 5850, 5694.47, 5824.36, 328.675633]
[1534345200, 5653.64, 5740, 5667, 5698.76, 139.5470195]
[1534341600, 5608, 5666.07, 5620.94, 5666.07, 65.67647873]
[1534338000, 5611.27, 5669, 5650, 5621, 67.89873838]
[1534334400, 5600, 5652.76, 5620, 5649.99, 77.45478812]
[1534330800, 5575.05, 5620, 5578.66, 5619.99, 64.30656628]
[1534327200, 5570, 5651.64, 5637.95, 5570.01, 91.71799283]
[1534323600, 5587.68, 5697.22, 5697.21, 5638.86, 195.13221163]
[1534320000, 5661.5, 5718.52, 5662.99, 5697.21, 199.24474569]
[1534316400, 5580.23, 5711.11, 5580.24, 5662.98, 127.27734418]
[1534312800, 5559.41, 5591.17, 5574.78, 5581.09, 87.88454737]
[1534309200, 5569.78, 5610, 5608.71, 5574.77, 31.26094477]
[1534305600, 5568.23, 5621.82, 5568.99, 5608.71, 47.04626903]
[1534302000, 5510.75, 5568.99, 5544.03, 5568.99, 18.65260993]
[1534298400, 5487.6, 5559, 5487.6, 5544.75, 49.1507529]
[1534294800, 5478.46, 5502.74, 5497.25, 5487.61, 11.09448093]
[1534291200, 5463.39, 5524, 5469.01, 5497.25, 40.30943284]
[1534287600, 5395.76, 5500, 5411.86, 5469.01, 57.59397677]
[1534284000, 5357.66, 5440, 5403.82, 5411.88, 28.94733111]
[1534280400, 5358.24, 5415, 5366.84, 5403.21, 41.62749867]
[1534276800, 5350.15, 5391.74, 5371.05, 5366.72, 85.54923754]
[1534273200, 5340.9, 5418.47, 5340.9, 5371.43, 126.10815582]
[1534269600, 5311.01, 5350, 5324.32, 5340.9, 77.33146419]
[1534266000, 5316.02, 5378.01, 5330, 5324.91, 63.8966548]
[1534262400, 5286.91, 5332.39, 5325.22, 5330, 73.03752536]
[1534258800, 5275, 5338.1, 5318.05, 5325.56, 106.49370248]
[1534255200, 5305.28, 5400, 5391.08, 5319.34, 96.97124987]
[1534251600, 5363.02, 5425.05, 5367.17, 5384.96, 158.74561975]
[1534248000, 5270, 5418.5, 5289.22, 5367, 154.37422931]
[1534244400, 5258.08, 5317, 5310.09, 5290, 129.00460681]
[1534240800, 5300, 5350, 5330.67, 5310.09, 69.84274083]
[1534237200, 5304.91, 5337.05, 5310.84, 5330.67, 56.56946234]
[1534233600, 5292.16, 5324.23, 5324.23, 5310.84, 82.89101318]
[1534230000, 5230.78, 5369, 5254.22, 5324.23, 147.85340801]
[1534226400, 5204.8, 5280.01, 5280.01, 5262.31, 126.47391574]
[1534222800, 5275.13, 5288.53, 5279.41, 5280.01, 52.57683439]
[1534219200, 5258.25, 5299.21, 5274, 5282.11, 46.13160415]
[1534215600, 5200.01, 5288.17, 5235.14, 5274.72, 38.6764544]
[1534212000, 5200, 5321.99, 5321.99, 5226.73, 162.18023175]
[1534208400, 5321.99, 5480, 5475.1, 5322, 141.73174421]
[1534204800, 5435, 5498.1, 5497, 5472.01, 33.3204148]
[1534201200, 5494, 5518.53, 5500.2, 5500.67, 13.00379874]
[1534197600, 5480, 5504.99, 5495.02, 5504.23, 29.89544373]
[1534194000, 5481.2, 5519.43, 5515.05, 5495.02, 40.15160773]
[1534190400, 5470, 5538.57, 5483.09, 5521.57, 50.28377261]
[1534186800, 5460, 5499, 5488.68, 5483.1, 46.49012358]
[1534183200, 5450.01, 5499.74, 5476.1, 5488.68, 60.99610263]
[1534179600, 5411.96, 5530.05, 5530.04, 5477.2, 190.48627534]
[1534176000, 5515.41, 5564.29, 5524.34, 5530.05, 74.09273762]
[1534172400, 5482.39, 5593.39, 5593.35, 5524.33, 146.20878389]
[1534168800, 5572.4, 5635, 5615.45, 5593.36, 78.63280526]
[1534165200, 5582, 5664.39, 5664.31, 5615.44, 133.53784271]
[1534161600, 5664.3, 5688.01, 5673.78, 5664.31, 48.52742727]
[1534158000, 5661, 5696.18, 5688.14, 5676.54, 50.54294429]
[1534154400, 5675.01, 5696.86, 5683.91, 5688.91, 56.55288634]
[1534150800, 5683.91, 5725.09, 5699.88, 5683.92, 69.73815273]
[1534147200, 5668.58, 5764, 5674.46, 5699.88, 171.91702709]
[1534143600, 5636.5, 5675, 5645, 5675, 51.12412018]
[1534140000, 5575.01, 5681.94, 5578.75, 5646, 73.10952417]
[1534136400, 5539.25, 5599.93, 5591.94, 5578.95, 46.84462423]
[1534132800, 5583.43, 5614.96, 5595.49, 5585.39, 10.26379568]
[1534129200, 5574.99, 5599.8, 5575, 5587.54, 6.8721711]
[1534125600, 5564.26, 5575, 5575, 5575, 3.39829193]
[1534122000, 5573.73, 5588.36, 5575.01, 5575, 5.21390463]
[1534118400, 5558.97, 5584.19, 5558.97, 5575.01, 10.31238613]
[1534114800, 5536.07, 5583.24, 5583.24, 5560, 20.90483187]
[1534111200, 5563.76, 5620.16, 5597.59, 5583.24, 32.2536506]
[1534107600, 5574.05, 5597.6, 5587.09, 5597.6, 18.87872007]
[1534104000, 5537.2, 5589.24, 5570, 5587.34, 21.49627252]
[1534100400, 5480, 5695.77, 5548.24, 5570, 157.29691747]
[1534096800, 5530, 5560.35, 5541.2, 5547.27, 23.28586264]
[1534093200, 5520.7, 5568.33, 5551.35, 5540, 36.32232876]
[1534089600, 5511, 5571.5, 5552, 5551.18, 53.76789889]
[1534086000, 5536.33, 5597.71, 5551.71, 5551.99, 44.82641478]
[1534082400, 5503.13, 5565.41, 5503.13, 5552.38, 33.94175101]
[1534078800, 5487, 5520.6, 5500, 5503.13, 29.30139095]
[1534075200, 5452.53, 5588.04, 5588.03, 5499.99, 67.69175417]
[1534071600, 5541, 5588.04, 5560.37, 5588.04, 24.40702761]
[1534068000, 5544.75, 5588.65, 5572.54, 5560.37, 40.28278418]
[1534064400, 5540.82, 5578.39, 5550.61, 5572.54, 20.20891588]
[1534060800, 5530.12, 5570, 5566.38, 5550.61, 23.8596257]
[1534057200, 5560.42, 5591.38, 5580.01, 5574.33, 23.1869258]
[1534053600, 5557.38, 5584.97, 5578.37, 5580.01, 12.33881511]
[1534050000, 5511.96, 5589.98, 5514.02, 5580, 10.79789629]
[1534046400, 5505.01, 5527.24, 5527.24, 5512.79, 6.23283396]
[1534042800, 5519.19, 5536.36, 5519.48, 5527.24, 10.3762438]
[1534039200, 5493.73, 5523.69, 5493.73, 5518.83, 7.44080339]
[1534035600, 5472.57, 5517.02, 5517.02, 5493.04, 12.80583376]
[1534032000, 5415.26, 5540.08, 5473.43, 5517.02, 51.18829632]
[1534028400, 5460, 5614.01, 5611, 5473.42, 87.29494168]
[1534024800, 5603.24, 5614.35, 5612.66, 5611, 16.05804674]
[1534021200, 5600, 5620, 5619.47, 5612.66, 19.73528188]
[1534017600, 5596.66, 5618.92, 5604.99, 5618.92, 31.24895981]
[1534014000, 5588.66, 5625.76, 5601, 5605, 38.80049764]
[1534010400, 5588.66, 5669, 5650.01, 5600.99, 54.0752079]
[1534006800, 5402.02, 5700, 5402.02, 5650.01, 237.488235]
[1534003200, 5368.18, 5410, 5391.78, 5402.02, 28.36918869]
[1533999600, 5374.62, 5426.14, 5423.12, 5391.78, 61.27166116]
[1533996000, 5386.83, 5438.99, 5399.26, 5423.12, 34.5832466]
[1533992400, 5385.21, 5405.93, 5395.66, 5399.27, 31.3978254]
[1533988800, 5370, 5415.09, 5400, 5395.67, 63.2423738]
[1533985200, 5387.67, 5430.55, 5430.55, 5400.01, 55.88695564]
[1533981600, 5403.33, 5452.8, 5403.33, 5432, 40.21826943]
[1533978000, 5397.16, 5418.22, 5399.99, 5403.32, 36.38893499]
[1533974400, 5390.03, 5449, 5417.57, 5400, 60.05974522]
[1533970800, 5360, 5431.38, 5360.49, 5405.29, 67.4869489]
[1533967200, 5360, 5413.05, 5379.45, 5360.49, 42.36183753]
[1533963600, 5310, 5396.36, 5373.12, 5379.45, 88.84185912]
[1533960000, 5363.09, 5393.92, 5365.89, 5373.12, 12.19394317]
[1533956400, 5354.65, 5399.78, 5399.52, 5365.88, 5.2215572]
[1533952800, 5365, 5404.29, 5365.01, 5399.52, 23.29737018]
[1533949200, 5351.03, 5384.17, 5364.81, 5365, 12.09118934]
[1533945600, 5352.32, 5416.53, 5399.99, 5364.8, 28.46671419]
[1533942000, 5352.18, 5412.14, 5370.02, 5400, 109.66714294]
[1533938400, 5345, 5400, 5350.55, 5370.02, 69.98276199]
[1533934800, 5300, 5459.57, 5442.53, 5348.01, 331.52872126]
[1533931200, 5417, 5630.93, 5630.93, 5442.53, 124.73486683]
[1533927600, 5610.95, 5644.04, 5632.6, 5630.93, 30.50289581]
[1533924000, 5617.78, 5647.36, 5647.03, 5632.5, 25.46756963]
[1533920400, 5578.16, 5650, 5606.54, 5647.33, 61.30046783]
[1533916800, 5580.68, 5676.09, 5674.18, 5606.55, 83.80877454]
[1533913200, 5647.8, 5680, 5647.81, 5674.45, 43.08273863]
[1533909600, 5630, 5694.99, 5694.99, 5647.81, 67.81903755]
[1533906000, 5669.07, 5711.76, 5697.08, 5685.27, 82.44766492]
[1533902400, 5523, 5703.99, 5531.43, 5701.54, 159.39421968]
[1533898800, 5501.2, 5590, 5560.23, 5544.49, 71.45519236]
[1533895200, 5546.96, 5584, 5550.02, 5560.65, 37.93984473]
[1533891600, 5529.75, 5620.01, 5620.01, 5550.01, 70.81924622]
[1533888000, 5594.71, 5656.11, 5649.99, 5620.02, 61.76730662]
[1533884400, 5621.79, 5669.82, 5621.79, 5649.99, 104.61519519]
[1533880800, 5610.21, 5668.6, 5627.71, 5621.8, 52.97183738]
[1533877200, 5579.91, 5636.01, 5584.45, 5627.71, 24.39927461]
[1533873600, 5539.79, 5634.54, 5634.54, 5584.45, 159.4462397]
[1533870000, 5622.62, 5651.01, 5651.01, 5634.55, 6.7115641]
[1533866400, 5624, 5679.99, 5679.99, 5656.17, 28.65304036]
[1533862800, 5666.15, 5725.09, 5725.09, 5680, 31.38273529]
[1533859200, 5700.02, 5729.86, 5700.02, 5725.09, 9.13388904]
[1533855600, 5700.01, 5762.03, 5762.02, 5700.02, 67.56964905]
[1533852000, 5738, 5765.38, 5741.06, 5762.03, 26.11195267]
[1533848400, 5668, 5775, 5668, 5741.06, 152.44051982]
[1533844800, 5630.1, 5707.09, 5635.32, 5668.01, 61.73009619]
[1533841200, 5621.91, 5659.72, 5622.63, 5635.32, 55.61968909]
[1533837600, 5603.74, 5649.88, 5636.58, 5622.63, 52.39020615]
[1533834000, 5603.37, 5639.03, 5603.99, 5636.57, 39.53022572]
[1533830400, 5570, 5638.42, 5570, 5603.99, 103.52739534]
[1533826800, 5569.51, 5692.66, 5641.55, 5570, 113.96804434]
[1533823200, 5530.45, 5757, 5560.88, 5641.55, 321.81014505]
[1533819600, 5355.01, 5579, 5402.95, 5563.99, 182.42961846]
[1533816000, 5380.75, 5476.4, 5476.39, 5402.95, 111.96906779]
[1533812400, 5466.02, 5492.52, 5490.03, 5476.39, 60.21473129]
[1533808800, 5460, 5492.88, 5480, 5490.03, 54.18887418]
[1533805200, 5464.44, 5485.8, 5464.45, 5480, 43.37096613]
[1533801600, 5442.97, 5475.91, 5464.01, 5464.45, 45.99094102]
[1533798000, 5452.53, 5500, 5487.9, 5462.96, 80.73157597]
[1533794400, 5477.71, 5499.46, 5477.72, 5487.89, 46.7340775]
[1533790800, 5470, 5509, 5470, 5477.72, 30.91197519]
[1533787200, 5431.34, 5470, 5453.99, 5469.99, 19.16065638]
[1533783600, 5419.02, 5455.35, 5455.35, 5453.99, 6.77981375]
[1533780000, 5450, 5460, 5460, 5455.34, 5.87809868]
[1533776400, 5424.59, 5460, 5424.59, 5460, 7.05780259]
[1533772800, 5418.33, 5457.89, 5420, 5424.59, 25.0658555]
[1533769200, 5380.01, 5429.08, 5416, 5420, 30.34978854]
[1533765600, 5373.8, 5455.97, 5430.06, 5416, 32.76939405]
[1533762000, 5402.31, 5460, 5446.91, 5430.06, 72.06500908]
[1533758400, 5440.31, 5474.13, 5472.52, 5446.91, 50.99416677]
[1533754800, 5395.99, 5486.33, 5396, 5472.52, 134.15397388]
[1533751200, 5266.75, 5403.54, 5400.01, 5395.84, 209.96797085]
[1533747600, 5371.17, 5440, 5409.06, 5400.01, 120.51174309]
[1533744000, 5351.35, 5600, 5590, 5407.9, 296.58373524]
[1533740400, 5588, 5617.65, 5603.39, 5590, 61.9561754]
[1533736800, 5535.58, 5603.4, 5587.2, 5603.4, 127.80609086]
[1533733200, 5582, 5635.04, 5626, 5587.2, 74.54009706]
[1533729600, 5600, 5635.04, 5634.29, 5626.25, 57.17597191]
[1533726000, 5592, 5653.01, 5607.03, 5634.53, 77.85037893]
[1533722400, 5559.05, 5614.75, 5614.75, 5607.03, 77.93816782]
[1533718800, 5594.33, 5637.61, 5632.09, 5615.49, 69.15630842]
[1533715200, 5553.57, 5633.28, 5574.01, 5633.28, 92.0608923]
[1533711600, 5570.01, 5655.39, 5647.75, 5574.41, 100.02009951]
[1533708000, 5617.38, 5658.7, 5639, 5647.75, 94.6020488]
[1533704400, 5530.44, 5651.9, 5595, 5639.01, 123.80980169]
[1533700800, 5575.1, 5684.01, 5684.01, 5595, 97.43554367]
[1533697200, 5660.88, 5710, 5710, 5684.01, 29.58971096]
[1533693600, 5663, 5710, 5672.65, 5710, 26.01600349]
[1533690000, 5672.64, 5734.38, 5700.39, 5672.65, 27.92325133]
[1533686400, 5665.1, 5807.64, 5807.64, 5700.39, 102.67448837]
