[1540166400, 5574.01, 5586.33, 5586.32, 5579.43, 15.17447047]
[1540162800, 5585, 5602.46, 5602.46, 5586.33, 17.20406476]
[1540159200, 5602.45, 5611.65, 5611.65, 5602.45, 15.97645043]
[1540155600, 5610, 5616.94, 5614.98, 5611.65, 12.51268032]
[1540152000, 5610, 5616.73, 5613.27, 5614.99, 16.91035835]
[1540148400, 5610, 5613.28, 5613.27, 5613.27, 20.12982006]
[1540144800, 5612.08, 5622, 5612.08, 5613.28, 18.10616839]
[1540141200, 5612, 5625, 5625, 5612.09, 21.70281397]
[1540137600, 5624.99, 5625, 5624.99, 5625, 11.80381157]
[1540134000, 5624.99, 5627, 5627, 5625, 11.79828278]
[1540130400, 5618.99, 5627, 5619, 5626.99, 19.5243095]
[1540126800, 5615, 5619, 5615.01, 5619, 12.19931673]
[1540123200, 5615, 5619.62, 5619.61, 5615.01, 16.02782292]
[1540119600, 5619.61, 5619.62, 5619.62, 5619.61, 13.4364938]
[1540116000, 5619.61, 5619.62, 5619.62, 5619.62, 8.92445531]
[1540112400, 5612.97, 5619.62, 5612.97, 5619.61, 15.99680612]
[1540108800, 5606.82, 5613, 5612.99, 5612.97, 8.77694902]
[1540105200, 5603.84, 5613, 5609.77, 5612.99, 8.33267076]
[1540101600, 5600, 5612.97, 5612.97, 5609.77, 5.3447249]
[1540098000, 5612.96, 5612.97, 5612.96, 5612.97, 1.12827562]
[1540094400, 5610.93, 5616.66, 5614.54, 5612.97, 0.94057818]
[1540090800, 5611.33, 5617.51, 5617.5, 5614.53, 4.35724443]
[1540087200, 5612.78, 5618.39, 5618.39, 5617.51, 2.97954311]
[1540083600, 5593.51, 5618.39, 5593.51, 5618.39, 15.14997802]
[1540080000, 5593.51, 5593.52, 5593.52, 5593.52, 3.63274018]
[1540076400, 5590.01, 5597.88, 5597.88, 5593.52, 11.19134607]
[1540072800, 5589.01, 5597.97, 5594.37, 5597.88, 10.14983411]
[1540069200, 5590.32, 5596.17, 5592, 5594.36, 12.28351766]
[1540065600, 5589, 5593, 5590.09, 5592.88, 9.48406561]
[1540062000, 5590.08, 5592.89, 5590.26, 5590.08, 7.98875886]
[1540058400, 5590.26, 5594.49, 5593, 5590.27, 7.03710743]
[1540054800, 5588.07, 5593, 5590.01, 5592.99, 11.20463466]
[1540051200, 5587.42, 5592.99, 5592.06, 5587.93, 11.03989235]
[1540047600, 5592.02, 5598.59, 5598.5, 5592.06, 10.71982871]
[1540044000, 5598.06, 5608.23, 5608.23, 5598.99, 13.33964878]
[1540040400, 5592.91, 5608.42, 5599.1, 5608.23, 15.41398025]
[1540036800, 5591.11, 5599.46, 5595.6, 5599.1, 18.1804956]
[1540033200, 5595.57, 5595.6, 5595.58, 5595.59, 13.46180392]
[1540029600, 5595.56, 5595.89, 5595.89, 5595.57, 12.95714222]
[1540026000, 5590, 5596.33, 5590, 5595.9, 20.11905107]
[1540022400, 5590, 5594.42, 5594.21, 5590.01, 17.02201524]
[1540018800, 5586.65, 5600, 5599.99, 5594.41, 20.25500149]
[1540015200, 5577.89, 5600, 5578.89, 5600, 15.54723834]
[1540011600, 5560, 5578.92, 5573, 5577.89, 18.2461596]
[1540008000, 5573, 5574, 5573, 5574, 1.89869965]
[1540004400, 5573, 5574, 5573.01, 5573.01, 4.02570831]
[1540000800, 5568.56, 5573.99, 5568.57, 5573.55, 1.31172736]
[1539997200, 5560, 5568.56, 5565.01, 5568.56, 12.8704887]
[1539993600, 5565, 5576.99, 5576.99, 5565.01, 17.37413672]
[1539990000, 5572.16, 5577.62, 5572.83, 5576.99, 10.96828452]
[1539986400, 5572.11, 5573.48, 5573.48, 5572.85, 8.02460338]
[1539982800, 5572.1, 5575.33, 5572.1, 5573.47, 16.62628499]
[1539979200, 5572.1, 5581.57, 5581.56, 5572.11, 27.21385133]
[1539975600, 5581.56, 5581.57, 5581.57, 5581.56, 12.07147601]
[1539972000, 5574.99, 5583.12, 5575, 5581.57, 12.09811758]
[1539968400, 5571, 5575, 5571, 5574.99, 17.82328954]
[1539964800, 5570.89, 5576.71, 5573.02, 5571.01, 22.15295775]
[1539961200, 5572.73, 5578.25, 5573.66, 5573.02, 41.42197149]
[1539957600, 5573.65, 5581.22, 5574.38, 5573.66, 35.18786961]
[1539954000, 5574.31, 5579.34, 5574.31, 5574.61, 19.93425315]
[1539950400, 5573, 5584.99, 5584.98, 5574.32, 26.09183537]
[1539946800, 5582, 5587.98, 5587.98, 5584.98, 19.15824389]
[1539943200, 5581.27, 5594.01, 5594, 5588.14, 31.05853878]
[1539939600, 5581.27, 5594.18, 5581.28, 5594.01, 31.2801039]
[1539936000, 5570, 5581.79, 5577.29, 5581.28, 33.64994734]
[1539932400, 5570.02, 5582.3, 5570.03, 5577.29, 42.56671523]
[1539928800, 5570, 5578.54, 5575.26, 5570.03, 12.39252022]
[1539925200, 5575.17, 5589.51, 5589.51, 5579.99, 14.46445538]
[1539921600, 5584.81, 5589.51, 5584.82, 5589.51, 6.07443421]
[1539918000, 5584.81, 5584.82, 5584.82, 5584.82, 3.38271849]
[1539914400, 5584.81, 5584.82, 5584.81, 5584.82, 4.34892131]
[1539910800, 5584.81, 5589.51, 5589.51, 5584.82, 4.07770345]
[1539907200, 5584.51, 5589.51, 5584.52, 5589.5, 4.32452188]
[1539903600, 5575.28, 5589, 5580.17, 5584.51, 4.99459373]
[1539900000, 5570, 5584.05, 5575.99, 5580.18, 15.00226626]
[1539896400, 5571.62, 5584.39, 5583.71, 5576, 28.25611215]
[1539892800, 5578.26, 5596.46, 5587.74, 5583.72, 33.43196989]
[1539889200, 5577, 5587.74, 5580.01, 5587.73, 25.28402764]
[1539885600, 5572.02, 5598, 5587.98, 5580, 46.41344108]
[1539882000, 5570, 5620, 5616.09, 5587.99, 80.40527121]
[1539878400, 5605.16, 5618.49, 5605.17, 5617.9, 22.82236094]
[1539874800, 5605.16, 5620, 5618.66, 5605.17, 51.93169234]
[1539871200, 5610.23, 5620, 5610.24, 5618.65, 32.1494928]
[1539867600, 5603.99, 5614.97, 5603.99, 5610.24, 36.19261302]
[1539864000, 5601, 5604.77, 5601.82, 5604, 30.12186912]
[1539860400, 5601.81, 5610, 5606.38, 5601.82, 36.23542946]
[1539856800, 5604.62, 5608.94, 5604.63, 5606.38, 31.23272421]
[1539853200, 5599.99, 5608, 5600, 5604.62, 27.43282908]
[1539849600, 5590.99, 5613.11, 5613.11, 5600, 45.79930124]
[1539846000, 5613.1, 5623.25, 5623.25, 5613.11, 22.83583107]
[1539842400, 5612.72, 5623.99, 5612.72, 5623.24, 18.46478584]
[1539838800, 5612.03, 5623.62, 5620.7, 5612.73, 9.59106732]
[1539835200, 5612.32, 5623.96, 5613.77, 5620.7, 5.38260865]
[1539831600, 5612.02, 5641.37, 5618.13, 5613.77, 21.5585316]
[1539828000, 5611, 5619.89, 5618.47, 5618.12, 7.94121044]
[1539824400, 5611.3, 5619.92, 5617.69, 5619.42, 8.9844636]
[1539820800, 5614.06, 5619.91, 5614.06, 5617.7, 6.05077562]
[1539817200, 5613, 5619.71, 5616.62, 5614.06, 10.13535419]
[1539813600, 5615.61, 5624, 5620, 5617.62, 10.13536244]
[1539810000, 5613, 5620, 5617.77, 5620, 21.53965376]
[1539806400, 5601, 5620, 5604.01, 5617.77, 35.92032353]
[1539802800, 5601.1, 5615, 5610.04, 5604.01, 37.59995544]
[1539799200, 5604.01, 5613.83, 5610, 5610.05, 34.6500695]
[1539795600, 5600.01, 5614, 5608.31, 5610.01, 34.5051815]
[1539792000, 5590, 5608.4, 5596.07, 5608.31, 51.84039886]
[1539788400, 5588.81, 5600, 5595.38, 5589.87, 36.23672068]
[1539784800, 5591.93, 5596, 5593.99, 5595.38, 31.09114826]
[1539781200, 5580.79, 5594.49, 5586.58, 5594, 42.15552017]
[1539777600, 5585.93, 5597.67, 5589.54, 5586.58, 45.13213977]
[1539774000, 5566, 5590, 5577, 5589.54, 39.81895517]
[1539770400, 5568.16, 5577, 5568.17, 5577, 39.04482077]
[1539766800, 5564.68, 5590, 5587.54, 5568.16, 56.35814824]
[1539763200, 5567.74, 5590, 5584.96, 5587.55, 93.93034715]
[1539759600, 5571.01, 5597.77, 5597.76, 5584.97, 46.84176944]
[1539756000, 5595.65, 5600, 5596.17, 5597.77, 26.45867201]
[1539752400, 5587.04, 5617.33, 5591.73, 5595.95, 60.26013485]
[1539748800, 5580.86, 5599, 5589.24, 5599, 15.34070136]
[1539745200, 5578.5, 5592.77, 5578.5, 5589.25, 22.14163721]
[1539741600, 5566.37, 5591.56, 5591.56, 5577.87, 5.96059957]
[1539738000, 5587.31, 5593, 5588, 5591.56, 5.32725768]
[1539734400, 5581, 5589.22, 5586.48, 5588.01, 7.7839129]
[1539730800, 5579.25, 5610.99, 5587.6, 5589.93, 15.83145325]
[1539727200, 5587, 5595.59, 5591.07, 5587.6, 12.46626743]
[1539723600, 5569.73, 5597.74, 5588.99, 5594.79, 47.35133822]
[1539720000, 5568.49, 5598.29, 5568.5, 5587.78, 53.01830956]
[1539716400, 5564.53, 5570.01, 5570.01, 5568.5, 26.49485517]
[1539712800, 5565.91, 5570.01, 5565.92, 5570, 36.25041911]
[1539709200, 5556.82, 5568, 5560, 5565.92, 28.27869518]
[1539705600, 5540, 5569.37, 5569.37, 5560, 53.02059449]
[1539702000, 5557.24, 5582.45, 5577.89, 5569.37, 60.07994395]
[1539698400, 5568, 5579, 5571.92, 5577.89, 48.93333885]
[1539694800, 5568.01, 5581.98, 5568.1, 5571.93, 25.94871528]
[1539691200, 5564.92, 5584.66, 5584.66, 5568.09, 40.89206677]
[1539687600, 5568, 5584.66, 5568.01, 5584.66, 43.76428599]
[1539684000, 5568, 5577.95, 5569.99, 5568.01, 24.01981561]
[1539680400, 5559.98, 5573.88, 5559.99, 5569.99, 32.18832121]
[1539676800, 5555, 5580.58, 5580.57, 5559.99, 37.92915061]
[1539673200, 5572, 5589, 5586.49, 5580.58, 32.7934723]
[1539669600, 5586.42, 5625.4, 5619.01, 5586.49, 67.63549318]
[1539666000, 5564.15, 5628.59, 5567, 5619.01, 66.51995759]
[1539662400, 5560.38, 5568.24, 5564.58, 5567, 12.43922848]
[1539658800, 5563.99, 5570, 5564, 5564.57, 3.98685485]
[1539655200, 5560, 5564, 5560, 5563.99, 2.26515499]
[1539651600, 5551.62, 5567.97, 5551.62, 5560.01, 51.24060419]
[1539648000, 5549.96, 5566.01, 5566.01, 5553.64, 6.08790146]
[1539644400, 5545.65, 5568, 5545.65, 5566.01, 16.27367658]
[1539640800, 5517.46, 5556.47, 5524.39, 5551.07, 30.55599144]
[1539637200, 5518, 5538.77, 5529.06, 5522.43, 42.58725685]
[1539633600, 5505, 5540.88, 5530.03, 5528.96, 69.88157706]
[1539630000, 5527.97, 5538, 5534, 5530.14, 38.22609216]
[1539626400, 5530.47, 5550, 5536.04, 5534, 47.56944361]
[1539622800, 5521.82, 5553.9, 5546.49, 5536.05, 70.21724158]
[1539619200, 5518.68, 5554.69, 5518.68, 5546.5, 69.1533138]
[1539615600, 5508.25, 5525, 5515.26, 5524.93, 54.59683365]
[1539612000, 5500, 5525.07, 5522, 5515.27, 88.81338956]
[1539608400, 5500, 5528.74, 5521.15, 5522.01, 94.7232779]
[1539604800, 5521, 5535.13, 5535.13, 5521.15, 47.36540861]
[1539601200, 5522.6, 5573.27, 5555.01, 5535.13, 113.03179227]
[1539597600, 5544.09, 5579.87, 5552.76, 5555.01, 90.26985406]
[1539594000, 5501.8, 5558.45, 5551.1, 5552.77, 102.63386269]
[1539590400, 5525.74, 5595.99, 5558.83, 5551.89, 130.5838201]
[1539586800, 5354.02, 5789.51, 5782.68, 5558.82, 352.43905419]
[1539583200, 5526.48, 5825, 5526.48, 5789.53, 506.61823834]
[1539579600, 5382.93, 5545.67, 5382.93, 5526.49, 135.28773305]
[1539576000, 5374.74, 5385.89, 5376.99, 5382.94, 6.38111898]
[1539572400, 5374.67, 5377, 5376.99, 5377, 10.90509285]
[1539568800, 5371.88, 5388.11, 5388.11, 5377, 1.65836753]
[1539565200, 5364.99, 5388.1, 5364.99, 5388.1, 4.61662312]
[1539561600, 5351, 5365, 5364.75, 5364.99, 6.27729481]
[1539558000, 5351, 5389.09, 5386.71, 5364.75, 29.82234731]
[1539554400, 5384.37, 5400, 5386.02, 5386.71, 19.03054466]
[1539550800, 5368.15, 5394.74, 5394.73, 5386.02, 40.782312]
[1539547200, 5394.72, 5418.75, 5418, 5394.74, 36.77243858]
[1539543600, 5417.99, 5418, 5418, 5417.99, 12.27097024]
[1539540000, 5417.57, 5418.75, 5418.75, 5418, 25.66745549]
[1539536400, 5406.4, 5420, 5419.99, 5418.74, 18.95790877]
[1539532800, 5413.4, 5420, 5413.41, 5419.99, 18.61934782]
[1539529200, 5405.49, 5414.35, 5405.99, 5413.42, 12.20869042]
[1539525600, 5401.95, 5410.77, 5410.76, 5405.98, 14.71867168]
[1539522000, 5410.76, 5415.42, 5415.42, 5410.77, 17.53786018]
[1539518400, 5409, 5417.8, 5413.11, 5415.42, 15.53741218]
[1539514800, 5405.01, 5413.3, 5409, 5413.1, 13.21987188]
[1539511200, 5400.01, 5417.98, 5417.87, 5409, 17.97331182]
[1539507600, 5410.01, 5424.55, 5424.53, 5417.87, 18.09866954]
[1539504000, 5420, 5425.26, 5425.26, 5424.53, 12.63216781]
[1539500400, 5406.84, 5430, 5419.33, 5425.26, 10.89739653]
[1539496800, 5419, 5430, 5421.02, 5419.01, 7.81591011]
[1539493200, 5415.03, 5432, 5424.65, 5422.47, 7.30978407]
[1539489600, 5409.98, 5432, 5409.99, 5424.65, 15.35201393]
[1539486000, 5397.84, 5409.99, 5397.84, 5409.99, 5.53576533]
[1539482400, 5397.71, 5401.49, 5401.48, 5399.92, 2.49472692]
[1539478800, 5398.53, 5401.48, 5398.79, 5401.47, 2.72837988]
[1539475200, 5397.71, 5400, 5397.71, 5398.8, 5.56821311]
[1539471600, 5395, 5399.42, 5398.26, 5397.72, 3.29053481]
[1539468000, 5391.72, 5398.99, 5393.43, 5398.26, 6.47383729]
[1539464400, 5388.02, 5393.97, 5391.74, 5393.97, 5.84516227]
[1539460800, 5386.14, 5394.89, 5394.88, 5391.74, 13.77978535]
[1539457200, 5385, 5394.89, 5389.83, 5393, 25.94130826]
[1539453600, 5390, 5396.99, 5396.99, 5390, 16.69820465]
[1539450000, 5390, 5403.26, 5403.25, 5396.98, 26.353709]
[1539446400, 5403.23, 5403.26, 5403.23, 5403.26, 15.01104716]
