[1533686400, 5665.1, 5807.64, 5807.64, 5700.39, 102.67448837]
[1533682800, 5800, 5829.5, 5828.91, 5802, 33.74242954]
[1533679200, 5800, 5864.98, 5820, 5833.7, 71.9525651]
[1533675600, 5754.19, 5950, 5949.55, 5820, 355.90656168]
[1533672000, 5901.85, 6051, 6051, 5949.73, 284.15537653]
[1533668400, 6052, 6134, 6133, 6052.42, 58.08411211]
[1533664800, 6109.89, 6151.52, 6151.51, 6133, 43.41022277]
[1533661200, 6140, 6155.66, 6154.68, 6151.53, 24.0995509]
[1533657600, 6139, 6163, 6147.3, 6152.99, 34.19959366]
[1533654000, 6124, 6148.56, 6124.01, 6147.33, 31.97240159]
[1533650400, 6100, 6125, 6103.64, 6124.01, 39.79345227]
[1533646800, 6101, 6169.86, 6144.82, 6104.05, 104.27857723]
[1533643200, 6120, 6145, 6130.57, 6144.99, 70.10994735]
[1533639600, 6096.8, 6145.68, 6097.79, 6130.56, 87.97617233]
[1533636000, 6090, 6105.3, 6099.98, 6097.79, 48.19818491]
[1533632400, 6090, 6113.71, 6091.18, 6100, 71.27273775]
[1533628800, 6082.58, 6114.75, 6082.58, 6092.47, 70.9006996]
[1533625200, 6017, 6120, 6017.25, 6082.57, 86.91850058]
[1533621600, 6001.37, 6021.22, 6007.91, 6017.25, 32.83058997]
[1533618000, 6007.61, 6028.83, 6028.83, 6008.45, 17.06615847]
[1533614400, 6006.6, 6030.97, 6009.46, 6028.83, 4.20662721]
[1533610800, 6009.46, 6027.15, 6014.68, 6009.46, 4.70931985]
[1533607200, 5982.59, 6024.65, 5982.59, 6012.95, 3.69979551]
[1533603600, 5982.58, 6032.16, 6019.43, 5982.59, 13.01713261]
[1533600000, 6010, 6051, 6010, 6019.81, 28.56132261]
[1533596400, 5952.23, 6010, 5959.01, 6010, 30.42005144]
[1533592800, 5915.68, 5972, 5945.51, 5959.01, 55.34916015]
[1533589200, 5934.28, 6001, 6000.22, 5945.5, 123.41235211]
[1533585600, 5997, 6024.05, 6008.62, 6000.99, 41.8169396]
[1533582000, 5994.99, 6015.09, 5995, 6008.61, 40.73609297]
[1533578400, 5994, 6013.02, 6013.02, 5995, 47.27666356]
[1533574800, 5995.01, 6016.02, 5995.01, 6013.02, 44.37068725]
[1533571200, 5995, 6038.04, 6038.04, 5995.01, 37.24632032]
[1533567600, 6008.59, 6046.33, 6015.23, 6038.04, 33.20895778]
[1533564000, 5995, 6018.5, 6008.08, 6015.24, 57.06924045]
[1533560400, 5980, 6048.09, 6048.09, 6008.88, 125.90762431]
[1533556800, 6033.31, 6061.95, 6061.93, 6050.13, 28.0413404]
[1533553200, 6020.65, 6067.4, 6067, 6061.94, 70.26430298]
[1533549600, 6035, 6067.19, 6035.04, 6067.01, 43.02939942]
[1533546000, 6035, 6070, 6039.01, 6035.04, 39.53084404]
[1533542400, 6025, 6074.19, 6074.19, 6039.02, 92.60143669]
[1533538800, 6063.2, 6145.73, 6137, 6074.19, 59.46727249]
[1533535200, 6135, 6168.5, 6147.36, 6137.01, 60.10180207]
[1533531600, 6108.35, 6150.07, 6144.19, 6147.53, 33.58862026]
[1533528000, 6149.39, 6169.56, 6156.23, 6149.39, 12.5008095]
[1533524400, 6152.57, 6182.3, 6182.3, 6156.23, 2.67113839]
[1533520800, 6166.99, 6186.51, 6172.15, 6182.3, 6.02251244]
[1533517200, 6099.42, 6188.83, 6102.57, 6172.15, 31.50586668]
[1533513600, 6070.16, 6119.97, 6087.07, 6102.74, 22.92185055]
[1533510000, 6065.26, 6097.6, 6082.8, 6085.66, 19.6587045]
[1533506400, 6069.82, 6108.01, 6105.12, 6082.79, 42.04333646]
[1533502800, 6084, 6115.6, 6096.24, 6105.11, 23.51548948]
[1533499200, 6060, 6115.91, 6078.01, 6096.24, 38.04076509]
[1533495600, 6056.98, 6089.33, 6060, 6078.01, 34.10359787]
[1533492000, 6039.34, 6060, 6050.02, 6060, 33.43221266]
[1533488400, 6017.58, 6067.58, 6059.02, 6050.02, 28.41737439]
[1533484800, 6045.32, 6079, 6055.88, 6059.03, 21.49295756]
[1533481200, 5982.38, 6079, 5990.13, 6055.89, 68.3956666]
[1533477600, 5958, 6034, 6033.99, 5994.55, 61.34264314]
[1533474000, 6020, 6086.65, 6086, 6034.23, 33.75535994]
[1533470400, 6069.04, 6100, 6070.36, 6086.97, 26.2442997]
[1533466800, 6016.39, 6098.06, 6098.06, 6069.44, 96.25895691]
[1533463200, 6090.1, 6134.15, 6116.95, 6098.06, 36.9521661]
[1533459600, 6039.74, 6124, 6044.62, 6116.96, 39.57852437]
[1533456000, 5991.85, 6050, 5992.95, 6044.5, 66.39266294]
[1533452400, 5978.49, 6029, 6018.36, 5993.33, 38.26713147]
[1533448800, 6011.61, 6042.56, 6042.56, 6022.04, 19.12985909]
[1533445200, 6030.11, 6054.55, 6033.21, 6042.56, 5.22145407]
[1533441600, 6030, 6061.15, 6045, 6030.3, 7.76613488]
[1533438000, 6002.85, 6061.15, 6013.13, 6045, 44.60563845]
[1533434400, 5986.23, 6028.35, 5993.86, 6013.13, 13.82339234]
[1533430800, 5967.9, 6030, 5985.55, 5993.86, 28.68547613]
[1533427200, 5967.9, 6062.13, 6055.72, 5978.73, 49.23258577]
[1533423600, 6050.26, 6062.16, 6062.16, 6055.72, 16.96078439]
[1533420000, 6051.51, 6075.35, 6051.51, 6062.16, 36.4377218]
[1533416400, 6032.55, 6087, 6046.75, 6051.51, 55.50145709]
[1533412800, 6026, 6050, 6044.99, 6046.75, 21.9785158]
[1533409200, 6026, 6046, 6035, 6045, 35.50297657]
[1533405600, 6016.49, 6067.18, 6043.77, 6035.01, 60.89035516]
[1533402000, 6003, 6064.97, 6049.18, 6043.77, 90.5998359]
[1533398400, 6026.3, 6078.96, 6037.99, 6049.18, 90.61435285]
[1533394800, 6000, 6120, 6099.89, 6038.17, 208.83581288]
[1533391200, 6059.18, 6285.01, 6285, 6099.89, 361.29545716]
[1533387600, 6255.55, 6303.52, 6270, 6285.01, 37.28922853]
[1533384000, 6250, 6409.28, 6409.28, 6270, 180.57015943]
[1533380400, 6400.12, 6428.68, 6417.01, 6409.27, 25.15121043]
[1533376800, 6407, 6453.62, 6453.62, 6417, 30.98970606]
[1533373200, 6440, 6461.95, 6461.95, 6453.62, 15.12350261]
[1533369600, 6446.63, 6470, 6446.64, 6461.95, 16.70612229]
[1533366000, 6411.9, 6446.64, 6411.9, 6446.64, 15.07430154]
[1533362400, 6408.91, 6439.75, 6430.01, 6411.91, 20.93582485]
[1533358800, 6421.14, 6460, 6455.01, 6430.02, 26.55891364]
[1533355200, 6441, 6455.01, 6449.49, 6449.15, 2.97906073]
[1533351600, 6446.31, 6457.36, 6455.99, 6449.5, 3.94711855]
[1533348000, 6452.16, 6460, 6452.19, 6455.99, 4.21737461]
[1533344400, 6426.89, 6456.87, 6450, 6452.18, 8.67155198]
[1533340800, 6388.01, 6450, 6414.99, 6450, 22.93081574]
[1533337200, 6351.35, 6423.01, 6420.29, 6415, 31.77152219]
[1533333600, 6385.18, 6433, 6430.64, 6419.09, 50.95863269]
[1533330000, 6392.7, 6432.72, 6393, 6430.64, 35.72353954]
[1533326400, 6379.8, 6408.74, 6385, 6392.99, 35.19929774]
[1533322800, 6377.74, 6454.01, 6453.36, 6385.03, 64.83578066]
[1533319200, 6452.64, 6509, 6508.99, 6453.36, 80.23021693]
[1533315600, 6455.47, 6514.84, 6456.79, 6508.99, 56.78048539]
[1533312000, 6440, 6461.8, 6450, 6457.38, 38.80919752]
[1533308400, 6428.28, 6456.03, 6450.02, 6450, 94.50394734]
[1533304800, 6420.01, 6473.98, 6434.29, 6450.02, 108.57086257]
[1533301200, 6360.5, 6435.71, 6388, 6434.29, 81.51498563]
[1533297600, 6341.97, 6388, 6353.61, 6388, 37.74240132]
[1533294000, 6324.16, 6364.49, 6364.47, 6353.73, 58.74540207]
[1533290400, 6339.95, 6383.01, 6363.5, 6364.49, 60.24019685]
[1533286800, 6339.59, 6381.01, 6381.01, 6363.5, 45.31631777]
[1533283200, 6380.01, 6418.22, 6391, 6381.01, 89.62000139]
[1533279600, 6320.01, 6391, 6361.34, 6391, 78.51262378]
[1533276000, 6316.86, 6371.04, 6325, 6361.34, 58.4388752]
[1533272400, 6320.54, 6358.58, 6358.58, 6325, 36.18525825]
[1533268800, 6311, 6358.99, 6333.5, 6358.98, 49.62859638]
[1533265200, 6336.03, 6358.99, 6356.3, 6341, 4.15210336]
[1533261600, 6326.92, 6361, 6349.58, 6356.3, 25.13633969]
[1533258000, 6326.75, 6384.68, 6384.68, 6348.56, 61.7568658]
[1533254400, 6360, 6510.2, 6510.2, 6384.69, 137.11835013]
[1533250800, 6502.87, 6529, 6520.52, 6510.31, 17.63222377]
[1533247200, 6490.18, 6529.99, 6496.1, 6520.52, 26.44814709]
[1533243600, 6485.63, 6529.56, 6517.69, 6496.1, 33.74323447]
[1533240000, 6508.01, 6537, 6508.03, 6514.01, 43.97062148]
[1533236400, 6479, 6519, 6479.01, 6508.03, 52.48983451]
[1533232800, 6455.07, 6491.01, 6473.8, 6479.01, 50.08356707]
[1533229200, 6471.94, 6528.58, 6519.79, 6473.79, 30.74479795]
[1533225600, 6440.22, 6535.36, 6484.85, 6519.8, 108.96331395]
[1533222000, 6469.52, 6510.74, 6499.67, 6484.45, 53.19016668]
[1533218400, 6458, 6509.24, 6473.51, 6499.68, 43.7067543]
[1533214800, 6450, 6500, 6484.97, 6473.51, 94.08777292]
[1533211200, 6467.56, 6523.37, 6513.6, 6484.97, 75.33798963]
[1533207600, 6506.25, 6528, 6527.52, 6513.6, 38.27826932]
[1533204000, 6514, 6560, 6560, 6527.51, 65.93961777]
[1533200400, 6557.61, 6592.11, 6575.01, 6560, 40.15406093]
[1533196800, 6575, 6606.62, 6597.03, 6575.01, 44.6495784]
[1533193200, 6578, 6628.91, 6578, 6597.04, 99.11328644]
[1533189600, 6577.53, 6595.51, 6580.95, 6578.04, 39.3938657]
[1533186000, 6556.5, 6584.03, 6558.85, 6583.54, 22.94572871]
[1533182400, 6552.4, 6573.49, 6572.68, 6559.79, 9.8810219]
[1533178800, 6558.25, 6592.22, 6585.1, 6573.59, 14.01209256]
[1533175200, 6577.54, 6603.19, 6581.54, 6585.1, 13.79187145]
[1533171600, 6550.01, 6611.51, 6575.1, 6584.57, 27.19762828]
[1533168000, 6518.98, 6588.97, 6524.12, 6575.1, 39.11977643]
[1533164400, 6490.01, 6538.89, 6505.96, 6528.65, 33.05094331]
[1533160800, 6387, 6533.51, 6416.01, 6510, 102.70289965]
[1533157200, 6412.96, 6449.02, 6424.09, 6416.09, 54.70808281]
[1533153600, 6405.41, 6494.9, 6490.01, 6424.73, 87.14948697]
[1533150000, 6466.15, 6499, 6470, 6490, 25.04228618]
[1533146400, 6462.13, 6484.93, 6468.6, 6470, 37.21446865]
[1533142800, 6460.86, 6507, 6483.91, 6468.65, 38.56651989]
[1533139200, 6459, 6535.42, 6522.45, 6483.91, 91.89686413]
[1533135600, 6491, 6527.51, 6497.91, 6522.45, 56.38109354]
[1533132000, 6490.02, 6538.89, 6530.89, 6498.21, 61.25372104]
[1533128400, 6481.01, 6530.89, 6487.21, 6530.89, 115.69233589]
[1533124800, 6469.99, 6502.03, 6470, 6487.21, 37.65288846]
[1533121200, 6451, 6488.75, 6476.28, 6469.9, 49.21609774]
[1533117600, 6456.25, 6509.98, 6509.98, 6483.37, 86.86195002]
[1533114000, 6503.77, 6547.23, 6527, 6509.86, 78.65996768]
[1533110400, 6467.05, 6557.92, 6467.45, 6527, 129.08423112]
[1533106800, 6442.39, 6483.82, 6483.82, 6467.43, 67.0230726]
[1533103200, 6433.66, 6484, 6441.33, 6483.88, 67.7000802]
[1533099600, 6366.22, 6456, 6448, 6438.1, 124.78874022]
[1533096000, 6442.95, 6478.07, 6452.02, 6446.43, 28.71735401]
[1533092400, 6422.79, 6463.7, 6457.98, 6451.86, 50.97880011]
[1533088800, 6418.13, 6475, 6461.99, 6457.97, 92.28729548]
[1533085200, 6456.53, 6571.49, 6560.01, 6456.53, 306.63063748]
[1533081600, 6560, 6612.93, 6612.73, 6560, 28.26388782]
[1533078000, 6550.88, 6638, 6587.06, 6614.43, 80.45290373]
[1533074400, 6584.21, 6603.98, 6603.93, 6587.06, 26.56504214]
[1533070800, 6579.99, 6616.96, 6588.99, 6604.01, 46.9072245]
[1533067200, 6556.46, 6636.2, 6634.91, 6579.57, 65.79133229]
[1533063600, 6605.64, 6646.21, 6627, 6636.23, 48.06245154]
[1533060000, 6582, 6635.89, 6617.12, 6626.91, 89.46949562]
[1533056400, 6601, 6704.49, 6668.31, 6617.26, 117.90713974]
[1533052800, 6601.29, 6669, 6629.01, 6666.93, 82.82858744]
[1533049200, 6560, 6635.9, 6620.16, 6629.8, 115.93186622]
[1533045600, 6551.22, 6652.29, 6618.15, 6620, 170.98496126]
[1533042000, 6610, 6693.66, 6661.38, 6619.64, 164.4930658]
[1533038400, 6625, 6811.61, 6811.6, 6663.01, 366.34221478]
[1533034800, 6786, 6851.66, 6786.01, 6811.6, 87.18762591]
[1533031200, 6780, 6843.35, 6840.01, 6786, 85.15425833]
[1533027600, 6800, 6886.24, 6847.91, 6840.01, 132.34403791]
[1533024000, 6832, 6941.71, 6936.88, 6847.96, 102.09511929]
[1533020400, 6931.05, 6950.01, 6950.01, 6936.89, 31.53277591]
[1533016800, 6948.12, 6963.87, 6949.99, 6950, 31.66615845]
[1533013200, 6924.14, 6952.24, 6933.84, 6952.24, 23.65337653]
[1533009600, 6915, 6944.63, 6941.5, 6933.84, 22.26237995]
[1533006000, 6940.67, 6945, 6940.68, 6941.17, 6.30365885]
[1533002400, 6940.68, 6955.46, 6944.29, 6940.68, 3.78150091]
[1532998800, 6944.29, 6953.31, 6953.3, 6944.29, 5.3944701]
[1532995200, 6950.2, 6985.82, 6985.82, 6953.31, 22.60528354]
[1532991600, 6975.55, 6995, 6975.55, 6988.46, 32.1539113]
[1532988000, 6941.56, 6999, 6946.6, 6975.54, 60.03714025]
[1532984400, 6940.7, 6973.01, 6973.01, 6946.6, 29.06246577]
[1532980800, 6901.62, 6998, 6932.05, 6973, 110.19462695]
[1532977200, 6802.58, 6965.87, 6802.6, 6932.05, 143.60901206]
[1532973600, 6718.34, 6810, 6754.89, 6802.85, 132.42134788]
[1532970000, 6735, 6938.94, 6932.18, 6760, 292.47993211]
[1532966400, 6904.82, 6949.99, 6943.41, 6932.18, 92.23012965]
