[1544486400, 2997, 3015.03, 3015.03, 2998.22, 28.30275422]
[1544482800, 3013.83, 3022.6, 3020.61, 3015.03, 25.58413231]
[1544479200, 3000, 3022.6, 3012, 3020.61, 38.50635105]
[1544475600, 3004.62, 3033.67, 3006.96, 3012.21, 88.04693075]
[1544472000, 2974.09, 3014.67, 2984, 3008.98, 98.1499487]
[1544468400, 2963.44, 3024.15, 3017, 2982.24, 161.46280964]
[1544464800, 3009, 3039.8, 3025.19, 3017, 60.58806518]
[1544461200, 3011.52, 3046.74, 3046.21, 3025.45, 74.91077727]
[1544457600, 2986.01, 3100, 3009.84, 3046.22, 237.44017206]
[1544454000, 3000, 3043.38, 3043.38, 3009.87, 184.77009136]
[1544450400, 3035.57, 3070.01, 3070.01, 3043.31, 112.78269355]
[1544446800, 3047.74, 3078.74, 3047.74, 3070.01, 80.33917236]
[1544443200, 3045.41, 3081.4, 3081.4, 3047.74, 103.25740534]
[1544439600, 3067.98, 3096.49, 3067.98, 3081.73, 97.04104008]
[1544436000, 3060.99, 3078.98, 3067.6, 3067.98, 60.69520871]
[1544432400, 3024.34, 3070, 3058.61, 3065.72, 109.4439901]
[1544428800, 3042.82, 3068.7, 3059.51, 3058.61, 42.82575752]
[1544425200, 3033.11, 3079, 3060, 3060.81, 57.17945938]
[1544421600, 3043.54, 3100.19, 3100.16, 3060, 58.28215474]
[1544418000, 3092.64, 3103, 3094.85, 3099.53, 10.77549049]
[1544414400, 3093.45, 3104.4, 3104.4, 3094.85, 4.87788582]
[1544410800, 3090, 3112.39, 3099.91, 3104.61, 9.59212841]
[1544407200, 3091.61, 3126.9, 3121.99, 3100.18, 8.20186203]
[1544403600, 3121.99, 3150, 3126.6, 3122, 22.13515236]
[1544400000, 3106.36, 3143.29, 3106.88, 3126.55, 29.30148651]
[1544396400, 3100.62, 3122.11, 3101.27, 3106.36, 33.15418716]
[1544392800, 3081, 3119.93, 3107.1, 3101.28, 67.19110004]
[1544389200, 3102.26, 3158, 3153.38, 3107.1, 65.99757463]
[1544385600, 3130, 3160, 3141.77, 3153.38, 69.26028502]
[1544382000, 3132.7, 3151.57, 3150.8, 3141.77, 51.50506565]
[1544378400, 3140.18, 3167.12, 3143.7, 3150.8, 54.51846934]
[1544374800, 3143.7, 3200, 3170, 3143.7, 193.45792344]
[1544371200, 3125.13, 3170, 3148.41, 3170, 89.74062751]
[1544367600, 3071.82, 3162.84, 3095, 3148.4, 95.0282501]
[1544364000, 3065.29, 3123.23, 3065.3, 3095, 180.8045389]
[1544360400, 3020.84, 3086.92, 3027.73, 3067.24, 85.82441208]
[1544356800, 3016.29, 3033.98, 3017.78, 3027.73, 54.39520706]
[1544353200, 2985, 3041.34, 2995.31, 3017.78, 58.97675945]
[1544349600, 2990, 3005.71, 3005.7, 2995.31, 39.24301812]
[1544346000, 3003.64, 3024.74, 3006.67, 3005.09, 34.17862415]
[1544342400, 3003.01, 3012.01, 3004.05, 3006.49, 21.41318732]
[1544338800, 3003, 3030.82, 3026.21, 3004.05, 19.5476665]
[1544335200, 3002.02, 3026.21, 3002.04, 3026.21, 24.76445655]
[1544331600, 2996.84, 3007.06, 3006.63, 3002.04, 11.93943734]
[1544328000, 3003.17, 3007.07, 3005.7, 3006.64, 3.27382891]
[1544324400, 2995, 3022.47, 3022.47, 3005.7, 8.38657776]
[1544320800, 3011.54, 3027.42, 3013.16, 3022.46, 10.1138863]
[1544317200, 2995.28, 3020.15, 3002.52, 3013.16, 14.29317035]
[1544313600, 2995.2, 3020, 3004.25, 3002.75, 34.8340343]
[1544310000, 2982.72, 3059.45, 3048.19, 3004.24, 122.3335345]
[1544306400, 2880, 3060, 2889.22, 3048.18, 218.40760138]
[1544302800, 2870.08, 2943.85, 2940.52, 2889.22, 115.93278921]
[1544299200, 2931.89, 2962.99, 2962.99, 2940.52, 62.94684866]
[1544295600, 2946.21, 2995, 2987.62, 2963, 59.29516994]
[1544292000, 2962.56, 2991.22, 2962.56, 2987.62, 42.61665227]
[1544288400, 2943.1, 2982.25, 2970.86, 2962.56, 61.493564]
[1544284800, 2961.32, 2994, 2961.32, 2970.85, 44.40357608]
[1544281200, 2927.33, 2979.5, 2943.36, 2961.77, 58.79254327]
[1544277600, 2925, 2951.27, 2940.16, 2943.36, 120.94220385]
[1544274000, 2940.03, 2963.37, 2957.92, 2940.16, 36.43778246]
[1544270400, 2933.17, 3005, 3004.99, 2957.91, 75.5033558]
[1544266800, 2985.55, 3010, 2985.56, 3005, 47.91071882]
[1544263200, 2980, 3011.41, 2986.15, 2985.56, 58.00728553]
[1544259600, 2974.11, 2988.99, 2982.71, 2986.01, 67.69219719]
[1544256000, 2972.96, 3020.03, 3020.03, 2983.51, 55.48976793]
[1544252400, 3011.52, 3031.5, 3011.53, 3020.03, 39.69170246]
[1544248800, 2990.43, 3025.7, 3023.52, 3011.53, 230.02435384]
[1544245200, 3014.68, 3056.4, 3040.14, 3023.52, 17.14035722]
[1544241600, 3033.06, 3080.99, 3044.73, 3033.77, 11.69290447]
[1544238000, 3022.3, 3054.76, 3022.3, 3044.8, 12.78666179]
[1544234400, 3000, 3036.12, 3028.73, 3015, 19.36645481]
[1544230800, 3010.1, 3069.99, 3060, 3028.73, 60.39340146]
[1544227200, 2992.84, 3060, 2992.85, 3060, 51.34912343]
[1544223600, 2963.73, 3007.24, 2986.07, 2992.85, 67.60260488]
[1544220000, 2962.26, 2999, 2992.23, 2986.07, 53.06918682]
[1544216400, 2925, 2994.73, 2941.32, 2992.23, 104.91865184]
[1544212800, 2926, 3057.19, 3057.19, 2944.81, 210.2588333]
[1544209200, 2850.09, 3129, 2862.05, 3057.19, 603.70087932]
[1544205600, 2854.65, 2880.19, 2862.3, 2862.08, 125.23173795]
[1544202000, 2851.01, 2884.98, 2881.21, 2862.53, 243.80300999]
[1544198400, 2855, 2944.2, 2940, 2881.21, 532.05396228]
[1544194800, 2940, 3005, 2992.82, 2940.01, 208.53290363]
[1544191200, 2975.31, 3003.66, 2986.06, 2992.83, 124.5262712]
[1544187600, 2972.65, 2993.63, 2985.06, 2986.06, 95.36754708]
[1544184000, 2965, 3000.38, 2980.79, 2981.89, 150.92497948]
[1544180400, 2972.31, 3011.2, 2977.96, 2980.79, 196.47023396]
[1544176800, 2953.74, 2987, 2968.7, 2977.96, 134.46845907]
[1544173200, 2944.99, 2985.57, 2962.94, 2965.23, 227.98911809]
[1544169600, 2955.46, 2999, 2981.62, 2962.94, 142.93128427]
[1544166000, 2969.12, 2999, 2971.6, 2984.48, 132.93549364]
[1544162400, 2949.86, 3009.23, 3009.23, 2971.6, 152.21163269]
[1544158800, 2944.28, 3013.66, 2964.08, 3009.23, 98.80425677]
[1544155200, 2944.28, 2995.29, 2944.29, 2964.08, 60.01679942]
[1544151600, 2925.09, 2972.65, 2958.93, 2944.29, 80.72099305]
[1544148000, 2925.01, 2989, 2962, 2958.94, 97.37570091]
[1544144400, 2945.01, 3175, 2961, 2961.99, 259.28223043]
[1544140800, 2961, 3072.24, 3037.49, 2961, 437.14371875]
[1544137200, 3037.42, 3198.49, 3164.77, 3037.42, 292.98839039]
[1544133600, 3158.73, 3183.88, 3180.19, 3168.09, 60.54208743]
[1544130000, 3172.82, 3213.17, 3198, 3174.01, 75.25941136]
[1544126400, 3187.99, 3209.98, 3209.98, 3198, 50.95661649]
[1544122800, 3155.77, 3210, 3169.17, 3209.97, 81.61966233]
[1544119200, 3137, 3176.36, 3175.75, 3168, 102.35818546]
[1544115600, 3137.86, 3190.04, 3182.27, 3175.75, 144.99087027]
[1544112000, 3142, 3209.36, 3209.36, 3182.28, 219.09796738]
[1544108400, 3152.05, 3268.85, 3236.74, 3209.36, 310.32416678]
[1544104800, 3151.15, 3273.02, 3245, 3236.75, 411.00244854]
[1544101200, 3241, 3297.5, 3297.5, 3245, 160.01396273]
[1544097600, 3283.62, 3345.53, 3338.69, 3297.49, 54.92262719]
[1544094000, 3327.97, 3338.69, 3327.97, 3338.69, 59.7548726]
[1544090400, 3316.06, 3381.01, 3381.01, 3327.97, 106.49957256]
[1544086800, 3375.09, 3399, 3379.63, 3381.01, 62.90044467]
[1544083200, 3368.62, 3385, 3368.62, 3380.01, 55.77569222]
[1544079600, 3356.18, 3372, 3371.88, 3368.62, 41.27093333]
[1544076000, 3358.98, 3385.3, 3373, 3370.24, 28.93287824]
[1544072400, 3220.01, 3379, 3257.5, 3371.72, 202.51902641]
[1544068800, 3255.64, 3289.58, 3283.11, 3259.75, 8.47992707]
[1544065200, 3255, 3296.85, 3262.96, 3283.23, 22.93177239]
[1544061600, 3262.96, 3292.58, 3286.7, 3262.96, 24.79716017]
[1544058000, 3286.69, 3307.1, 3296.19, 3286.69, 19.99066938]
[1544054400, 3267.97, 3303.45, 3267.97, 3296.18, 61.54853896]
[1544050800, 3252.73, 3306, 3285, 3267.93, 86.96947876]
[1544047200, 3282, 3300.55, 3300, 3285, 66.9187224]
[1544043600, 3291, 3320.5, 3305, 3299.39, 54.30725478]
[1544040000, 3283.74, 3305, 3283.75, 3305, 54.47077273]
[1544036400, 3280, 3307.37, 3295.84, 3283.75, 92.57140293]
[1544032800, 3270, 3307.49, 3283.83, 3295.84, 86.17463543]
[1544029200, 3255.01, 3305.02, 3268.71, 3283.83, 159.43392197]
[1544025600, 3256, 3386.63, 3386.63, 3268.86, 327.17891314]
[1544022000, 3371.61, 3393.68, 3385.71, 3382.65, 61.93920157]
[1544018400, 3359, 3400, 3400, 3385.71, 88.63899823]
[1544014800, 3400, 3414.61, 3402, 3400.01, 61.43838642]
[1544011200, 3392.5, 3422.53, 3421.53, 3402, 117.22960601]
[1544007600, 3379.5, 3421.55, 3405.01, 3421.53, 88.3271492]
[1544004000, 3387, 3413.39, 3387, 3405.01, 76.83712192]
[1544000400, 3375.1, 3386.41, 3377.73, 3386.41, 50.14905216]
[1543996800, 3357.03, 3385.01, 3363, 3375.19, 59.38893555]
[1543993200, 3355.45, 3413.52, 3413.52, 3362.99, 63.22108426]
[1543989600, 3396.72, 3416.6, 3415.4, 3413.53, 26.86134358]
[1543986000, 3385, 3417.26, 3388.22, 3415.39, 14.69994921]
[1543982400, 3376.46, 3396.9, 3396.9, 3388.21, 20.64884599]
[1543978800, 3396.91, 3412.57, 3410, 3396.91, 14.12974813]
[1543975200, 3377.72, 3430.06, 3430.06, 3409.74, 43.98593237]
[1543971600, 3430, 3454.54, 3454.54, 3430.05, 12.3710318]
[1543968000, 3444.21, 3458.2, 3449.99, 3454.54, 13.27392245]
[1543964400, 3433.34, 3450, 3448.76, 3450, 27.60107797]
[1543960800, 3436.7, 3452.78, 3451.12, 3446.56, 37.05163719]
[1543957200, 3411.83, 3457.86, 3421, 3452.07, 56.72888149]
[1543953600, 3421, 3460.27, 3460, 3421, 46.13144164]
[1543950000, 3449.13, 3473.95, 3463.16, 3460, 53.14195782]
[1543946400, 3435.9, 3467, 3462.29, 3463.23, 56.62844003]
[1543942800, 3451, 3482.5, 3482.5, 3462.29, 61.0549142]
[1543939200, 3461, 3511.71, 3507.63, 3482.5, 92.49176848]
[1543935600, 3495, 3562.92, 3519.96, 3507.62, 135.55049308]
[1543932000, 3487, 3524.99, 3487.04, 3518.42, 188.88305531]
[1543928400, 3459.92, 3492.76, 3478.15, 3487.05, 67.1092736]
[1543924800, 3470.7, 3485, 3475, 3478.16, 52.35947251]
[1543921200, 3453.49, 3475.01, 3468.98, 3475, 81.29632006]
[1543917600, 3462, 3499, 3492.94, 3468.98, 70.32571468]
[1543914000, 3476.79, 3495, 3477.09, 3492.94, 66.00377148]
[1543910400, 3466.93, 3500, 3496.43, 3477.63, 92.73659461]
[1543906800, 3463.99, 3496.43, 3466.47, 3496.43, 63.34077866]
[1543903200, 3301.21, 3499, 3326.32, 3466.46, 113.85253865]
[1543899600, 3308.78, 3368.03, 3360.04, 3324.08, 46.35167278]
[1543896000, 3354.98, 3370, 3361.12, 3360.24, 13.56117065]
[1543892400, 3325, 3392.25, 3392.25, 3361.63, 87.8237938]
[1543888800, 3392.24, 3410, 3410, 3392.25, 3.48940428]
[1543885200, 3402.92, 3419.8, 3407.75, 3409.54, 22.75276104]
[1543881600, 3363.2, 3426.12, 3390.01, 3407.75, 48.26411357]
[1543878000, 3390, 3416.64, 3400.03, 3390.01, 49.81892792]
[1543874400, 3400, 3432.26, 3426.89, 3400.04, 64.14380598]
[1543870800, 3386.98, 3426.91, 3391.12, 3426.89, 90.92165513]
[1543867200, 3360.5, 3395.48, 3377.01, 3391.12, 52.38338051]
[1543863600, 3367.63, 3398.74, 3396.08, 3377, 68.56009854]
[1543860000, 3385.38, 3410.17, 3393.52, 3396.14, 92.83872233]
[1543856400, 3363.34, 3393.67, 3385.71, 3393.67, 111.53943475]
[1543852800, 3326.82, 3390, 3385.33, 3385.71, 236.69661535]
[1543849200, 3352.35, 3489.76, 3488.46, 3385.33, 497.81040863]
[1543845600, 3488, 3538.53, 3525.55, 3488.46, 119.64447529]
[1543842000, 3510, 3538.23, 3537.37, 3527.03, 65.60001142]
[1543838400, 3518.93, 3555.16, 3523.92, 3537.37, 77.68266794]
[1543834800, 3512.68, 3530.01, 3530.01, 3523.92, 51.63896292]
[1543831200, 3520.95, 3540.01, 3520.96, 3530.01, 57.00600444]
[1543827600, 3504.98, 3541.48, 3518.99, 3520.96, 67.30461201]
[1543824000, 3470.3, 3519, 3504, 3518.99, 106.80041159]
[1543820400, 3480.01, 3508.99, 3502.69, 3503.99, 58.12341626]
[1543816800, 3475.01, 3502.81, 3490, 3502.69, 37.19279503]
[1543813200, 3490, 3521.41, 3521.41, 3490, 46.96832927]
[1543809600, 3491.79, 3524.69, 3506, 3521.41, 24.05055385]
[1543806000, 3472.52, 3506, 3483.15, 3506, 18.94432314]
[1543802400, 3454.99, 3612.02, 3612.02, 3483.23, 160.28361933]
[1543798800, 3597.2, 3626.68, 3605.91, 3612.02, 8.11883779]
[1543795200, 3582.5, 3643.36, 3630.13, 3610.82, 40.21551354]
[1543791600, 3604.02, 3660, 3644.54, 3630.14, 27.99266841]
[1543788000, 3626.75, 3687.31, 3687.31, 3647.8, 46.99415082]
[1543784400, 3670.15, 3713.03, 3690.76, 3687.3, 77.14736596]
[1543780800, 3646.17, 3699, 3649.09, 3690.76, 53.57718161]
[1543777200, 3614.28, 3661.99, 3641.27, 3649.08, 45.56581245]
[1543773600, 3632.33, 3651.96, 3639.98, 3641.27, 27.5048573]
[1543770000, 3623, 3654.99, 3654.99, 3639.98, 39.5022836]
[1543766400, 3631.61, 3662.65, 3650.01, 3654.99, 26.87098069]
