[1545926400, 3303.33, 3314.99, 3303.33, 3313.07, 57.29210202]
[1545922800, 3290, 3315.01, 3315.01, 3303.33, 99.71883472]
[1545919200, 3315, 3328.5, 3328.16, 3315.01, 43.10258619]
[1545915600, 3320.23, 3335, 3326.53, 3328.17, 93.74777331]
[1545912000, 3315.14, 3327, 3320, 3326.54, 88.67538179]
[1545908400, 3296.11, 3322.61, 3311.9, 3320, 59.00331763]
[1545904800, 3311, 3335, 3323.99, 3313.22, 121.62761806]
[1545901200, 3300.11, 3332.32, 3309.07, 3323.99, 79.57147737]
[1545897600, 3303.91, 3333.33, 3317.9, 3307.01, 41.87154567]
[1545894000, 3296.12, 3325.34, 3315.36, 3317.9, 49.32107171]
[1545890400, 3301.79, 3316.71, 3301.79, 3315.36, 11.30219271]
[1545886800, 3289.64, 3312.85, 3312.84, 3301.79, 49.02190148]
[1545883200, 3310.02, 3321.45, 3311.1, 3312.84, 5.06603941]
[1545879600, 3310, 3329.93, 3325.3, 3310, 12.36178549]
[1545876000, 3310, 3330.01, 3330.01, 3325.3, 20.39174785]
[1545872400, 3323.76, 3391.54, 3372.65, 3330, 38.61760516]
[1545868800, 3351.54, 3379.18, 3379.17, 3372.65, 42.71866265]
[1545865200, 3376, 3391.54, 3381.52, 3379.17, 29.21705044]
[1545861600, 3347, 3390, 3347, 3381.24, 55.47650419]
[1545858000, 3331.14, 3357.07, 3342.94, 3347, 28.07097965]
[1545854400, 3340.64, 3375.01, 3366.45, 3344.91, 34.57375979]
[1545850800, 3330.14, 3375, 3330.14, 3366.45, 83.89832006]
[1545847200, 3315.43, 3334.24, 3332, 3330.14, 26.67272708]
[1545843600, 3306.02, 3332, 3324, 3332, 33.82167773]
[1545840000, 3291.65, 3330, 3306.16, 3324, 36.39287959]
[1545836400, 3284.2, 3313.88, 3286.71, 3305.37, 68.93638117]
[1545832800, 3275, 3340.89, 3340.89, 3286.71, 86.07513394]
[1545829200, 3326.28, 3348.5, 3332.94, 3340.89, 28.63707021]
[1545825600, 3309.11, 3339.94, 3326.72, 3332.95, 51.29639917]
[1545822000, 3318.4, 3329, 3324.98, 3326.72, 41.57393936]
[1545818400, 3309.11, 3324.12, 3309.11, 3324.12, 46.39582004]
[1545814800, 3303.71, 3335.65, 3326.01, 3309.12, 82.17517837]
[1545811200, 3312, 3344.94, 3344.34, 3325.99, 35.60240809]
[1545807600, 3325, 3362.23, 3350.02, 3343.15, 22.42915464]
[1545804000, 3350, 3390.2, 3390.2, 3350.02, 14.12986841]
[1545800400, 3374.05, 3395.12, 3378.53, 3390.2, 5.22167045]
[1545796800, 3370.33, 3387.54, 3387.54, 3379.15, 18.40071822]
[1545793200, 3384.91, 3435.43, 3398.88, 3387.54, 80.68838922]
[1545789600, 3383.02, 3411.35, 3391.25, 3398.89, 21.36590934]
[1545786000, 3344.57, 3420, 3344.58, 3397.1, 47.24270879]
[1545782400, 3317.22, 3346.96, 3341.98, 3344.58, 45.05516736]
[1545778800, 3321, 3350.01, 3342.83, 3341.98, 54.36298784]
[1545775200, 3337.12, 3378.5, 3355.99, 3344.68, 76.62237239]
[1545771600, 3342.91, 3363.86, 3350.94, 3355.99, 44.08652571]
[1545768000, 3310, 3382.75, 3310, 3350.94, 162.79906158]
[1545764400, 3294.81, 3319.62, 3300.91, 3309.99, 59.29443666]
[1545760800, 3269.01, 3306.67, 3278.44, 3301, 76.45870644]
[1545757200, 3260.01, 3305.92, 3305.92, 3278.43, 72.57258653]
[1545753600, 3289.4, 3321.03, 3289.4, 3307.77, 54.86278475]
[1545750000, 3257.7, 3326.9, 3317.36, 3289.4, 155.60256247]
[1545746400, 3311.02, 3340.94, 3331.01, 3317.36, 71.81443513]
[1545742800, 3330, 3342.61, 3339.39, 3331, 41.74696227]
[1545739200, 3311.96, 3340.99, 3329.29, 3340.01, 38.4568483]
[1545735600, 3257.27, 3338.9, 3325.49, 3329.94, 135.00711058]
[1545732000, 3321, 3359.8, 3357.57, 3322.38, 68.95471611]
[1545728400, 3309.04, 3375, 3309.05, 3357.56, 102.15048029]
[1545724800, 3300.01, 3348.52, 3328.01, 3309.66, 112.6947675]
[1545721200, 3326.44, 3370.65, 3326.44, 3328.01, 50.60496822]
[1545717600, 3324, 3359.77, 3350, 3326.43, 24.87315994]
[1545714000, 3318.07, 3360.13, 3318.07, 3350.01, 40.76482005]
[1545710400, 3300, 3336.66, 3300.01, 3318.06, 25.60822171]
[1545706800, 3300, 3370.38, 3370.38, 3300, 86.27574952]
[1545703200, 3353.02, 3395.93, 3372.23, 3373.41, 54.31562406]
[1545699600, 3359.99, 3395.06, 3360, 3372.23, 71.42430475]
[1545696000, 3350.91, 3566.9, 3559.99, 3360, 333.91916544]
[1545692400, 3545, 3583.53, 3581, 3559.98, 41.29296476]
[1545688800, 3570, 3583.64, 3579, 3581, 45.84413442]
[1545685200, 3542.13, 3579, 3547.81, 3579, 91.66159771]
[1545681600, 3540, 3561.99, 3546.99, 3547.82, 36.15789808]
[1545678000, 3509.57, 3570.29, 3570.29, 3546.99, 93.18739069]
[1545674400, 3553.94, 3597.12, 3592, 3570.29, 82.80033762]
[1545670800, 3581, 3604.13, 3595, 3591.99, 105.44528657]
[1545667200, 3530, 3604.15, 3575.69, 3595.01, 146.2435854]
[1545663600, 3575.69, 3733.03, 3705, 3575.7, 326.68552227]
[1545660000, 3644, 3710, 3664.01, 3705, 147.6468107]
[1545656400, 3641.7, 3670, 3641.71, 3664.01, 102.91137681]
[1545652800, 3641.7, 3662.76, 3652.64, 3641.71, 96.74127121]
[1545649200, 3641, 3669, 3642.93, 3652.65, 89.90598241]
[1545645600, 3628.05, 3719.4, 3717.75, 3642.93, 226.7844385]
[1545642000, 3698.3, 3725, 3709.37, 3717.75, 117.34957678]
[1545638400, 3707.34, 3728.34, 3707.35, 3709.37, 106.70400237]
[1545634800, 3695.01, 3735.17, 3707.39, 3707.34, 82.77447673]
[1545631200, 3683.73, 3736.21, 3726.13, 3707.39, 42.57687749]
[1545627600, 3678.38, 3740, 3678.38, 3726.14, 65.49314688]
[1545624000, 3659.33, 3688.08, 3688.08, 3678.38, 24.98390576]
[1545620400, 3675.22, 3689.79, 3680, 3688.08, 20.01336651]
[1545616800, 3664.48, 3697.5, 3697.5, 3680, 26.49982759]
[1545613200, 3662.16, 3703.55, 3687.92, 3697.5, 56.72863743]
[1545609600, 3499, 3705, 3499, 3691.93, 282.72534988]
[1545606000, 3489.32, 3512.31, 3504.54, 3499.01, 22.91433564]
[1545602400, 3480, 3511.17, 3511.17, 3504.54, 42.69674859]
[1545598800, 3502.13, 3528.97, 3511.36, 3511.17, 23.57618323]
[1545595200, 3495.01, 3527, 3512.87, 3511.36, 45.69555323]
[1545591600, 3512.86, 3538.74, 3538.74, 3512.87, 33.10550824]
[1545588000, 3505.24, 3547.92, 3516, 3538.74, 43.4926524]
[1545584400, 3500.82, 3520, 3515.15, 3516, 24.25617864]
[1545580800, 3486.45, 3525.9, 3495.01, 3520.85, 41.06796685]
[1545577200, 3463.01, 3524.28, 3524.28, 3495.01, 97.02712195]
[1545573600, 3519, 3567.97, 3567.97, 3524.39, 42.92091788]
[1545570000, 3535, 3574.98, 3559.76, 3567.96, 47.95697443]
[1545566400, 3550.1, 3577.65, 3568.36, 3559.79, 45.89277605]
[1545562800, 3548.46, 3580, 3570, 3568.35, 81.51716376]
[1545559200, 3505.21, 3579.9, 3538.39, 3570, 152.70703842]
[1545555600, 3526.13, 3548.99, 3530, 3538.4, 61.38299736]
[1545552000, 3520.72, 3545, 3524.5, 3529, 45.28180422]
[1545548400, 3488, 3533.58, 3533.58, 3524.51, 34.66408281]
[1545544800, 3516.63, 3548.75, 3548.75, 3533.58, 22.22858773]
[1545541200, 3521.31, 3548.75, 3536.8, 3548.75, 11.53120037]
[1545537600, 3528.5, 3549.7, 3549.01, 3536.79, 5.14491547]
[1545534000, 3515.85, 3549.01, 3517.24, 3549.01, 16.49894732]
[1545530400, 3515.22, 3536.4, 3534.34, 3519.5, 10.7416796]
[1545526800, 3500.27, 3548.11, 3536.63, 3534.34, 53.90555796]
[1545523200, 3483.4, 3540, 3519, 3536.63, 108.22167471]
[1545519600, 3428.03, 3539.99, 3428.03, 3518.99, 105.40863248]
[1545516000, 3408, 3447.52, 3447.52, 3428.03, 29.41220824]
[1545512400, 3442.15, 3467.78, 3450.11, 3447.63, 33.30104769]
[1545508800, 3438.28, 3469.99, 3448.25, 3450.12, 59.85092592]
[1545505200, 3417.23, 3449, 3428.86, 3448.25, 57.47429039]
[1545501600, 3402.43, 3428.86, 3402.44, 3428.86, 37.96984282]
[1545498000, 3400.01, 3425.8, 3425.8, 3402.44, 28.06145552]
[1545494400, 3381.48, 3435, 3404, 3425.8, 65.51132242]
[1545490800, 3388.04, 3410, 3395.07, 3407.01, 36.77660789]
[1545487200, 3370, 3399.98, 3399.96, 3395.08, 59.36215608]
[1545483600, 3389.22, 3410, 3398.01, 3399.98, 40.80561461]
[1545480000, 3386.76, 3438.55, 3437.99, 3398, 52.59622571]
[1545476400, 3420.5, 3465, 3460.01, 3438, 67.57894937]
[1545472800, 3460, 3487, 3479, 3460.01, 56.76322882]
[1545469200, 3397.61, 3479, 3397.61, 3478.99, 78.93752947]
[1545465600, 3395.6, 3422.56, 3397.84, 3404.89, 53.13512325]
[1545462000, 3371.21, 3406.49, 3380.6, 3397.84, 46.0915586]
[1545458400, 3368.06, 3386.18, 3379.51, 3380.59, 113.42648994]
[1545454800, 3358, 3379.51, 3364.52, 3379.42, 14.96224589]
[1545451200, 3362.01, 3389.42, 3380, 3364.51, 35.63576218]
[1545447600, 3379.6, 3394.94, 3394.94, 3380, 19.7843318]
[1545444000, 3370.99, 3396.02, 3385.82, 3394.93, 10.31208156]
[1545440400, 3370.07, 3400.01, 3400.01, 3385.83, 24.80946154]
[1545436800, 3395.63, 3419, 3401.7, 3400.01, 25.81087658]
[1545433200, 3368.7, 3425, 3387.66, 3401.7, 51.07639431]
[1545429600, 3375.07, 3429.25, 3407.03, 3392.97, 86.83941897]
[1545426000, 3348.53, 3407.04, 3348.55, 3407.03, 132.91687261]
[1545422400, 3340, 3391.5, 3363.77, 3348.55, 200.20382679]
[1545418800, 3354.61, 3487.27, 3485.69, 3363.77, 206.0081969]
[1545415200, 3430.01, 3486.15, 3476, 3485.69, 122.27418915]
[1545411600, 3465.25, 3519, 3465.25, 3475.99, 95.64954937]
[1545408000, 3451.65, 3522.33, 3496.41, 3465.25, 140.32021195]
[1545404400, 3487.82, 3548.03, 3548.02, 3496.4, 154.75283693]
[1545400800, 3531, 3565.71, 3556, 3548.03, 130.02297733]
[1545397200, 3541, 3589.9, 3563.97, 3556.01, 135.03282708]
[1545393600, 3514.86, 3597.35, 3541.41, 3564.07, 196.61689452]
[1545390000, 3526.77, 3560, 3538.99, 3541.41, 156.1780192]
[1545386400, 3495, 3544.59, 3507.34, 3539, 119.02004676]
[1545382800, 3500, 3599, 3578, 3507.35, 263.56875345]
[1545379200, 3528.02, 3588.99, 3530.33, 3578, 222.65668918]
[1545375600, 3482.01, 3535, 3518.5, 3530.33, 124.23945584]
[1545372000, 3460, 3529, 3474.33, 3511.46, 81.08251332]
[1545368400, 3435, 3533.55, 3533.54, 3474.34, 101.77874951]
[1545364800, 3520.22, 3545, 3545, 3533.55, 19.87626016]
[1545361200, 3501, 3548.72, 3538.77, 3545, 20.96547603]
[1545357600, 3522.54, 3635, 3628.17, 3538.77, 42.01802225]
[1545354000, 3540.01, 3644.98, 3555.23, 3628.17, 77.25776167]
[1545350400, 3533, 3575.81, 3575.8, 3555.22, 55.37651898]
[1545346800, 3551.39, 3581, 3575.5, 3575.81, 106.48281809]
[1545343200, 3511.66, 3588.61, 3511.66, 3573.12, 179.42279934]
[1545339600, 3413.07, 3511.66, 3417.01, 3511.66, 196.91284167]
[1545336000, 3401, 3548.26, 3541.92, 3417, 403.20168828]
[1545332400, 3537.07, 3548.95, 3544.74, 3541.92, 92.59170152]
[1545328800, 3537.86, 3578.15, 3562.99, 3544.74, 215.45809882]
[1545325200, 3550, 3672.38, 3640.01, 3563, 329.08856148]
[1545321600, 3530, 3652.79, 3535, 3640.01, 473.83339133]
[1545318000, 3516.27, 3574, 3535, 3535.01, 298.09112928]
[1545314400, 3513.19, 3544, 3537.32, 3535, 105.58482145]
[1545310800, 3494.3, 3595, 3584.48, 3533.21, 245.90860271]
[1545307200, 3530.03, 3593.86, 3532.04, 3584.54, 215.99986138]
[1545303600, 3525, 3595, 3554.64, 3535.07, 312.87872211]
[1545300000, 3514.97, 3594, 3567, 3554.67, 266.16204736]
[1545296400, 3494, 3580, 3494.02, 3567, 438.39427799]
[1545292800, 3288.99, 3538.39, 3289, 3494.02, 627.72609461]
[1545289200, 3256, 3289, 3275.1, 3289, 40.12910967]
[1545285600, 3244.73, 3278.73, 3255.01, 3275.11, 25.69479223]
[1545282000, 3250.08, 3295.17, 3295.17, 3255.01, 34.14140101]
[1545278400, 3272.56, 3299.57, 3278.31, 3295.17, 16.7197808]
[1545274800, 3269.7, 3293.81, 3286.78, 3278.31, 21.2529663]
[1545271200, 3280, 3313.99, 3290.83, 3286.79, 41.7983955]
[1545267600, 3269.95, 3298.84, 3270, 3290.83, 28.6619297]
[1545264000, 3229.35, 3271.27, 3244.06, 3270, 34.29429703]
[1545260400, 3241.68, 3287.78, 3281, 3244.05, 76.7742513]
[1545256800, 3221.1, 3281, 3221.1, 3280.99, 107.00375576]
[1545253200, 3215.1, 3289.82, 3289.82, 3221.05, 212.44547788]
[1545249600, 3272, 3334.17, 3327.57, 3290.38, 275.75021223]
[1545246000, 3322.22, 3359.89, 3335.61, 3329.06, 144.05669277]
[1545242400, 3318, 3350.97, 3335.77, 3335.61, 124.73867503]
[1545238800, 3311.02, 3366, 3350.03, 3335.78, 127.95597109]
[1545235200, 3310.65, 3358.16, 3320.99, 3350.03, 114.14942191]
[1545231600, 3282.91, 3367.44, 3340.47, 3321, 263.69671524]
[1545228000, 3336.71, 3420, 3420, 3340.47, 327.66067554]
[1545224400, 3374.14, 3484.5, 3391.85, 3420, 434.16470508]
[1545220800, 3374, 3440, 3383, 3391.86, 293.98531221]
[1545217200, 3360.1, 3490, 3376.03, 3383, 616.54189896]
[1545213600, 3303.08, 3386.95, 3303.09, 3376.03, 295.54690333]
[1545210000, 3290.2, 3320, 3290.21, 3303.09, 240.36849849]
[1545206400, 3275.9, 3293.38, 3275.99, 3290.21, 138.49922024]
