[1542326400, 4890, 4960.03, 4916.49, 4897.05, 25.44945998]
[1542322800, 4852.68, 4921, 4865.5, 4921, 41.11295956]
[1542319200, 4822.49, 4869.29, 4831.31, 4865.51, 51.28123761]
[1542315600, 4801.01, 4850.35, 4850.35, 4831.32, 62.87344877]
[1542312000, 4844.01, 4891.12, 4885.65, 4854.73, 56.94063265]
[1542308400, 4849.33, 4889, 4875.51, 4885.66, 57.33204829]
[1542304800, 4838.71, 4880.3, 4860.01, 4876.89, 65.15677573]
[1542301200, 4825, 4900, 4833.01, 4860.01, 135.7727883]
[1542297600, 4732.6, 4862.97, 4836.22, 4833.01, 219.68312985]
[1542294000, 4640.01, 4911.55, 4643, 4836.22, 385.44233384]
[1542290400, 4641.89, 4807.35, 4807.35, 4641.89, 309.88715281]
[1542286800, 4797, 4815.56, 4811.24, 4807.35, 70.35144261]
[1542283200, 4802, 4849.98, 4805.86, 4811.24, 87.12225457]
[1542279600, 4756.01, 4841.28, 4810.48, 4805.86, 134.8681604]
[1542276000, 4781, 4980, 4954.59, 4813, 238.89724214]
[1542272400, 4930, 4971, 4930.93, 4954.59, 83.41392158]
[1542268800, 4930.04, 4968.34, 4939.7, 4930.93, 68.43633365]
[1542265200, 4909.33, 4966.99, 4915.3, 4939.7, 132.46166411]
[1542261600, 4868.96, 4944.68, 4929.85, 4941.56, 86.27211736]
[1542258000, 4890.82, 4930, 4905.65, 4930, 24.12574606]
[1542254400, 4840, 4923.78, 4923.78, 4905.65, 50.24530936]
[1542250800, 4897, 4932.1, 4897, 4923.76, 26.07927408]
[1542247200, 4877.03, 4966.04, 4964.12, 4897, 51.43418612]
[1542243600, 4950.5, 4994.54, 4979.72, 4972.42, 27.57770417]
[1542240000, 4920, 5030.98, 4998.99, 4979.9, 59.22107108]
[1542236400, 4830, 4999.02, 4930.01, 4998.99, 167.77968329]
[1542232800, 4900, 4972.13, 4967.7, 4930, 120.10879625]
[1542229200, 4825, 5020, 4830, 4969.11, 316.56421645]
[1542225600, 4740, 4950, 4948.95, 4830, 367.00171541]
[1542222000, 4840.99, 5070, 5050.01, 4948.95, 494.80881572]
[1542218400, 5026, 5153.37, 5153.37, 5050.01, 268.73062616]
[1542214800, 5020.01, 5200, 5131.29, 5153.37, 486.89250968]
[1542211200, 5002, 5450, 5380.01, 5131.29, 1066.76359803]
[1542207600, 5380, 5465.47, 5451.23, 5380, 201.08217925]
[1542204000, 5450.01, 5509.15, 5509.15, 5451.24, 149.12795963]
[1542200400, 5507.5, 5525.01, 5525.01, 5509.15, 43.16224504]
[1542196800, 5519.59, 5536.4, 5519.6, 5525, 45.29066854]
[1542193200, 5502, 5520.85, 5520.85, 5519.6, 68.70595854]
[1542189600, 5509.47, 5563.67, 5560.09, 5520.85, 151.58362493]
[1542186000, 5560.08, 5586.01, 5586.01, 5560.08, 44.06204088]
[1542182400, 5578.2, 5593.77, 5578.21, 5586.01, 22.57281663]
[1542178800, 5577, 5593.5, 5587.89, 5578.21, 20.80228325]
[1542175200, 5586.98, 5594.47, 5587, 5587.47, 11.14520393]
[1542171600, 5569.64, 5587, 5569.64, 5587, 8.37241797]
[1542168000, 5569.63, 5569.64, 5569.63, 5569.63, 3.7408762]
[1542164400, 5569.63, 5570, 5570, 5569.64, 1.13617192]
[1542160800, 5569.17, 5575.5, 5569.17, 5570, 2.39368339]
[1542157200, 5563.47, 5572.3, 5564.76, 5569.16, 3.42397297]
[1542153600, 5550, 5569.61, 5569.61, 5564.76, 45.23017804]
[1542150000, 5568.51, 5590.04, 5590.04, 5569.61, 42.20950697]
[1542146400, 5590.03, 5591.44, 5591.44, 5590.04, 15.31124624]
[1542142800, 5591.43, 5594.04, 5594.04, 5591.43, 21.71124667]
[1542139200, 5594.03, 5598.98, 5598, 5594.04, 31.42147518]
[1542135600, 5597.32, 5600.77, 5597.33, 5598.01, 21.97753121]
[1542132000, 5597.32, 5617.81, 5612.57, 5597.33, 29.98489774]
[1542128400, 5599.83, 5619.63, 5599.83, 5612.57, 32.16702782]
[1542124800, 5597.54, 5605.97, 5599.12, 5599.83, 53.28272847]
[1542121200, 5594.49, 5604.67, 5594.5, 5599.12, 38.80591562]
[1542117600, 5591.1, 5606.66, 5604.29, 5594.5, 50.77606556]
[1542114000, 5601.78, 5615.33, 5610, 5604.28, 38.25150165]
[1542110400, 5610, 5619.81, 5614.99, 5610.01, 49.32087872]
[1542106800, 5613, 5618.77, 5615, 5614.99, 38.67213783]
[1542103200, 5615.01, 5623.36, 5623.35, 5615.01, 31.06726865]
[1542099600, 5612.96, 5639.46, 5612.96, 5623.35, 40.72658993]
[1542096000, 5609.29, 5643.69, 5629.6, 5615.98, 55.03748364]
[1542092400, 5605.02, 5633, 5626.34, 5629.6, 26.18182807]
[1542088800, 5623.01, 5630, 5629.13, 5627.13, 10.67761944]
[1542085200, 5610.72, 5629.4, 5627.01, 5629.13, 4.30109449]
[1542081600, 5627, 5631.84, 5627.01, 5627.01, 1.91117366]
[1542078000, 5626.39, 5630.39, 5626.4, 5627.01, 5.11761566]
[1542074400, 5597.02, 5626.4, 5621, 5626.4, 32.9215668]
[1542070800, 5621, 5645.32, 5645.32, 5621, 14.01371968]
[1542067200, 5645.26, 5649.48, 5649.48, 5645.32, 6.97931589]
[1542063600, 5641.95, 5650, 5641.95, 5649.48, 23.41309415]
[1542060000, 5641.94, 5644.05, 5644.05, 5641.95, 19.79044423]
[1542056400, 5644, 5659.37, 5654.2, 5644.05, 26.94052738]
[1542052800, 5654.05, 5655.83, 5655.83, 5654.19, 21.01726823]
[1542049200, 5642.31, 5656.36, 5648.24, 5655.01, 27.20391324]
[1542045600, 5648.23, 5654.61, 5653.39, 5648.23, 33.73912156]
[1542042000, 5650, 5653.39, 5650.01, 5653.39, 22.3339906]
[1542038400, 5650, 5656.06, 5653.16, 5650.01, 34.40680194]
[1542034800, 5651, 5662.04, 5662.01, 5653.17, 32.50164571]
[1542031200, 5659.99, 5668.99, 5660, 5662.01, 34.11830562]
[1542027600, 5655, 5664.01, 5661.77, 5660, 23.14984326]
[1542024000, 5651, 5670, 5655.65, 5661.77, 65.0319145]
[1542020400, 5651, 5659.39, 5655, 5655.66, 51.98754434]
[1542016800, 5652.02, 5662, 5662, 5655, 26.33673658]
[1542013200, 5649.01, 5663, 5654.99, 5661.99, 36.82160292]
[1542009600, 5647, 5655, 5647.01, 5654.99, 23.49582887]
[1542006000, 5637.04, 5658.28, 5637.5, 5647.01, 68.93774598]
[1542002400, 5630.78, 5638.31, 5633.79, 5637.5, 7.22504092]
[1541998800, 5627.97, 5636.78, 5628.2, 5633.79, 6.19664901]
[1541995200, 5628.19, 5632.28, 5629.98, 5628.19, 2.02702256]
[1541991600, 5629.98, 5630, 5630, 5629.98, 2.4980314]
[1541988000, 5629.98, 5632.18, 5632.15, 5629.99, 2.440578]
[1541984400, 5630.71, 5639.98, 5639.98, 5632.15, 7.93898625]
[1541980800, 5619.75, 5640, 5619.75, 5639.98, 26.56522013]
[1541977200, 5594.3, 5619.75, 5598.62, 5619.74, 21.11175615]
[1541973600, 5594.68, 5600.5, 5600.45, 5598.62, 9.78071707]
[1541970000, 5600.01, 5610.99, 5610.99, 5600.44, 17.97287346]
[1541966400, 5607.37, 5611, 5611, 5610.98, 17.74487351]
[1541962800, 5599, 5611, 5599.01, 5611, 17.52946913]
[1541959200, 5591.99, 5599, 5592, 5599, 10.94232045]
[1541955600, 5585.62, 5592, 5585.63, 5592, 12.17886517]
[1541952000, 5572, 5589, 5584.44, 5585.63, 22.79447669]
[1541948400, 5566.77, 5609.04, 5609.04, 5584.45, 34.21741127]
[1541944800, 5609.03, 5609.04, 5609.04, 5609.04, 7.75635541]
[1541941200, 5609.03, 5619.01, 5619.01, 5609.04, 10.82980219]
[1541937600, 5612.78, 5622.49, 5618.02, 5619.01, 11.00609269]
[1541934000, 5617.2, 5618.03, 5617.21, 5618.03, 7.89176405]
[1541930400, 5616, 5624.97, 5624.97, 5617.21, 18.16226423]
[1541926800, 5622.04, 5624.97, 5622.05, 5624.97, 8.37728121]
[1541923200, 5622.02, 5622.05, 5622.04, 5622.05, 7.31990817]
[1541919600, 5621.47, 5622.04, 5621.47, 5622.04, 4.56918251]
[1541916000, 5614.61, 5621.48, 5618.22, 5621.47, 3.8172052]
[1541912400, 5614.63, 5621.98, 5621.98, 5618.23, 6.07105203]
[1541908800, 5618.45, 5621.98, 5620.1, 5621.97, 1.03955032]
[1541905200, 5618.5, 5624.75, 5624.73, 5618.5, 2.19867954]
[1541901600, 5619.73, 5624.75, 5622.76, 5624.75, 7.37107534]
[1541898000, 5621, 5624.76, 5622.31, 5624.59, 2.43445382]
[1541894400, 5619.95, 5625.5, 5621.01, 5622.32, 8.12436088]
[1541890800, 5621, 5626.42, 5626.42, 5621.01, 10.09255124]
[1541887200, 5625.58, 5630, 5628.99, 5626.42, 8.66260363]
[1541883600, 5628.99, 5629.06, 5628.99, 5629, 11.41714724]
[1541880000, 5625.94, 5629, 5625.95, 5629, 10.50990037]
[1541876400, 5625.28, 5634.49, 5634.48, 5625.94, 9.31652518]
[1541872800, 5626, 5638.59, 5638.59, 5634.48, 11.55972856]
[1541869200, 5635.86, 5639, 5639, 5638.58, 19.2562111]
[1541865600, 5629.49, 5643.41, 5629.5, 5639.52, 33.97976327]
[1541862000, 5629.49, 5629.5, 5629.5, 5629.5, 11.79125781]
[1541858400, 5628, 5638.55, 5638.54, 5629.5, 15.21746561]
[1541854800, 5633, 5639.3, 5633.01, 5638.54, 11.03947884]
[1541851200, 5630.11, 5633.46, 5630.11, 5633.01, 13.51024477]
[1541847600, 5613.46, 5633, 5613.47, 5630.4, 18.00925818]
[1541844000, 5613.46, 5623.95, 5623.95, 5613.47, 12.85143576]
[1541840400, 5618, 5623.95, 5623.95, 5623.95, 15.58708268]
[1541836800, 5618.01, 5623.95, 5621.01, 5623.95, 11.04957599]
[1541833200, 5614.21, 5622, 5620.02, 5621.2, 12.9194971]
[1541829600, 5617, 5620.02, 5617, 5620.01, 3.24609953]
[1541826000, 5614.99, 5617, 5615, 5616.99, 1.39117082]
[1541822400, 5609.97, 5615, 5609.98, 5615, 3.99867553]
[1541818800, 5609.97, 5609.98, 5609.97, 5609.97, 1.06009413]
[1541815200, 5609.97, 5609.98, 5609.97, 5609.98, 1.17813766]
[1541811600, 5609.97, 5609.98, 5609.98, 5609.98, 4.13244956]
[1541808000, 5607, 5609.98, 5607.01, 5609.98, 6.32202632]
[1541804400, 5600.99, 5612.87, 5601, 5607.02, 15.79479397]
[1541800800, 5599.36, 5606.89, 5599.36, 5601, 12.84532418]
[1541797200, 5567.65, 5620.02, 5620.02, 5599.36, 55.62892611]
[1541793600, 5617.23, 5623.55, 5617.23, 5620.02, 10.92157551]
[1541790000, 5615, 5619.88, 5616.08, 5617.23, 23.96795932]
[1541786400, 5615.95, 5623.55, 5622.87, 5616.08, 19.29304205]
[1541782800, 5621.24, 5622.92, 5621.24, 5622.91, 19.9507242]
[1541779200, 5613.4, 5624.99, 5614.6, 5621.25, 29.51772638]
[1541775600, 5594.13, 5623.31, 5594.14, 5614.6, 35.10614161]
[1541772000, 5590, 5610.47, 5608.55, 5594.14, 102.35337318]
[1541768400, 5601, 5620.06, 5620.06, 5608.55, 53.04465269]
[1541764800, 5612.1, 5622.99, 5612.11, 5620.06, 27.35577038]
[1541761200, 5610.5, 5623.42, 5611.35, 5612.11, 42.6180165]
[1541757600, 5610.5, 5620.48, 5619.07, 5611.35, 66.24837569]
[1541754000, 5615.3, 5666.97, 5663.1, 5616.4, 100.7645752]
[1541750400, 5662, 5664.23, 5664.23, 5663.1, 25.03740266]
[1541746800, 5662, 5666.5, 5662.01, 5664.23, 37.60353686]
[1541743200, 5655.6, 5662.22, 5655.6, 5662.01, 5.44778256]
[1541739600, 5654.1, 5656.33, 5654.95, 5655.6, 4.18023478]
[1541736000, 5653.29, 5656.4, 5653.29, 5654.95, 7.83574975]
[1541732400, 5646.69, 5653.29, 5652.49, 5653.29, 5.32984086]
[1541728800, 5642, 5652.49, 5642.01, 5652.48, 2.95778775]
[1541725200, 5642, 5642.01, 5642.01, 5642, 2.71595845]
[1541721600, 5641.99, 5642.01, 5642, 5642, 5.77945589]
[1541718000, 5641.99, 5643, 5642, 5642, 6.0908849]
[1541714400, 5635.58, 5668, 5668, 5641.89, 58.55576353]
[1541710800, 5666.97, 5670.67, 5666.97, 5668, 18.48224391]
[1541707200, 5649.99, 5670.66, 5650, 5666.98, 38.98665481]
[1541703600, 5638.05, 5650, 5643.38, 5650, 34.0160632]
[1541700000, 5643.37, 5656.61, 5650.93, 5644.29, 21.21065533]
[1541696400, 5635, 5651.36, 5636.23, 5650.93, 41.16265866]
[1541692800, 5613.55, 5668.37, 5668.37, 5636.23, 68.71997663]
[1541689200, 5665.4, 5679.11, 5679.11, 5666.5, 38.43343857]
[1541685600, 5665.01, 5681.77, 5681.73, 5679.11, 51.10270015]
[1541682000, 5675.43, 5686.32, 5679, 5681.73, 39.06799302]
[1541678400, 5661.46, 5680.31, 5677.24, 5679, 56.71113109]
[1541674800, 5668.21, 5681, 5674.96, 5677.24, 45.63589268]
[1541671200, 5669.13, 5676.29, 5669.13, 5674.96, 32.52989431]
[1541667600, 5667, 5675.01, 5674.43, 5669.14, 36.87023737]
[1541664000, 5674.42, 5676.41, 5676.41, 5674.43, 21.1928961]
[1541660400, 5667.39, 5678.82, 5667.4, 5676.41, 20.4286781]
[1541656800, 5667.39, 5668.54, 5667.4, 5667.4, 12.44573396]
[1541653200, 5667.39, 5669.36, 5669.36, 5667.4, 6.32949201]
[1541649600, 5667.39, 5671.01, 5671.01, 5669.36, 13.76442268]
[1541646000, 5671, 5675.81, 5675.81, 5671.01, 15.57326171]
[1541642400, 5675.81, 5702.51, 5702.51, 5675.81, 25.20124663]
[1541638800, 5702.51, 5707.01, 5707, 5702.51, 12.5311742]
[1541635200, 5699.99, 5707.91, 5699.99, 5707, 12.65807243]
[1541631600, 5699.97, 5700, 5699.98, 5700, 14.36208969]
[1541628000, 5698.6, 5699.98, 5699.01, 5699.98, 23.16191928]
[1541624400, 5699, 5699.02, 5699.02, 5699.01, 26.24199044]
[1541620800, 5699.01, 5700, 5699.99, 5699.02, 19.13588246]
[1541617200, 5697.14, 5700, 5698.93, 5700, 30.43444831]
[1541613600, 5695.18, 5698.94, 5695.19, 5698.92, 21.84679777]
[1541610000, 5690.55, 5700, 5690.55, 5695.19, 34.66702916]
[1541606400, 5677.46, 5691, 5681.62, 5690.55, 27.67977961]
