[1521446400, 6781.99, 6891, 6782, 6815.01, 203.28030895]
[1521442800, 6763.76, 6804.91, 6774.99, 6782, 100.60472178]
[1521439200, 6754.13, 6836.93, 6806, 6774.99, 78.79240162]
[1521435600, 6701.02, 6808.82, 6701.02, 6806, 90.44022731]
[1521432000, 6680.45, 6726.23, 6680.46, 6701.02, 21.71219328]
[1521428400, 6659.16, 6727.43, 6700.86, 6680.45, 25.60905601]
[1521424800, 6665.5, 6769.7, 6700, 6700.87, 47.02495406]
[1521421200, 6641, 6758, 6757.07, 6700, 94.61645057]
[1521417600, 6675.96, 6889, 6675.96, 6757.07, 268.84472974]
[1521414000, 6620, 6711.42, 6623, 6688.12, 200.7710765]
[1521410400, 6537.34, 6723.03, 6717.03, 6623, 465.01717977]
[1521406800, 6200, 6799, 6200, 6721.04, 1071.34187733]
[1521403200, 6064.37, 6241.23, 6068.98, 6200, 204.87783834]
[1521399600, 6005.57, 6092.37, 6062.39, 6068.98, 132.03584721]
[1521396000, 6062.39, 6171.73, 6098.83, 6062.39, 251.35873951]
[1521392400, 5978.03, 6116.19, 5990.65, 6098.84, 216.28638658]
[1521388800, 5930, 6040, 6008.38, 5994.65, 353.73486761]
[1521385200, 6005.47, 6106.07, 6101.06, 6005.47, 194.38007041]
[1521381600, 6002, 6171.99, 6171.16, 6101.06, 596.9220944]
[1521378000, 6150.56, 6278.91, 6274, 6171.16, 167.7754761]
[1521374400, 6255, 6374.81, 6281.9, 6274.01, 167.31612969]
[1521370800, 6132, 6295.01, 6171, 6279.9, 247.5054275]
[1521367200, 6135, 6288.88, 6269.73, 6170.98, 196.73606601]
[1521363600, 6250, 6318, 6309.67, 6250, 124.37485166]
[1521360000, 6235.5, 6350, 6235.51, 6314.87, 116.41872985]
[1521356400, 6229, 6318, 6314.54, 6235.51, 82.13077046]
[1521352800, 6251.41, 6329, 6251.42, 6314.53, 62.64729917]
[1521349200, 6180.68, 6269, 6187.59, 6251.42, 50.92841425]
[1521345600, 6162.02, 6302.38, 6265.43, 6185.06, 67.64172002]
[1521342000, 6194.11, 6298.26, 6194.11, 6265.44, 66.62759124]
[1521338400, 6165, 6282.49, 6282.49, 6194.11, 154.52551112]
[1521334800, 6273.1, 6327.18, 6277.34, 6282.49, 44.27670757]
[1521331200, 6273.02, 6405.26, 6395.99, 6277.35, 92.89020341]
[1521327600, 6370.33, 6517.21, 6517.21, 6395.99, 84.85355103]
[1521324000, 6453.83, 6550, 6479.27, 6517.21, 144.3195874]
[1521320400, 6375.44, 6561, 6375.44, 6480.05, 203.41939083]
[1521316800, 6301.56, 6376.86, 6329.42, 6376.86, 97.38432778]
[1521313200, 6280, 6367.17, 6356, 6327.13, 154.70943624]
[1521309600, 6332.41, 6458.65, 6434.99, 6355.99, 87.71844462]
[1521306000, 6399.99, 6470.47, 6399.99, 6435, 122.28466465]
[1521302400, 6388.81, 6439, 6406.02, 6400, 84.45290015]
[1521298800, 6322.38, 6494.8, 6468.03, 6406.01, 359.38468587]
[1521295200, 6459.99, 6549.8, 6509.99, 6468.03, 133.68554174]
[1521291600, 6500, 6570, 6541.51, 6509.99, 134.95447015]
[1521288000, 6501, 6689.42, 6689.42, 6541.51, 193.66213731]
[1521284400, 6690.47, 6750, 6712.32, 6690.47, 51.33800196]
[1521280800, 6711, 6749.99, 6749.99, 6711.99, 35.45642256]
[1521277200, 6740.5, 6787.03, 6780.01, 6742.56, 60.00225148]
[1521273600, 6673.3, 6806.42, 6684.62, 6780.01, 60.93110408]
[1521270000, 6669.54, 6697.92, 6669.54, 6684.63, 26.97659568]
[1521266400, 6640, 6669.54, 6666.67, 6669.54, 47.56636501]
[1521262800, 6652.53, 6669.54, 6669.54, 6666.67, 14.81418712]
[1521259200, 6649.34, 6700.84, 6700.84, 6669.54, 26.02720392]
[1521255600, 6698.31, 6722.26, 6714.58, 6700.85, 13.87600071]
[1521252000, 6633.88, 6754.06, 6639, 6714.9, 80.80946596]
[1521248400, 6601, 6759.59, 6741.6, 6639.01, 87.23994449]
[1521244800, 6705.01, 6776.61, 6728, 6741.59, 66.27947939]
[1521241200, 6728, 6919.01, 6903.3, 6728, 128.13970793]
[1521237600, 6889.85, 6943.9, 6925.47, 6903.31, 51.03562793]
[1521234000, 6838, 6949.9, 6949.9, 6925.47, 86.60702605]
[1521230400, 6932.19, 6982.79, 6978, 6949.91, 61.20291247]
[1521226800, 6940.91, 6998.98, 6948.01, 6977.99, 92.67010305]
[1521223200, 6895.01, 6965, 6895.01, 6948.01, 72.14904166]
[1521219600, 6895.01, 6968.37, 6954, 6895.01, 95.18447085]
[1521216000, 6900, 6954, 6953.99, 6954, 156.82881505]
[1521212400, 6879.5, 7050, 6879.51, 6954, 238.84272945]
[1521208800, 6876.2, 6975, 6899.99, 6879.51, 219.95500846]
[1521205200, 6634.68, 6930.01, 6648.1, 6900, 455.34984749]
[1521201600, 6640, 6694.99, 6673.28, 6643.7, 79.93078622]
[1521198000, 6584.99, 6679.99, 6585, 6673.29, 77.49089093]
[1521194400, 6569.86, 6666.36, 6631, 6585, 95.63671192]
[1521190800, 6611, 6695.88, 6695.88, 6631, 109.13931861]
[1521187200, 6679.14, 6742.39, 6717.25, 6695.89, 83.74816885]
[1521183600, 6648.94, 6763.92, 6648.94, 6717.25, 85.99389197]
[1521180000, 6642.52, 6697.97, 6661.01, 6648.95, 40.79569454]
[1521176400, 6661, 6700, 6668.47, 6661.01, 24.47520474]
[1521172800, 6527.42, 6700, 6527.74, 6673.19, 47.47039998]
[1521169200, 6527.73, 6608, 6594.79, 6527.74, 13.86094181]
[1521165600, 6474.49, 6600, 6507.59, 6594.79, 39.72159944]
[1521162000, 6468, 6578.94, 6557.34, 6506.53, 100.0235354]
[1521158400, 6550, 6760, 6726.42, 6557.33, 113.01642664]
[1521154800, 6700, 6782.11, 6782.11, 6726.42, 68.16832937]
[1521151200, 6730, 6813.19, 6765, 6782.11, 138.7189346]
[1521147600, 6664.59, 6765, 6730.28, 6765, 162.35528631]
[1521144000, 6675.45, 6760.2, 6699.89, 6727.11, 121.65226588]
[1521140400, 6635.91, 6772.36, 6637.21, 6699.9, 142.86201391]
[1521136800, 6600, 6677.52, 6643.3, 6635.91, 87.8656694]
[1521133200, 6580.77, 6699, 6590.48, 6643.49, 178.97588328]
[1521129600, 6500, 6634.19, 6580, 6590.48, 207.95994893]
[1521126000, 6462, 6731.47, 6731.46, 6580, 400.82142272]
[1521122400, 6728.46, 6823.52, 6820, 6731.46, 156.10091148]
[1521118800, 6673.71, 6850, 6678, 6820, 316.42748839]
[1521115200, 6595.5, 6689.94, 6689.94, 6678, 128.90469359]
[1521111600, 6578.99, 6728.33, 6579, 6689.94, 148.37054631]
[1521108000, 6530, 6742.41, 6690.01, 6578.99, 272.50720845]
[1521104400, 6634.77, 6735.97, 6676.61, 6690.01, 238.64145128]
[1521100800, 6325.14, 6725.1, 6384.69, 6676.8, 419.9091555]
[1521097200, 6333.67, 6428, 6333.67, 6384.69, 253.87383519]
[1521093600, 6200, 6333.93, 6259.77, 6333.93, 301.80910283]
[1521090000, 6250, 6400, 6400, 6259.77, 180.10942798]
[1521086400, 6337.2, 6425, 6386.35, 6400.01, 75.15831955]
[1521082800, 6312.89, 6464.74, 6312.89, 6391.18, 90.08181667]
[1521079200, 6300, 6578.97, 6578.97, 6312.9, 160.67815424]
[1521075600, 6534.38, 6620.46, 6534.38, 6578.97, 46.58668336]
[1521072000, 6510.26, 6698, 6636.76, 6534.38, 167.89765397]
[1521068400, 6599.99, 6724.99, 6610, 6636.75, 138.44024282]
[1521064800, 6482, 6798.42, 6482, 6610, 474.15416288]
[1521061200, 6408.36, 6718, 6718, 6482, 664.20147923]
[1521057600, 6623.02, 6761, 6709.97, 6717.65, 209.73887424]
[1521054000, 6679.17, 6784.34, 6679.17, 6709.98, 228.51189516]
[1521050400, 6585.45, 6760.01, 6753.72, 6679.18, 493.61884137]
[1521046800, 6670.5, 6843.96, 6817.84, 6755.02, 653.49831381]
[1521043200, 6751, 7065.4, 7065.4, 6818, 526.34376662]
[1521039600, 7037.01, 7109.99, 7107.55, 7065.4, 139.53131774]
[1521036000, 7037.6, 7139.85, 7040, 7107.56, 172.4571379]
[1521032400, 7000, 7058.08, 7058.08, 7039.99, 165.26683531]
[1521028800, 7000.5, 7093.97, 7050.46, 7058.08, 210.29196966]
[1521025200, 7010, 7125.01, 7125, 7050.46, 230.15958095]
[1521021600, 7051.39, 7252.21, 7226.28, 7125.01, 346.04968425]
[1521018000, 7215, 7389.99, 7385.65, 7228.72, 178.25824933]
[1521014400, 7350, 7387, 7350, 7380.72, 48.58229591]
[1521010800, 7350, 7415, 7409.36, 7350.01, 38.02555378]
[1521007200, 7369.06, 7421.27, 7421.27, 7405.02, 21.02296215]
[1521003600, 7342.18, 7425.72, 7347.49, 7421.27, 22.84618898]
[1521000000, 7338.57, 7457.83, 7456.61, 7347.5, 47.70550813]
[1520996400, 7442.73, 7489, 7442.73, 7456.61, 12.0027265]
[1520992800, 7430.58, 7503.95, 7472.29, 7443.09, 16.5029064]
[1520989200, 7453, 7519.01, 7519, 7472.31, 34.41933491]
[1520985600, 7390.01, 7539, 7390.01, 7519.01, 88.89996798]
[1520982000, 7365.99, 7432.87, 7405.5, 7390.01, 66.66809618]
[1520978400, 7363.63, 7460, 7363.63, 7405.5, 137.37653169]
[1520974800, 7325.14, 7379, 7337.13, 7363.62, 45.37023114]
[1520971200, 7311, 7440, 7324.99, 7337.13, 98.04562382]
[1520967600, 7312, 7437.3, 7399.49, 7325, 95.56469954]
[1520964000, 7350.01, 7410.02, 7379.69, 7399.49, 69.57353318]
[1520960400, 7379.69, 7467.24, 7443.99, 7379.7, 144.10859293]
[1520956800, 7251, 7489.73, 7348.45, 7443.99, 204.53331426]
[1520953200, 7263.53, 7382.84, 7359.28, 7348.45, 115.82429102]
[1520949600, 7302.23, 7450, 7391, 7365.5, 114.18248091]
[1520946000, 7258.81, 7497.16, 7267.33, 7391, 207.95766077]
[1520942400, 7200, 7356.92, 7356.92, 7267.3, 177.96897663]
[1520938800, 7249.99, 7361.95, 7249.99, 7361.91, 211.82442098]
[1520935200, 7250, 7579.99, 7539.99, 7250, 226.25480266]
[1520931600, 7468.61, 7609.14, 7470.02, 7539.99, 117.13384278]
[1520928000, 7386, 7497, 7480, 7470.02, 78.38798127]
[1520924400, 7401.79, 7630, 7606.56, 7480, 119.15798128]
[1520920800, 7588.09, 7686, 7627.17, 7604.3, 57.30666268]
[1520917200, 7567.3, 7634, 7600.47, 7627.16, 25.24011939]
[1520913600, 7331.3, 7639.38, 7352.01, 7600.46, 72.51515881]
[1520910000, 7270, 7398.64, 7398.64, 7352.02, 43.05298067]
[1520906400, 7380, 7457.08, 7380.01, 7398.63, 26.61980271]
[1520902800, 7380, 7511.01, 7511.01, 7380.01, 33.0095463]
[1520899200, 7352.89, 7530, 7405.56, 7511, 84.99920448]
[1520895600, 7338.68, 7486.71, 7338.68, 7407.08, 107.84670506]
[1520892000, 7311.57, 7474.61, 7412.78, 7338.69, 180.78337788]
[1520888400, 7261.03, 7429.99, 7340, 7412.78, 167.98468549]
[1520884800, 7120, 7371.6, 7252.46, 7339.99, 327.27648708]
[1520881200, 7201.57, 7488.74, 7488.63, 7252.45, 282.98455623]
[1520877600, 7433, 7520, 7468.73, 7488.63, 126.03145789]
[1520874000, 7340.29, 7582.47, 7490.08, 7468.74, 187.19649795]
[1520870400, 7305.95, 7537.76, 7450.49, 7490.08, 327.03211667]
[1520866800, 7432.01, 7629.39, 7514.68, 7450.49, 384.69900718]
[1520863200, 7508, 7969.05, 7969.01, 7514.72, 584.37971003]
[1520859600, 7921, 7992.84, 7992.84, 7969.02, 95.71325493]
[1520856000, 7981, 8029, 8028.02, 7992.84, 83.32680123]
[1520852400, 7955, 8050, 8028.51, 8043.62, 97.26653441]
[1520848800, 7924.99, 8087, 8004.02, 8028.51, 285.39434243]
[1520845200, 7752, 8065, 7756.61, 8004.02, 280.71852047]
[1520841600, 7751.33, 7812.5, 7797.45, 7756.61, 99.38375487]
[1520838000, 7754.7, 7827, 7800.01, 7797.46, 70.35975247]
[1520834400, 7766, 7843.9, 7791.4, 7800.01, 58.24222598]
[1520830800, 7721.59, 7820.01, 7766.03, 7791.39, 27.84672838]
[1520827200, 7638, 7766.03, 7671, 7766.03, 23.58730209]
[1520823600, 7640, 7809, 7782.58, 7671, 76.35440747]
[1520820000, 7742.24, 7813.78, 7752.81, 7777, 23.4809872]
[1520816400, 7709.01, 7845, 7788.46, 7752.2, 71.02444382]
[1520812800, 7746.75, 7820, 7746.75, 7785.71, 79.5714021]
[1520809200, 7659.84, 7780, 7742.1, 7737.21, 105.18282167]
[1520805600, 7734.99, 7899, 7738.48, 7742.11, 182.78323091]
[1520802000, 7729.77, 7815.01, 7797.1, 7738.53, 103.93114608]
[1520798400, 7638.95, 7830.1, 7830.1, 7797.1, 291.15683956]
[1520794800, 7760.3, 7900, 7798.99, 7830.03, 151.92455624]
[1520791200, 7741, 7945, 7798.97, 7798.99, 270.86200951]
[1520787600, 7462.95, 7850, 7462.95, 7798.97, 437.49024998]
[1520784000, 7350.01, 7517, 7352.01, 7463.2, 175.84599439]
[1520780400, 7241.03, 7540.31, 7463.7, 7352.01, 206.19145604]
[1520776800, 7425.02, 7570, 7518, 7464, 168.50596006]
[1520773200, 7469.65, 7599.03, 7480, 7517.99, 171.71958784]
[1520769600, 7337.29, 7555, 7394.46, 7480, 297.93364799]
[1520766000, 7080.57, 7424, 7100, 7394.45, 197.51673201]
[1520762400, 7027.52, 7100, 7060.48, 7100, 51.48234367]
[1520758800, 7027.5, 7196.18, 7190, 7061.52, 103.25924647]
[1520755200, 7113.71, 7197.77, 7127.56, 7190, 47.23235116]
[1520751600, 7091, 7215.01, 7215.01, 7127.56, 80.59243268]
[1520748000, 7162.28, 7231.11, 7169.99, 7215.01, 43.45015011]
[1520744400, 7060, 7169.99, 7068.05, 7169.99, 26.80544907]
[1520740800, 7005.86, 7104.88, 7034.65, 7073.68, 19.379242]
[1520737200, 6960.82, 7120, 7120, 7034.64, 71.14942699]
[1520733600, 6974.13, 7140.87, 7021.28, 7124.21, 70.04279389]
[1520730000, 6926.02, 7058.82, 6926.02, 7021.28, 93.92409588]
[1520726400, 6926, 7131.99, 7131.99, 6926.01, 249.76112819]
