[1520726400, 6926, 7131.99, 7131.99, 6926.01, 249.76112819]
[1520722800, 7106, 7194.28, 7180.99, 7131.99, 87.73303305]
[1520719200, 7077.58, 7238.57, 7184.13, 7181, 172.47016551]
[1520715600, 7125.5, 7202.06, 7202.06, 7184.13, 170.82950606]
[1520712000, 7180, 7424, 7424, 7202.05, 213.04783356]
[1520708400, 7348.38, 7425, 7424.99, 7423.99, 77.81974107]
[1520704800, 7302.52, 7454.96, 7446.59, 7425, 335.24779621]
[1520701200, 7369.92, 7700, 7696.53, 7448.19, 275.32025432]
[1520697600, 7633.49, 7696.53, 7655.38, 7696.53, 59.92941324]
[1520694000, 7655.35, 7750, 7710.01, 7655.38, 108.43503463]
[1520690400, 7592.57, 7730, 7599.03, 7710.01, 127.14003433]
[1520686800, 7590.32, 7629, 7624.9, 7590.32, 50.36868754]
[1520683200, 7600.1, 7698.64, 7698.64, 7624.9, 62.48724637]
[1520679600, 7620.36, 7699.89, 7654.24, 7698.64, 77.22126735]
[1520676000, 7507, 7675, 7576.47, 7654.24, 150.82438027]
[1520672400, 7573.42, 7700.05, 7700.04, 7576.7, 139.83883316]
[1520668800, 7676, 7729, 7695, 7700.05, 95.88770573]
[1520665200, 7680, 7736.91, 7720.01, 7695, 140.40516488]
[1520661600, 7656, 7772.6, 7656.01, 7722.78, 166.64058559]
[1520658000, 7558.18, 7660, 7613.95, 7656.01, 49.57546195]
[1520654400, 7515.6, 7637.46, 7543.74, 7613.95, 41.71878312]
[1520650800, 7417.88, 7599.99, 7599.99, 7543.74, 86.58720313]
[1520647200, 7533.23, 7603.01, 7603.01, 7599.99, 82.81146998]
[1520643600, 7560.88, 7683, 7582.5, 7603.01, 139.40180811]
[1520640000, 7535.55, 7617.07, 7538.78, 7580, 127.75794439]
[1520636400, 7477.35, 7620, 7499.48, 7539.6, 227.33689068]
[1520632800, 7298, 7499.48, 7326.49, 7499.48, 224.30427327]
[1520629200, 7286.81, 7399.99, 7324.96, 7335.08, 178.55782302]
[1520625600, 7140, 7348, 7162, 7324.96, 147.62032347]
[1520622000, 7056.07, 7268.18, 7268.18, 7162, 214.86003608]
[1520618400, 7139.89, 7298, 7139.89, 7268.18, 173.10972103]
[1520614800, 7066.31, 7208.43, 7095, 7139.9, 178.10004262]
[1520611200, 7028, 7419, 7343.31, 7095, 430.45288144]
[1520607600, 7305.04, 7481.74, 7481.74, 7343.31, 245.03666571]
[1520604000, 7281.76, 7490, 7299.89, 7482.16, 347.9828324]
[1520600400, 7208.95, 7398.3, 7380.33, 7299.92, 270.48148861]
[1520596800, 7291.16, 7431.57, 7311.93, 7380.32, 488.90173191]
[1520593200, 7076.62, 7350, 7136.52, 7311.93, 370.81813115]
[1520589600, 6870, 7139, 6920.02, 7136.52, 282.59013513]
[1520586000, 6831, 7137.91, 7083.05, 6920.01, 439.70529344]
[1520582400, 6981.61, 7221.05, 7117.39, 7083.05, 392.26591387]
[1520578800, 7084.59, 7250, 7224.95, 7117, 384.35023398]
[1520575200, 6770, 7239.99, 6897.28, 7224.96, 422.8989901]
[1520571600, 6796.39, 7148.4, 7051, 6897.37, 448.21364338]
[1520568000, 7023.59, 7288.63, 7288.63, 7051.01, 282.70947425]
[1520564400, 7265.02, 7338.67, 7331.35, 7288.63, 65.90174622]
[1520560800, 7218.7, 7420, 7407.52, 7331.34, 178.88689142]
[1520557200, 7300, 7599.91, 7599.9, 7411.5, 194.22299149]
[1520553600, 7533.61, 7628.09, 7534.49, 7599.91, 59.43460944]
[1520550000, 7514.72, 7603.67, 7514.73, 7534.5, 77.47211972]
[1520546400, 7475.33, 7640, 7586.21, 7514.82, 214.94764634]
[1520542800, 7584.9, 7690, 7619.99, 7586, 173.59282551]
[1520539200, 7573.84, 7644.65, 7636.43, 7619.99, 165.12546075]
[1520535600, 7524.14, 7674.8, 7643.29, 7636.43, 173.99424923]
[1520532000, 7480.01, 7687.72, 7586.6, 7643.29, 361.84448551]
[1520528400, 7345.72, 7748.44, 7748.44, 7586.61, 1140.64700782]
[1520524800, 7700, 8081, 8080.99, 7748.44, 314.79700797]
[1520521200, 7975.09, 8094.72, 7975.09, 8081, 109.56816899]
[1520517600, 7937.73, 8053.64, 8042.45, 7975.09, 101.33274492]
[1520514000, 7882.16, 8050, 7968, 8042.46, 170.23305441]
[1520510400, 7924.13, 8146.8, 8117.78, 7968.01, 203.83424208]
[1520506800, 8110, 8174.75, 8174.75, 8117.8, 104.40035985]
[1520503200, 8086.5, 8206.4, 8193.31, 8174.75, 161.50225051]
[1520499600, 8060, 8206.59, 8060.01, 8193.31, 203.65865365]
[1520496000, 8007.5, 8104.93, 8104.93, 8060.01, 127.37222867]
[1520492400, 7853.14, 8158.99, 7891, 8105.52, 229.46128609]
[1520488800, 7887, 7955.56, 7946.36, 7891, 53.29914321]
[1520485200, 7847.52, 7950, 7901.28, 7946.36, 51.69420841]
[1520481600, 7709.58, 7901.28, 7725, 7901.28, 91.16500548]
[1520478000, 7712, 7847.85, 7800.01, 7725, 42.07670267]
[1520474400, 7721, 7979.99, 7979.99, 7800.01, 208.64745604]
[1520470800, 7920.01, 8111, 8070.66, 7979.99, 80.18978463]
[1520467200, 8000, 8115, 8024.2, 8070.66, 94.69696736]
[1520463600, 7905.78, 8088.1, 8057.41, 8024.21, 210.47276111]
[1520460000, 8023.03, 8282.92, 8099.01, 8057.42, 494.04229881]
[1520456400, 7901.99, 8110.68, 7902, 8099, 282.6016071]
[1520452800, 7879, 7993.4, 7993.39, 7902, 199.14514174]
[1520449200, 7800, 8009.68, 7860, 7993.4, 343.9721123]
[1520445600, 7860, 8100, 7920.49, 7860, 577.46348907]
[1520442000, 7605.06, 8200, 8051.9, 7925.32, 1672.65651427]
[1520438400, 7950, 8619.99, 8610, 8032.48, 1015.42273565]
[1520434800, 8571.89, 8645, 8598.69, 8609.99, 105.76346445]
[1520431200, 8424.42, 8600, 8554.99, 8598.69, 259.68834309]
[1520427600, 8523, 8624.77, 8595, 8554.99, 130.32109213]
[1520424000, 8577.42, 8630, 8597.99, 8595.01, 142.41121155]
[1520420400, 8483.76, 8598.99, 8492.39, 8597.99, 101.34721907]
[1520416800, 8475.33, 8550, 8491, 8493.25, 103.31242824]
[1520413200, 8456, 8572.56, 8572.56, 8491.01, 127.11490153]
[1520409600, 8511.67, 8670, 8511.67, 8569.48, 221.61503682]
[1520406000, 8450, 8550.74, 8508.15, 8511.67, 214.89438407]
[1520402400, 8508, 8615.85, 8615.84, 8508, 134.22560105]
[1520398800, 8615.1, 8729.28, 8700, 8615.84, 24.62316601]
[1520395200, 8629.4, 8700, 8667.58, 8699.99, 17.30725012]
[1520391600, 8642, 8728.45, 8728.45, 8667.58, 14.88648791]
[1520388000, 8687.56, 8773, 8771, 8728.45, 28.03594379]
[1520384400, 8728.16, 8772, 8770, 8771.01, 22.78540936]
[1520380800, 8660.01, 8770, 8660.01, 8770, 92.820846]
[1520377200, 8552.69, 8706.14, 8706.14, 8660.01, 166.39143634]
[1520373600, 8676.66, 8748.01, 8748.01, 8706.14, 89.41857417]
[1520370000, 8600.01, 8748.61, 8600.01, 8748.01, 205.62906528]
[1520366400, 8552, 8662.08, 8662.08, 8600.01, 168.72997156]
[1520362800, 8545, 8687.01, 8650.08, 8656.59, 321.06066132]
[1520359200, 8611, 8798.73, 8715.48, 8652.06, 174.10900475]
[1520355600, 8668.65, 8840.72, 8838.59, 8715.54, 215.27236487]
[1520352000, 8815.02, 8900, 8900, 8838.59, 108.66849078]
[1520348400, 8863.14, 8934.8, 8930.72, 8900, 119.54671444]
[1520344800, 8714.99, 8942.5, 8715, 8930.72, 259.3696938]
[1520341200, 8670, 8827.99, 8827.98, 8715, 292.21730986]
[1520337600, 8803, 8862, 8835.02, 8827.99, 114.76228904]
[1520334000, 8781, 8900, 8860.38, 8835.02, 251.73754121]
[1520330400, 8785, 9150.02, 9150.01, 8860.38, 594.5937745]
[1520326800, 9150.01, 9170, 9155, 9150.02, 54.39107557]
[1520323200, 9153.01, 9175, 9153.01, 9155.01, 60.10223052]
[1520319600, 9050, 9201.01, 9201.01, 9153.01, 184.37011951]
[1520316000, 9200, 9226.93, 9200.67, 9201.01, 103.3992108]
[1520312400, 9146.5, 9200.67, 9146.5, 9200.66, 61.32384537]
[1520308800, 9120, 9172, 9120, 9146.51, 41.36079495]
[1520305200, 9063.76, 9120, 9109.9, 9120, 37.54391456]
[1520301600, 9084.54, 9141, 9141, 9108.89, 52.36720482]
[1520298000, 9100, 9171.02, 9171.02, 9141, 142.49451443]
[1520294400, 9152.5, 9300, 9300, 9171.02, 301.66566542]
[1520290800, 9300, 9384.66, 9384.66, 9300, 77.19897205]
[1520287200, 9356, 9384.74, 9365.33, 9384.66, 33.5546815]
[1520283600, 9348.43, 9387.87, 9360.09, 9365.33, 92.85726225]
[1520280000, 9356.01, 9395, 9390.93, 9360.09, 127.43258483]
[1520276400, 9375.46, 9399, 9399, 9390.94, 130.87643958]
[1520272800, 9320, 9399, 9320.01, 9399, 141.82110023]
[1520269200, 9320, 9345, 9343.78, 9320.01, 55.18412097]
[1520265600, 9333.99, 9345.44, 9334, 9343.77, 56.6818887]
[1520262000, 9320, 9346.2, 9328.87, 9334, 46.06936569]
[1520258400, 9316.1, 9349.88, 9341, 9328.87, 61.42034228]
[1520254800, 9315.33, 9342.93, 9325, 9340.99, 61.02708992]
[1520251200, 9309.31, 9345, 9322.01, 9325.01, 128.60584572]
[1520247600, 9300, 9330, 9303.99, 9322.01, 58.72909071]
[1520244000, 9265, 9304, 9293.43, 9303.99, 64.32020614]
[1520240400, 9262.73, 9327.72, 9300, 9295, 130.91325921]
[1520236800, 9300, 9350.01, 9334.81, 9300, 84.48681261]
[1520233200, 9321.15, 9352, 9321.15, 9334.92, 68.28892485]
[1520229600, 9317.2, 9349.8, 9324.84, 9321.16, 48.10204719]
[1520226000, 9281.46, 9324.84, 9300.9, 9324.84, 30.19276582]
[1520222400, 9300, 9346, 9329.97, 9300.4, 36.2288534]
[1520218800, 9264.42, 9329.97, 9275, 9329.96, 61.75916286]
[1520215200, 9244.72, 9275, 9248.99, 9274.99, 31.04320219]
[1520211600, 9224.58, 9252.35, 9252.34, 9248.99, 13.03057728]
[1520208000, 9206.75, 9279.98, 9279.97, 9252.34, 63.64732136]
[1520204400, 9204.32, 9287, 9204.33, 9279.97, 75.3720267]
[1520200800, 9140, 9225.01, 9220.01, 9204.33, 84.91779067]
[1520197200, 9220, 9267.7, 9243.36, 9220, 73.0234925]
[1520193600, 9188.51, 9254, 9188.51, 9243.37, 99.07829358]
[1520190000, 9178.4, 9224.16, 9178.41, 9188.51, 126.48928712]
[1520186400, 9030.48, 9198, 9030.49, 9178.41, 167.40817972]
[1520182800, 9022.5, 9046.69, 9043.98, 9030.49, 39.03459876]
[1520179200, 9019.99, 9051, 9019.99, 9043.99, 35.62920883]
[1520175600, 9011, 9041.51, 9041.51, 9020, 73.555041]
[1520172000, 9041.41, 9078.17, 9078.16, 9041.51, 44.26704024]
[1520168400, 9058, 9100, 9100, 9078.17, 33.8818114]
[1520164800, 9042.01, 9100, 9050, 9100, 53.04953304]
[1520161200, 9036.8, 9067.98, 9067.98, 9050, 60.60490653]
[1520157600, 9050, 9133.05, 9133.05, 9067.97, 65.09887371]
[1520154000, 9099.46, 9160, 9111.45, 9133.05, 79.41502165]
[1520150400, 9016.74, 9111.45, 9039.3, 9111.45, 100.31241425]
[1520146800, 8990, 9036.07, 9003.01, 9036.07, 57.80168879]
[1520143200, 9003, 9061.1, 9045.23, 9003.01, 52.56930768]
[1520139600, 8983.05, 9043.87, 9012.77, 9043.87, 36.02703725]
[1520136000, 8975, 9054.11, 9054.11, 9012.77, 122.77172751]
[1520132400, 9051, 9133.59, 9133.58, 9054.12, 65.39617291]
[1520128800, 9133.58, 9196.09, 9196.09, 9133.58, 24.95501423]
[1520125200, 9162.43, 9243.39, 9162.44, 9196.09, 39.49909527]
[1520121600, 9162.43, 9219.01, 9219.01, 9162.43, 41.89753194]
[1520118000, 9190, 9248.99, 9200, 9219.01, 59.94898657]
[1520114400, 9110.1, 9200, 9113.15, 9200, 74.90319358]
[1520110800, 9101.1, 9165, 9146, 9113.16, 136.81984003]
[1520107200, 9068.81, 9274, 9273.2, 9146, 283.8638222]
[1520103600, 9272.13, 9281.04, 9280, 9273.2, 42.46273121]
[1520100000, 9280, 9298.99, 9298.98, 9280.01, 35.5899129]
[1520096400, 9250, 9298.98, 9285.08, 9298.97, 81.00695201]
[1520092800, 9245.99, 9285.09, 9257, 9285.08, 72.69724519]
[1520089200, 9223.58, 9258.12, 9240, 9257, 89.13417104]
[1520085600, 9240, 9286.97, 9242.87, 9240.01, 101.9617432]
[1520082000, 9190.99, 9290, 9191, 9242.87, 203.2295521]
[1520078400, 9135.62, 9199, 9135.62, 9191, 129.38749142]
[1520074800, 9135.07, 9172.1, 9166, 9135.61, 83.53620811]
[1520071200, 9145, 9170, 9166.09, 9166.01, 61.02755814]
[1520067600, 9120, 9179.36, 9171, 9166.08, 86.9771767]
[1520064000, 9088.01, 9172.1, 9131.71, 9171.61, 100.56644208]
[1520060400, 9122.4, 9180, 9172.01, 9131.72, 104.2544931]
[1520056800, 9150, 9189, 9151.41, 9172, 88.84928803]
[1520053200, 9126.89, 9174, 9170.63, 9151.42, 47.58365733]
[1520049600, 9117.98, 9170.63, 9117.98, 9170.63, 46.8841315]
[1520046000, 9087.09, 9130, 9107.8, 9117.98, 46.87464271]
[1520042400, 9023.16, 9108, 9046.47, 9107.81, 148.73935586]
[1520038800, 8966.6, 9046.47, 8979.77, 9046.47, 104.00637114]
[1520035200, 8934, 8980, 8936, 8979.77, 39.39135603]
[1520031600, 8905.98, 8984, 8983.99, 8935.99, 57.88192502]
[1520028000, 8937.98, 8984, 8937.99, 8983.99, 67.64255705]
[1520024400, 8929, 8974.13, 8974.12, 8937.99, 79.2143041]
[1520020800, 8858.51, 8975, 8869, 8974.12, 126.02722147]
[1520017200, 8842, 8880, 8879.99, 8868.99, 46.71956009]
[1520013600, 8843.03, 8880, 8859.99, 8880, 51.05844635]
[1520010000, 8800, 8865.95, 8836.82, 8858.35, 77.46215366]
[1520006400, 8783.64, 8836.83, 8820.02, 8836.82, 60.81442514]
