[1532966400, 6904.82, 6949.99, 6943.41, 6932.18, 92.23012965]
[1532962800, 6943.4, 6998, 6990.79, 6943.4, 61.84725479]
[1532959200, 6950, 6998, 6950.01, 6991.19, 67.24581648]
[1532955600, 6950, 6975.15, 6964.89, 6950.01, 73.74553463]
[1532952000, 6960, 6995.67, 6989.96, 6964.88, 30.74471977]
[1532948400, 6959, 6990, 6988.06, 6989.97, 74.99846561]
[1532944800, 6981, 6996.87, 6994, 6988.06, 40.02743899]
[1532941200, 6987.72, 7002.08, 6995.13, 6994, 33.83253581]
[1532937600, 6994.11, 7024.98, 7003.06, 7002.59, 88.54340025]
[1532934000, 6981.7, 7003.34, 6986.01, 7003.06, 30.65563478]
[1532930400, 6986, 7032.58, 7026.84, 6986.01, 56.75144452]
[1532926800, 7020.11, 7028.4, 7023.61, 7026.85, 8.44806509]
[1532923200, 7004.63, 7039.85, 7039.85, 7021.36, 13.69078345]
[1532919600, 7039.6, 7059.6, 7041.07, 7039.85, 2.84377065]
[1532916000, 7033.82, 7051.3, 7050.6, 7041.08, 2.1036542]
[1532912400, 6991.19, 7098.33, 7000, 7049.02, 34.27668315]
[1532908800, 6942, 7052.66, 7052.66, 7000, 98.6492552]
[1532905200, 7035, 7090, 7035.01, 7052.66, 40.88834624]
[1532901600, 7035, 7042.48, 7035.01, 7035.01, 11.50249698]
[1532898000, 7035, 7050, 7037.24, 7035.01, 20.34433927]
[1532894400, 7037.23, 7053, 7052.96, 7037.24, 26.4194331]
[1532890800, 7043.26, 7055.99, 7043.26, 7052.96, 20.03165285]
[1532887200, 7035, 7043.27, 7035.01, 7043.27, 10.34572565]
[1532883600, 7028, 7038.13, 7028.01, 7035.01, 14.47836511]
[1532880000, 7028, 7060, 7060, 7028.01, 20.30235148]
[1532876400, 7045.73, 7060, 7059.99, 7060, 16.66863307]
[1532872800, 7038.06, 7060, 7039.69, 7060, 17.13962291]
[1532869200, 7035, 7053.88, 7050, 7039.7, 13.92715899]
[1532865600, 7009.98, 7050, 7009.98, 7050, 30.46888826]
[1532862000, 6990.02, 7010, 7002, 7009.98, 27.26574506]
[1532858400, 7001.02, 7007.57, 7006, 7002.01, 14.16937187]
[1532854800, 6990, 7010, 7002.95, 7006, 29.08292361]
[1532851200, 6979.89, 7035.01, 7035, 7002.95, 46.13865107]
[1532847600, 7035, 7045.31, 7045.29, 7035.01, 9.75181925]
[1532844000, 7035, 7046.5, 7035, 7045.3, 6.25379265]
[1532840400, 7022.01, 7035.01, 7034.98, 7035, 3.14321354]
[1532836800, 7032.48, 7070.1, 7061.9, 7032.48, 6.09309925]
[1532833200, 7045.01, 7077.08, 7077.08, 7059.8, 4.84732855]
[1532829600, 7066.03, 7082.24, 7070.01, 7077.09, 7.35320625]
[1532826000, 7069.25, 7082.25, 7082.25, 7070, 3.63545227]
[1532822400, 7055, 7092, 7055.01, 7082.25, 30.36520866]
[1532818800, 7016.56, 7055.01, 7026.99, 7055.01, 16.9116532]
[1532815200, 7005.08, 7027, 7005.08, 7027, 6.96010069]
[1532811600, 6990.93, 7024.51, 7016.13, 7005.87, 42.69719073]
[1532808000, 7007.02, 7029.48, 7028.96, 7016.13, 14.69915505]
[1532804400, 7021.67, 7030, 7029.01, 7028.96, 11.6410279]
[1532800800, 7005.03, 7029.99, 7020, 7029.01, 23.13866522]
[1532797200, 6990, 7020.2, 7011, 7020, 33.6060261]
[1532793600, 6969.37, 7011, 6969.37, 7011, 26.49733456]
[1532790000, 6939.08, 6993.66, 6993.66, 6969.37, 44.77812906]
[1532786400, 6939.2, 7012.74, 7005.69, 6993.65, 72.98125894]
[1532782800, 7005.68, 7025.96, 7024.63, 7005.69, 23.18114851]
[1532779200, 7015.01, 7030, 7025.48, 7023.99, 14.98091829]
[1532775600, 6983.3, 7049.5, 7017.7, 7025.48, 45.29201432]
[1532772000, 7016.01, 7058.96, 7041.01, 7019.79, 52.01941566]
[1532768400, 7023.61, 7068.64, 7059.43, 7041.08, 31.34269694]
[1532764800, 7048.38, 7059.8, 7049.99, 7059.42, 15.37443369]
[1532761200, 7041.6, 7050, 7044.81, 7050, 10.23893526]
[1532757600, 7035.08, 7049.01, 7041.3, 7044.81, 9.8173208]
[1532754000, 7041.29, 7084.06, 7068.5, 7041.29, 10.16019245]
[1532750400, 7019.99, 7068.5, 7020, 7068.49, 7.57001523]
[1532746800, 7015.47, 7033.05, 7033.05, 7020, 3.30748779]
[1532743200, 7005.33, 7042.65, 7034.67, 7033.05, 10.52825753]
[1532739600, 7016.25, 7041, 7027.01, 7034.67, 5.50392226]
[1532736000, 7001, 7049.97, 7025, 7027.01, 8.93835012]
[1532732400, 6972.33, 7075, 7066.27, 7025, 55.1606883]
[1532728800, 7066.25, 7084.42, 7084.42, 7066.26, 14.93165531]
[1532725200, 7066.26, 7090.51, 7066.26, 7084.42, 26.07881314]
[1532721600, 7038.63, 7072.24, 7055.54, 7066.26, 27.65785164]
[1532718000, 7053.29, 7100, 7098.77, 7055.6, 64.34995484]
[1532714400, 7020.76, 7100, 7020.76, 7098.78, 108.87366138]
[1532710800, 7015, 7029, 7029, 7020.77, 26.95672526]
[1532707200, 6999.01, 7081.45, 6999.02, 7029, 165.68077453]
[1532703600, 6731.8, 7040.71, 6731.8, 6999.01, 403.48647355]
[1532700000, 6731, 6772.96, 6769.99, 6731.8, 56.99477439]
[1532696400, 6705, 6778.34, 6743, 6770, 128.33530202]
[1532692800, 6718.89, 6832.51, 6824.33, 6743, 184.0722857]
[1532689200, 6810.55, 6854.07, 6848.45, 6825.56, 49.16232144]
[1532685600, 6817.16, 6855, 6855, 6848.46, 58.0936102]
[1532682000, 6853.01, 6880.82, 6870.01, 6855, 64.54462853]
[1532678400, 6795.2, 6874.28, 6800, 6870.01, 99.21740442]
[1532674800, 6773.47, 6801.77, 6800.7, 6800, 55.1057251]
[1532671200, 6780, 6814.87, 6801, 6796.95, 67.02683477]
[1532667600, 6785.01, 6815.8, 6815.8, 6801, 49.33835802]
[1532664000, 6761.38, 6815.8, 6761.38, 6815.8, 26.38209687]
[1532660400, 6757.47, 6788.68, 6757.48, 6762.39, 34.67089952]
[1532656800, 6757.47, 6796.72, 6779.89, 6757.48, 26.43135443]
[1532653200, 6753.17, 6804.14, 6790.14, 6779.89, 56.18476589]
[1532649600, 6775, 6824.9, 6815.09, 6790.13, 35.74165445]
[1532646000, 6755, 6830, 6817, 6815.95, 141.9201152]
[1532642400, 6788.01, 6897, 6837.16, 6817, 158.63736561]
[1532638800, 6763.02, 7015, 7005.78, 6837.16, 466.21028455]
[1532635200, 7000, 7130, 7103.01, 7005.78, 116.57259899]
[1532631600, 7078.77, 7111, 7078.78, 7105, 36.53210045]
[1532628000, 7060, 7080, 7060.04, 7078.78, 24.66482128]
[1532624400, 7043.5, 7077.48, 7046.16, 7060.04, 41.37698512]
[1532620800, 7035, 7063.15, 7047.71, 7046.2, 34.23996007]
[1532617200, 7042.45, 7060, 7060, 7047.71, 26.91674508]
[1532613600, 7025, 7060, 7038.88, 7059.99, 51.81806347]
[1532610000, 7029, 7056.82, 7044.67, 7036.28, 49.16363082]
[1532606400, 6996.81, 7056.06, 7051.11, 7046.98, 95.84385142]
[1532602800, 7030.14, 7096.48, 7095.53, 7051.12, 98.71548049]
[1532599200, 7080.1, 7114.46, 7086.81, 7095.53, 63.86192407]
[1532595600, 7059.99, 7095, 7060, 7086.81, 58.61491985]
[1532592000, 7037.01, 7076.54, 7037.37, 7060, 96.66738451]
[1532588400, 7030.01, 7093.9, 7050.11, 7036.99, 65.12139402]
[1532584800, 6994.42, 7050.11, 6994.57, 7050.11, 59.29821655]
[1532581200, 6987.94, 7017.99, 7014.02, 6995.91, 20.1668106]
[1532577600, 6990.02, 7018.84, 7005.25, 7014.02, 8.60212001]
[1532574000, 6970, 7020.99, 6981.54, 7006.19, 13.6334207]
[1532570400, 6970, 7002.7, 7002.7, 6981.54, 9.8578702]
[1532566800, 6990, 7028.13, 7018.98, 7002.7, 15.1990612]
[1532563200, 6970, 7033.65, 6970, 7015.06, 26.38077405]
[1532559600, 6970, 7060.01, 7060, 6970.01, 33.67886129]
[1532556000, 7060, 7093.01, 7065.54, 7060, 58.84528956]
[1532552400, 6973.51, 7114.58, 6979.5, 7065.54, 213.18913495]
[1532548800, 6925.09, 6980, 6960, 6979.5, 58.47945916]
[1532545200, 6888, 6960, 6888.01, 6960, 104.56333442]
[1532541600, 6884.36, 6954.99, 6939.58, 6894.99, 97.11896005]
[1532538000, 6917.79, 6992.01, 6992.01, 6939.57, 83.9557404]
[1532534400, 6911.96, 7000, 6934.69, 6992.01, 90.06240258]
[1532530800, 6902, 7026.2, 7021.8, 6934.69, 255.64037494]
[1532527200, 7000, 7026.22, 7015, 7022, 74.44962611]
[1532523600, 6981.5, 7031.99, 7018.91, 7015, 81.5802894]
[1532520000, 7000, 7040, 7005.66, 7018.92, 65.97333854]
[1532516400, 6998.62, 7040, 7037.51, 7005.67, 143.2872518]
[1532512800, 6970, 7046.6, 7037.6, 7037.87, 297.86829228]
[1532509200, 7025.46, 7100.18, 7100.17, 7034.08, 204.60859319]
[1532505600, 7070.01, 7148.12, 7148.12, 7100.6, 130.82643134]
[1532502000, 7128.55, 7170.84, 7144.11, 7148.12, 79.23613334]
[1532498400, 7102.14, 7242.99, 7236.48, 7144.11, 177.28347007]
[1532494800, 7194.08, 7238.8, 7210.04, 7236.23, 69.45170118]
[1532491200, 7140.4, 7211.45, 7162.6, 7210.4, 34.47630727]
[1532487600, 7109.01, 7168.27, 7138.27, 7160.92, 32.12824624]
[1532484000, 7109.92, 7199.91, 7199.91, 7138.28, 56.96241226]
[1532480400, 7185.39, 7225, 7205.31, 7200, 24.02773703]
[1532476800, 7172.84, 7256, 7188.14, 7208.91, 100.08932739]
[1532473200, 7119.79, 7250, 7119.79, 7189.86, 202.77557519]
[1532469600, 7074.9, 7138.4, 7074.91, 7119.8, 124.75563758]
[1532466000, 7040, 7075.9, 7053.9, 7074.9, 68.02513175]
[1532462400, 7020.5, 7079.21, 7073.99, 7053.9, 88.29769954]
[1532458800, 7061.8, 7110, 7071.5, 7073.99, 103.19032161]
[1532455200, 7045.01, 7079.55, 7057.13, 7070, 88.53068453]
[1532451600, 7013, 7095, 7014.99, 7057.14, 106.99183494]
[1532448000, 7002.67, 7029.41, 7006.99, 7013.26, 76.97077012]
[1532444400, 6970.79, 7027.99, 6986.99, 7007, 81.6282994]
[1532440800, 6935.4, 7051.83, 7046.05, 6987, 199.27863936]
[1532437200, 6970.01, 7068.99, 7042.08, 7044.1, 187.56475138]
[1532433600, 6967.45, 7150, 7065.19, 7043.19, 385.44731972]
[1532430000, 6940, 7073.82, 6964.12, 7065.18, 357.70523459]
[1532426400, 6861.77, 6966.23, 6877.01, 6964.41, 237.81461626]
[1532422800, 6847, 6878.75, 6853.39, 6877.01, 76.29014036]
[1532419200, 6822.33, 6876.81, 6873.56, 6853.38, 205.97565698]
[1532415600, 6852.2, 6890, 6864.41, 6873.56, 164.36939696]
[1532412000, 6820, 6869.89, 6840.09, 6864.01, 102.43520026]
[1532408400, 6735, 6877.07, 6735.01, 6840.09, 252.48012996]
[1532404800, 6646.28, 6752.19, 6646.33, 6735.01, 113.88328129]
[1532401200, 6627.98, 6659.54, 6627.99, 6646.51, 14.82571253]
[1532397600, 6623.72, 6645.69, 6623.73, 6627.99, 17.43391629]
[1532394000, 6606.41, 6640, 6606.41, 6623.39, 12.40658027]
[1532390400, 6601.03, 6622, 6609.74, 6606.41, 8.68315145]
[1532386800, 6601, 6617.96, 6610, 6609.73, 18.99953503]
[1532383200, 6609.29, 6645.05, 6632.99, 6610, 26.25834679]
[1532379600, 6600, 6636, 6600.02, 6633, 39.29813183]
[1532376000, 6600, 6646.08, 6633.07, 6600, 64.10862608]
[1532372400, 6628.89, 6666.66, 6636.09, 6632.45, 70.16232421]
[1532368800, 6540.79, 6669.99, 6619.09, 6629.99, 158.3849157]
[1532365200, 6600, 6622, 6614.13, 6615.21, 41.12961777]
[1532361600, 6600, 6620.87, 6609.77, 6614.12, 59.80901594]
[1532358000, 6590.03, 6617.1, 6592.93, 6610.01, 71.89959219]
[1532354400, 6590, 6610.75, 6607.21, 6592.94, 78.29122391]
[1532350800, 6573.14, 6610, 6576.31, 6607.21, 132.69539147]
[1532347200, 6546.9, 6577.47, 6560, 6576.33, 74.63740217]
[1532343600, 6540.1, 6585, 6570.88, 6559.99, 55.48008536]
[1532340000, 6550, 6600.64, 6600.64, 6571.36, 71.54444182]
[1532336400, 6565, 6600.64, 6600.02, 6600.64, 177.2325161]
[1532332800, 6565, 6627.33, 6627.33, 6600.02, 119.26746111]
[1532329200, 6540.34, 6648.05, 6576.11, 6627.33, 216.06668126]
[1532325600, 6532.76, 6580, 6532.99, 6580, 123.19527474]
[1532322000, 6509.18, 6561.64, 6549.53, 6533, 30.99859441]
[1532318400, 6501, 6570, 6501, 6550, 50.87671343]
[1532314800, 6488, 6519.99, 6506.95, 6500.99, 25.2410388]
[1532311200, 6418.41, 6543, 6419.33, 6506.54, 128.10178122]
[1532307600, 6365.11, 6419, 6374.89, 6409.67, 17.71804116]
[1532304000, 6306.78, 6374.89, 6320.2, 6374.88, 12.56509107]
[1532300400, 6304, 6331.62, 6327.91, 6320.2, 15.21698573]
[1532296800, 6290, 6331.78, 6314.29, 6326.78, 16.76986989]
[1532293200, 6280, 6444.57, 6428.46, 6314.3, 136.95478903]
[1532289600, 6421.12, 6430.63, 6426, 6421.12, 25.66614961]
[1532286000, 6420.02, 6427.17, 6423.9, 6426, 23.20165107]
[1532282400, 6395.74, 6430.76, 6396.61, 6423.9, 31.44711367]
[1532278800, 6384.94, 6419.08, 6401, 6397.7, 33.56568336]
[1532275200, 6391.64, 6439.09, 6430.21, 6400.99, 37.37770371]
[1532271600, 6393.08, 6440.59, 6393.08, 6430.2, 64.81873483]
[1532268000, 6371.5, 6400, 6372.32, 6393.07, 44.13043285]
[1532264400, 6353.23, 6375, 6361.61, 6372.31, 23.58358033]
[1532260800, 6360, 6371.22, 6371.21, 6361.61, 19.71555074]
[1532257200, 6365, 6375, 6369.01, 6371.22, 17.02036346]
[1532253600, 6336.07, 6374.72, 6348.97, 6369.01, 24.7283565]
[1532250000, 6339.63, 6354.9, 6354.9, 6349.37, 17.56886703]
[1532246400, 6300.02, 6355.08, 6300.03, 6354.9, 11.2672305]
