[1530806400, 5643.79, 5680, 5660, 5644.56, 45.67786373]
[1530802800, 5600, 5664.88, 5641.52, 5659.99, 48.65867461]
[1530799200, 5620.61, 5662.46, 5654.12, 5640.84, 50.56382949]
[1530795600, 5634.99, 5706.68, 5677.25, 5652.96, 47.25922801]
[1530792000, 5630.1, 5694.11, 5665.06, 5677.33, 55.68498238]
[1530788400, 5665, 5728.68, 5687.46, 5670.18, 58.67883636]
[1530784800, 5660.64, 5709, 5687.87, 5686.58, 146.37339426]
[1530781200, 5613.95, 5698.95, 5672.74, 5691.57, 79.00039582]
[1530777600, 5657.9, 5679.2, 5671.33, 5673.01, 26.59914373]
[1530774000, 5650, 5674.69, 5650, 5672.95, 53.43701305]
[1530770400, 5637.01, 5667.08, 5664.44, 5650.58, 43.22279059]
[1530766800, 5631.7, 5719.34, 5686.81, 5664.99, 25.20961]
[1530763200, 5677.37, 5701.75, 5683.08, 5687.97, 18.08346904]
[1530759600, 5665, 5694.87, 5665, 5691.15, 5.79612553]
[1530756000, 5658.45, 5708.85, 5698.71, 5664.99, 14.78396709]
[1530752400, 5620.31, 5750, 5631.66, 5704.68, 77.17991739]
[1530748800, 5600, 5662.34, 5659.23, 5636.2, 45.36159998]
[1530745200, 5637, 5660, 5654, 5658.94, 18.07617909]
[1530741600, 5602.36, 5749.14, 5749.14, 5653.95, 93.77966445]
[1530738000, 5735, 5749.14, 5748.03, 5749.14, 17.1615582]
[1530734400, 5739.27, 5750, 5740.61, 5745.65, 32.69834026]
[1530730800, 5722.12, 5740.61, 5730, 5740.61, 27.17724942]
[1530727200, 5722.5, 5743.75, 5729.69, 5730, 48.23248315]
[1530723600, 5713.11, 5737.68, 5724.97, 5729.69, 32.85253287]
[1530720000, 5709.54, 5756.34, 5747.06, 5725.13, 59.55868986]
[1530716400, 5745, 5773.26, 5764.34, 5747.06, 31.10497433]
[1530712800, 5751, 5776.87, 5770, 5764.33, 85.07874344]
[1530709200, 5635.37, 5835, 5637.99, 5766.66, 176.46191531]
[1530705600, 5616.34, 5645.61, 5616.36, 5638, 42.79364093]
[1530702000, 5593.62, 5623.3, 5609.88, 5613.58, 30.15399248]
[1530698400, 5609.89, 5623.33, 5612.84, 5609.89, 29.4020837]
[1530694800, 5592.01, 5626.56, 5613.43, 5612.87, 34.47821871]
[1530691200, 5567.5, 5639.13, 5571.41, 5613.29, 49.93798626]
[1530687600, 5551, 5574.28, 5551.71, 5573.38, 27.53064667]
[1530684000, 5550.21, 5579.75, 5569.92, 5552.1, 40.00722229]
[1530680400, 5548.72, 5576.51, 5562.72, 5570, 29.21944111]
[1530676800, 5555.65, 5568.05, 5558.78, 5559.58, 10.6234009]
[1530673200, 5548.72, 5564.1, 5549.22, 5559.19, 3.15984646]
[1530669600, 5539.31, 5563.75, 5550.21, 5549.24, 4.65104014]
[1530666000, 5507.77, 5554.51, 5554.51, 5550.45, 20.45207619]
[1530662400, 5542, 5601.46, 5592.97, 5554.51, 27.98845105]
[1530658800, 5563.15, 5612.16, 5570, 5592.97, 53.76593886]
[1530655200, 5568.25, 5690.32, 5681.44, 5568.96, 65.35225294]
[1530651600, 5660.88, 5692.59, 5685.99, 5681.44, 45.72736929]
[1530648000, 5665.87, 5691.39, 5672.59, 5682.82, 38.13903249]
[1530644400, 5636, 5700, 5657.93, 5671.78, 40.13388456]
[1530640800, 5648.56, 5659.48, 5652.86, 5657.93, 18.77118034]
[1530637200, 5641.3, 5667.94, 5667.45, 5653.13, 29.44058408]
[1530633600, 5657.63, 5669.99, 5663.94, 5667.52, 38.49154842]
[1530630000, 5646.88, 5664.95, 5657.02, 5663.94, 40.14589892]
[1530626400, 5632.1, 5659.89, 5654.05, 5648.59, 37.03266246]
[1530622800, 5640.7, 5670, 5664, 5654.05, 38.50641965]
[1530619200, 5647, 5664, 5657.64, 5663.99, 35.01697238]
[1530615600, 5646.5, 5679.75, 5664.21, 5657.64, 45.52860357]
[1530612000, 5626.58, 5702, 5701, 5659.09, 122.29444832]
[1530608400, 5700, 5720, 5710.14, 5701.94, 40.11486993]
[1530604800, 5696.2, 5714.78, 5713, 5710.15, 53.01606317]
[1530601200, 5708.33, 5729.1, 5724.98, 5714.78, 41.89976556]
[1530597600, 5704, 5726.75, 5717.78, 5724.98, 41.86706214]
[1530594000, 5715.57, 5734.63, 5725.49, 5716.8, 43.03823241]
[1530590400, 5705.23, 5739.78, 5705.23, 5721.97, 32.28086691]
[1530586800, 5697.5, 5726.04, 5704.46, 5704.02, 18.22733853]
[1530583200, 5699.5, 5718, 5699.5, 5704.99, 13.25697325]
[1530579600, 5693.67, 5700, 5699.48, 5696.87, 9.17486158]
[1530576000, 5683.39, 5700, 5695.36, 5700, 26.11627627]
[1530572400, 5695.01, 5710.41, 5710.41, 5695.36, 33.15864857]
[1530568800, 5707, 5724.44, 5724.44, 5710.96, 45.38108385]
[1530565200, 5707, 5728.9, 5707.01, 5726.97, 28.24793327]
[1530561600, 5705.77, 5719, 5714.33, 5707.01, 29.01079363]
[1530558000, 5707.61, 5762.45, 5719.99, 5709.33, 93.33034292]
[1530554400, 5699, 5720, 5704.47, 5720, 41.95264035]
[1530550800, 5700.73, 5717.9, 5709.29, 5704.47, 47.80975598]
[1530547200, 5700, 5728.55, 5724.76, 5712.65, 64.06721517]
[1530543600, 5715, 5740.18, 5715.61, 5727.26, 76.94839377]
[1530540000, 5689.6, 5730, 5689.6, 5715.63, 257.39056408]
[1530536400, 5461.68, 5762.46, 5462.62, 5689.57, 411.64411642]
[1530532800, 5445, 5466.71, 5461.08, 5462.95, 33.60051194]
[1530529200, 5443.39, 5463.9, 5448, 5461.08, 34.90148031]
[1530525600, 5435, 5456, 5441.38, 5449.36, 42.89832023]
[1530522000, 5430, 5454.25, 5449.96, 5445.71, 37.34587228]
[1530518400, 5440.61, 5474.79, 5459.93, 5449.96, 51.32276312]
[1530514800, 5418.29, 5459.99, 5425, 5456.93, 51.73482203]
[1530511200, 5400, 5435.43, 5416.69, 5425.01, 39.99362396]
[1530507600, 5411.1, 5425.77, 5418, 5416.69, 15.52481913]
[1530504000, 5404.09, 5442.01, 5441.99, 5420.49, 31.40959502]
[1530500400, 5429.85, 5442.37, 5442.37, 5441.99, 13.83391152]
[1530496800, 5434.14, 5442.9, 5434.15, 5442.37, 1.32147362]
[1530493200, 5430.43, 5450.22, 5444.06, 5438.41, 6.1793774]
[1530489600, 5431, 5455.41, 5446.08, 5444.06, 5.09016895]
[1530486000, 5446.07, 5472, 5455.53, 5454.18, 24.39320515]
[1530482400, 5447, 5471.9, 5456.89, 5447.11, 29.66868451]
[1530478800, 5438.18, 5456.9, 5452.89, 5456.9, 17.99016383]
[1530475200, 5408.93, 5490, 5416.43, 5453.11, 50.00161071]
[1530471600, 5401.41, 5418.59, 5414.3, 5416.43, 33.96769621]
[1530468000, 5410.12, 5424.22, 5417.86, 5414.3, 15.00128804]
[1530464400, 5394.99, 5418.89, 5395, 5417.86, 7.92534224]
[1530460800, 5385, 5400.44, 5399.99, 5395, 12.44498344]
[1530457200, 5372.25, 5400.81, 5400.81, 5400, 44.91932013]
[1530453600, 5365.72, 5438.02, 5438.02, 5400.81, 56.21732986]
[1530450000, 5438.01, 5451, 5443.84, 5438.01, 16.84493563]
[1530446400, 5442.14, 5456.34, 5455.82, 5443.83, 9.92591538]
[1530442800, 5444.65, 5457.63, 5452.17, 5455.88, 20.42604431]
[1530439200, 5438.02, 5460.98, 5440, 5451.72, 22.28658912]
[1530435600, 5440.01, 5459.41, 5456.12, 5440.01, 13.53981535]
[1530432000, 5436.37, 5459.64, 5459.64, 5455.51, 14.38758711]
[1530428400, 5442.17, 5463.99, 5461.01, 5459.63, 17.93422741]
[1530424800, 5461, 5469.13, 5461.01, 5461, 12.31080742]
[1530421200, 5431.78, 5466.35, 5432.99, 5461.01, 31.75066767]
[1530417600, 5428.44, 5441.43, 5441.43, 5432.99, 3.63815433]
[1530414000, 5434.32, 5447.07, 5434.33, 5441.43, 5.19116181]
[1530410400, 5434.32, 5443.05, 5443.05, 5434.33, 1.25483048]
[1530406800, 5427.97, 5457.37, 5457.37, 5443.06, 8.02743198]
[1530403200, 5446.53, 5497.8, 5467.89, 5457.2, 14.09327886]
[1530399600, 5421.21, 5480, 5421.99, 5467.89, 35.59336558]
[1530396000, 5417.4, 5424.32, 5423.84, 5422, 17.74313908]
[1530392400, 5418.01, 5443.99, 5434.9, 5423.84, 13.32862104]
[1530388800, 5402.99, 5444.01, 5403, 5434.89, 29.29440824]
[1530385200, 5400, 5416.93, 5416.93, 5402.99, 58.79897193]
[1530381600, 5411.01, 5442.2, 5434.72, 5411.01, 25.43056707]
[1530378000, 5430, 5452.79, 5452.79, 5434.71, 20.81438636]
[1530374400, 5441.66, 5457.02, 5450.09, 5452.8, 39.54629188]
[1530370800, 5417.6, 5450.09, 5444.2, 5450.08, 37.15072139]
[1530367200, 5417.99, 5474.21, 5473.24, 5444.2, 38.86013778]
[1530363600, 5465.11, 5473.34, 5466.52, 5473.24, 27.81979097]
[1530360000, 5465.1, 5494.83, 5469.66, 5465.11, 34.09811171]
[1530356400, 5465, 5474, 5467.86, 5471, 25.25564489]
[1530352800, 5454.83, 5474.99, 5469.7, 5467.09, 38.95534861]
[1530349200, 5440.25, 5470, 5461.53, 5469.7, 71.80241553]
[1530345600, 5439.01, 5475.96, 5472, 5464.86, 49.5700898]
[1530342000, 5446.1, 5472, 5464.09, 5471.99, 59.51096391]
[1530338400, 5454.46, 5472, 5472, 5464.36, 57.31032739]
[1530334800, 5459.98, 5472, 5459.99, 5472, 19.94680199]
[1530331200, 5419.1, 5459.99, 5448.33, 5459.99, 34.96668324]
[1530327600, 5445.97, 5504.44, 5470, 5445.97, 35.64502398]
[1530324000, 5467.87, 5500, 5480.01, 5469.99, 21.52779687]
[1530320400, 5328.71, 5523, 5328.71, 5480.01, 96.23766172]
[1530316800, 5286.98, 5336.44, 5299.99, 5328.4, 19.95290016]
[1530313200, 5275.22, 5352.9, 5334.9, 5300, 35.71817918]
[1530309600, 5050.14, 5375.86, 5050.14, 5334.9, 260.8498585]
[1530306000, 5037.12, 5050.15, 5049.65, 5050.14, 51.48344481]
[1530302400, 5035.29, 5050.15, 5050.01, 5049.65, 116.16917591]
[1530298800, 5050, 5059.14, 5056.61, 5050, 28.98319748]
[1530295200, 5050, 5060, 5056.93, 5058.51, 35.72846786]
[1530291600, 5051.01, 5059, 5055.01, 5056.93, 36.13441666]
[1530288000, 5055, 5072.87, 5062.01, 5055.01, 49.84954212]
[1530284400, 5052.01, 5074.99, 5068.83, 5062.01, 46.94096189]
[1530280800, 5047.75, 5077.81, 5048.32, 5069.66, 79.0365944]
[1530277200, 5005.41, 5050, 5044.02, 5049.7, 102.58797945]
[1530273600, 5032.63, 5075.61, 5060, 5043.68, 115.62464579]
[1530270000, 5034.93, 5076.63, 5073.09, 5060.73, 69.93418901]
[1530266400, 5070.43, 5096.86, 5094.85, 5073.08, 52.40827629]
[1530262800, 5080.71, 5104.69, 5100.01, 5096.59, 91.99985515]
[1530259200, 5080.81, 5113.67, 5081.15, 5100.01, 159.76861228]
[1530255600, 5058.09, 5090, 5066.6, 5081.59, 48.54069539]
[1530252000, 5052.39, 5088.99, 5073.94, 5066.8, 69.35456605]
[1530248400, 4968.39, 5118.87, 5030.5, 5073.89, 180.84463899]
[1530244800, 5025.01, 5061.18, 5061.18, 5030.5, 33.45948454]
[1530241200, 5032.66, 5064.57, 5052.01, 5061.18, 22.47257241]
[1530237600, 5038.01, 5088.98, 5079.86, 5053.71, 49.68021795]
[1530234000, 5065.52, 5112.83, 5095.48, 5080.39, 26.88919405]
[1530230400, 5065.7, 5105.41, 5065.71, 5096.19, 46.62181905]
[1530226800, 5031.77, 5139.79, 5139.79, 5069.64, 186.11285579]
[1530223200, 5100, 5160.95, 5123.73, 5140.7, 75.85137405]
[1530219600, 5116.52, 5233.77, 5228.17, 5123.74, 204.65972927]
[1530216000, 5215.03, 5269, 5262.79, 5228.16, 60.5192023]
[1530212400, 5245, 5282.56, 5282.4, 5262.63, 62.58851906]
[1530208800, 5273.26, 5286.24, 5275.13, 5282.4, 23.68029425]
[1530205200, 5270.73, 5279.62, 5277.02, 5276.01, 26.31881534]
[1530201600, 5251.33, 5293.37, 5272.1, 5277.02, 149.96882039]
[1530198000, 5260.58, 5289.57, 5285.16, 5272.81, 130.83812577]
[1530194400, 5241.27, 5294.78, 5281, 5285.22, 75.12507193]
[1530190800, 5272, 5289.65, 5279.83, 5281, 37.12471668]
[1530187200, 5268.35, 5291.1, 5285.05, 5279.83, 39.17402969]
[1530183600, 5258.19, 5287, 5266, 5285.05, 45.20243323]
[1530180000, 5248.61, 5291.01, 5291.01, 5264.2, 143.80557274]
[1530176400, 5291, 5304.87, 5303.16, 5291.01, 71.61461801]
[1530172800, 5292.76, 5317.71, 5292.76, 5303.16, 47.08523394]
[1530169200, 5291, 5299.8, 5295.45, 5292.76, 88.53559214]
[1530165600, 5291.01, 5304.8, 5291.1, 5295.18, 48.20936259]
[1530162000, 5279.75, 5291.1, 5284.49, 5291.1, 5.57322493]
[1530158400, 5265, 5284.5, 5271.4, 5284.5, 28.04722044]
[1530154800, 5260.01, 5291.1, 5291.09, 5274.32, 10.16047792]
[1530151200, 5276.97, 5309.26, 5307.83, 5284.33, 7.17294382]
[1530147600, 5295.02, 5317.17, 5317.17, 5307.6, 23.67547558]
[1530144000, 5307.58, 5328.99, 5310.6, 5317.17, 10.68182757]
[1530140400, 5303, 5367.84, 5312.12, 5312.21, 67.03156808]
[1530136800, 5304.24, 5315.95, 5304.24, 5313.34, 22.18183343]
[1530133200, 5301, 5309.99, 5306.52, 5303.1, 24.88466407]
[1530129600, 5302.66, 5325.12, 5325.12, 5306.52, 39.49728749]
[1530126000, 5300.01, 5325.12, 5300.01, 5325.12, 42.43983444]
[1530122400, 5299.99, 5306.99, 5300, 5300.01, 20.22251812]
[1530118800, 5290, 5303.24, 5295.34, 5300, 41.62591361]
[1530115200, 5270.77, 5300, 5280.01, 5294.89, 41.83484936]
[1530111600, 5232.12, 5340.13, 5232.12, 5280.8, 82.27761246]
[1530108000, 5153.92, 5254.22, 5249.26, 5232.37, 121.94068245]
[1530104400, 5248.03, 5267.82, 5256.8, 5248.53, 34.33517878]
[1530100800, 5228.01, 5260.35, 5247, 5256.79, 59.09460427]
[1530097200, 5245.9, 5273.84, 5266.45, 5247, 43.50080077]
[1530093600, 5245.01, 5277.86, 5253.51, 5271.38, 40.49735889]
[1530090000, 5231.73, 5260.22, 5232.92, 5253.66, 45.2012128]
[1530086400, 5223.8, 5255.37, 5224.57, 5232.92, 44.59660458]
