[1543046400, 3761.71, 3787.5, 3772.46, 3787.5, 17.86900534]
[1543042800, 3746, 3780.75, 3777.7, 3772.46, 28.36839315]
[1543039200, 3774.22, 3790.74, 3778.08, 3777.71, 16.4347313]
[1543035600, 3767.02, 3809.05, 3809.05, 3778.08, 14.99919993]
[1543032000, 3802.23, 3823.44, 3802.23, 3809.06, 10.56872524]
[1543028400, 3799.33, 3812.55, 3809.09, 3801.48, 5.59421911]
[1543024800, 3809.1, 3837.72, 3831.51, 3809.1, 12.18358199]
[1543021200, 3818.86, 3837.64, 3836.88, 3831.51, 16.7210586]
[1543017600, 3789.01, 3837.64, 3789.01, 3836.71, 57.92866245]
[1543014000, 3785.95, 3819.39, 3818.21, 3789.01, 46.5821852]
[1543010400, 3750.81, 3824.68, 3767.67, 3818.22, 135.22848717]
[1543006800, 3729.66, 3767.67, 3729.66, 3767.67, 56.35511868]
[1543003200, 3715.01, 3745.41, 3745.41, 3725.56, 36.88886078]
[1542999600, 3728, 3775, 3738.57, 3745.41, 76.39305161]
[1542996000, 3715.84, 3749.99, 3735.01, 3738.58, 62.88540636]
[1542992400, 3686.71, 3747.89, 3734.72, 3735.01, 79.16851666]
[1542988800, 3711.56, 3773.64, 3772, 3734.72, 111.64316848]
[1542985200, 3757.58, 3786.75, 3784.01, 3772, 92.29041114]
[1542981600, 3756.66, 3784.98, 3756.66, 3784.01, 136.20593197]
[1542978000, 3728.93, 3770, 3754.93, 3755.65, 86.1831189]
[1542974400, 3730, 3797.99, 3787.81, 3754.94, 192.70061629]
[1542970800, 3760, 3792.43, 3782.94, 3786.63, 100.59001405]
[1542967200, 3774.35, 3814.66, 3793.12, 3782.94, 94.24008751]
[1542963600, 3768.83, 3824.17, 3768.83, 3793.13, 178.88107579]
[1542960000, 3705.31, 3768.9, 3705.31, 3768.82, 84.6373021]
[1542956400, 3678.24, 3758.3, 3736.71, 3705.31, 216.59420573]
[1542952800, 3687.11, 3741.5, 3704.11, 3736.78, 78.69922967]
[1542949200, 3601.06, 3725.99, 3666, 3703, 152.67659759]
[1542945600, 3659.98, 3707.6, 3698.05, 3666, 52.86253645]
[1542942000, 3674.03, 3740.4, 3674.03, 3698.06, 42.57545103]
[1542938400, 3625.12, 3708.19, 3692.16, 3676.05, 157.30196352]
[1542934800, 3650.09, 3775.79, 3770.06, 3692.17, 224.91202933]
[1542931200, 3739.95, 3799.52, 3739.95, 3767.89, 51.4531093]
[1542927600, 3726.2, 3877.22, 3877.22, 3739.95, 182.70349388]
[1542924000, 3853.27, 3902.7, 3894.01, 3877.68, 73.61455023]
[1542920400, 3879.59, 3922.26, 3879.59, 3893.97, 52.03814432]
[1542916800, 3860.33, 3891.77, 3867.16, 3879.59, 68.54582803]
[1542913200, 3856.07, 3892.02, 3892.02, 3867.16, 69.72521573]
[1542909600, 3892, 3920.19, 3918.12, 3892.02, 43.84393614]
[1542906000, 3890.65, 3930.99, 3896, 3918.13, 74.20612762]
[1542902400, 3887.8, 3913.89, 3913.89, 3896.01, 50.63506605]
[1542898800, 3900, 3927.91, 3910.01, 3913.89, 44.63999862]
[1542895200, 3878.17, 3929.23, 3887.16, 3910.01, 91.3959412]
[1542891600, 3830, 3906.59, 3879.72, 3887.16, 86.14256208]
[1542888000, 3861.13, 3907.01, 3906.99, 3879.72, 82.68148223]
[1542884400, 3870.24, 3924.52, 3918.02, 3906.98, 97.77777509]
[1542880800, 3894.99, 3927.3, 3894.99, 3918.01, 111.04599321]
[1542877200, 3890.57, 3973.96, 3973.53, 3894.99, 156.18593934]
[1542873600, 3968, 3978.6, 3972, 3973.54, 45.47643907]
[1542870000, 3950, 3972, 3954.61, 3971.99, 106.55792942]
[1542866400, 3955, 3981.24, 3981.22, 3955, 47.05660233]
[1542862800, 3956.9, 3981.93, 3965.04, 3981.22, 12.00549944]
[1542859200, 3952, 3990, 3976.99, 3965.05, 12.19364483]
[1542855600, 3954.26, 3995.17, 3995.17, 3978.46, 16.40946789]
[1542852000, 3977.47, 4028.99, 4028.96, 3995.17, 20.21767658]
[1542848400, 3977.44, 4028.99, 3984.7, 4028.97, 39.72047313]
[1542844800, 3959.67, 4008.89, 4005.25, 3984.7, 25.44401913]
[1542841200, 3930, 4025.99, 3937.91, 4000.21, 136.28684201]
[1542837600, 3919.39, 3968.98, 3919.79, 3940.85, 113.90502862]
[1542834000, 3816.49, 3950, 3886.18, 3919.79, 154.06643415]
[1542830400, 3857.02, 3942.77, 3885.99, 3886.18, 126.1768069]
[1542826800, 3855.08, 3904.69, 3894.82, 3886, 85.03757709]
[1542823200, 3878.29, 3930, 3911.74, 3893.91, 107.12345864]
[1542819600, 3851.31, 3958.91, 3957.39, 3911.75, 134.53998871]
[1542816000, 3937.85, 3988.59, 3966.65, 3958.36, 70.99487306]
[1542812400, 3893.75, 3997, 3893.76, 3966.16, 107.31279493]
[1542808800, 3857.01, 3918.12, 3913.9, 3893.76, 115.49870046]
[1542805200, 3894.19, 4021.09, 3997.74, 3913.9, 223.45611326]
[1542801600, 3953.88, 4012.15, 3956.64, 3995.33, 114.99366222]
[1542798000, 3950.71, 4020, 4000.53, 3953.84, 116.74791639]
[1542794400, 3950.36, 4019.07, 4019.07, 4000.53, 201.85616066]
[1542790800, 4002.87, 4103.95, 4037.01, 4019.11, 209.40909194]
[1542787200, 3905.12, 4069.15, 3945.5, 4038, 273.91869493]
[1542783600, 3856.14, 3945.5, 3880.25, 3945.5, 107.12316383]
[1542780000, 3784.48, 3890.04, 3797.12, 3880.26, 63.00413511]
[1542776400, 3797.13, 3909.26, 3909.26, 3797.13, 40.66668178]
[1542772800, 3841.11, 3915.36, 3915.36, 3909.26, 48.10725727]
[1542769200, 3816.62, 3947.17, 3845.42, 3915.37, 78.6693321]
[1542765600, 3782.32, 3874.78, 3787.9, 3845.42, 31.41085746]
[1542762000, 3732.72, 3819.92, 3799.48, 3787.9, 60.52146853]
[1542758400, 3762.01, 3863.57, 3843.16, 3798.75, 100.33270798]
[1542754800, 3711.99, 3889.73, 3762.25, 3850.01, 203.65324519]
[1542751200, 3730, 3897.7, 3824.18, 3762.26, 158.65255667]
[1542747600, 3732.98, 3933.11, 3770, 3813.96, 500.15229091]
[1542744000, 3556.25, 3951, 3951, 3768.41, 1164.67035068]
[1542740400, 3933.48, 4009.83, 3992.69, 3951, 86.16978432]
[1542736800, 3910.19, 4004.97, 3913.17, 3992.69, 225.09345489]
[1542733200, 3910.2, 4112.65, 4102.08, 3914.34, 348.70934306]
[1542729600, 4068.29, 4195.65, 4175, 4102.08, 423.45102324]
[1542726000, 4027.9, 4175, 4090.02, 4175, 602.16242887]
[1542722400, 3842.78, 4150.99, 3854.61, 4093, 611.98092696]
[1542718800, 3816.16, 3877, 3838.18, 3854.79, 138.95526447]
[1542715200, 3781.64, 3880.08, 3781.65, 3838.18, 203.1581198]
[1542711600, 3738.2, 3853.47, 3853.46, 3781.65, 446.82333417]
[1542708000, 3820.24, 3920.92, 3820.25, 3854.29, 285.98161998]
[1542704400, 3752.3, 3931.97, 3758.56, 3820.25, 581.62053942]
[1542700800, 3630, 3963.84, 3963.84, 3760.69, 879.90270435]
[1542697200, 3956.01, 4045, 3986.99, 3963.84, 282.69632868]
[1542693600, 3909.19, 4027.43, 4012.35, 3986.99, 307.38252394]
[1542690000, 3980.29, 4083.12, 4083.12, 4013.58, 398.06414573]
[1542686400, 4083.12, 4200, 4191.33, 4083.12, 160.72725007]
[1542682800, 4175.96, 4227.62, 4224.6, 4191.33, 27.50992153]
[1542679200, 4191.36, 4254.94, 4191.37, 4224.6, 55.59064735]
[1542675600, 4181.27, 4210.26, 4210.26, 4191.37, 37.51750429]
[1542672000, 4136.26, 4222.16, 4140.01, 4206.51, 143.91438058]
[1542668400, 4140, 4220, 4190.32, 4140.01, 158.82183188]
[1542664800, 4130.6, 4237.68, 4176.04, 4190.32, 373.51796223]
[1542661200, 4105, 4294.34, 4269.84, 4174.06, 616.27595702]
[1542657600, 4269.83, 4388.43, 4319.39, 4269.83, 249.7320886]
[1542654000, 4246.79, 4338.98, 4314, 4319.39, 568.49489138]
[1542650400, 4307.98, 4408.43, 4398.01, 4314, 322.0549918]
[1542646800, 4376, 4439.12, 4430.22, 4398, 150.87640312]
[1542643200, 4325.01, 4479.79, 4467.9, 4430.21, 495.78794047]
[1542639600, 4438.8, 4495, 4457.5, 4467.9, 172.65494709]
[1542636000, 4419.58, 4499, 4480.49, 4463.03, 316.31067077]
[1542632400, 4445.92, 4581.25, 4581.25, 4480.01, 305.70148914]
[1542628800, 4566.01, 4611, 4602.54, 4579.76, 95.43175457]
[1542625200, 4586.48, 4635.54, 4635.54, 4602.54, 84.3281182]
[1542621600, 4556.47, 4667.66, 4556.47, 4635.54, 177.53862032]
[1542618000, 4540, 4620, 4614.99, 4556.45, 212.88425578]
[1542614400, 4541, 4718.39, 4718.38, 4610, 332.63773842]
[1542610800, 4698.78, 4740, 4735.35, 4718.38, 72.04313553]
[1542607200, 4718.08, 4773.06, 4773.06, 4735.34, 66.46227107]
[1542603600, 4675, 4823.19, 4823.18, 4776.28, 164.23363776]
[1542600000, 4818.45, 4842.35, 4840.94, 4823.18, 4.0115141]
[1542596400, 4820, 4840.95, 4828.87, 4840.94, 4.18607287]
[1542592800, 4810, 4838.95, 4838.95, 4828.87, 7.68598305]
[1542589200, 4811.11, 4872.83, 4872.82, 4832.7, 51.71680234]
[1542585600, 4855.58, 4879.41, 4878.77, 4872.83, 6.65905672]
[1542582000, 4857.37, 4878.36, 4864.02, 4878.33, 20.55335171]
[1542578400, 4841.54, 4866, 4865, 4864.03, 30.17065225]
[1542574800, 4840, 4865.25, 4858.89, 4865.01, 34.4768939]
[1542571200, 4852.44, 4900, 4899.32, 4858.89, 75.55803851]
[1542567600, 4867.96, 4936.62, 4867.96, 4899.39, 67.66892098]
[1542564000, 4860, 4867.96, 4862.48, 4867.96, 11.87099267]
[1542560400, 4860, 4868, 4867.23, 4862.48, 18.69323218]
[1542556800, 4860.53, 4867.23, 4860.53, 4867.23, 15.07889171]
[1542553200, 4854.51, 4866, 4858.31, 4864.21, 24.10484908]
[1542549600, 4842.8, 4858.32, 4843.96, 4858.31, 32.02503273]
[1542546000, 4842.21, 4858.32, 4858.3, 4842.51, 24.78953323]
[1542542400, 4847.77, 4858.31, 4854.65, 4858.31, 16.77184451]
[1542538800, 4836.45, 4858.31, 4845.01, 4854.65, 22.43086329]
[1542535200, 4845, 4856.39, 4856.39, 4845.01, 22.04296947]
[1542531600, 4853.29, 4859.74, 4857.83, 4856.38, 13.55674363]
[1542528000, 4847, 4870, 4855.01, 4857.83, 32.04305993]
[1542524400, 4855, 4870, 4860.01, 4855.01, 11.78582724]
[1542520800, 4860, 4869.99, 4861, 4860.01, 8.74619135]
[1542517200, 4846.66, 4861, 4846.66, 4860.99, 1.48556052]
[1542513600, 4846.65, 4861.16, 4861.16, 4846.66, 12.47510956]
[1542510000, 4856, 4870, 4856.44, 4867.35, 14.44928759]
[1542506400, 4842.12, 4856.06, 4842.13, 4856.06, 11.04824023]
[1542502800, 4837.99, 4842.39, 4838, 4842.13, 2.20373447]
[1542499200, 4829, 4838, 4829, 4838, 5.40347713]
[1542495600, 4819.28, 4829.01, 4822.89, 4829.01, 11.12764165]
[1542492000, 4815, 4824.97, 4816.62, 4822.99, 13.47375958]
[1542488400, 4816.1, 4834.33, 4833, 4816.61, 19.66535003]
[1542484800, 4815, 4834.36, 4824.32, 4833.41, 24.95887562]
[1542481200, 4816.57, 4825.04, 4819.57, 4824.31, 19.32872441]
[1542477600, 4815, 4819.58, 4815.5, 4819.56, 21.48006899]
[1542474000, 4815.04, 4849.33, 4840, 4815.5, 24.43924255]
[1542470400, 4808, 4840, 4814.85, 4840, 52.01243679]
[1542466800, 4807.01, 4819.59, 4813.99, 4814.85, 16.64776679]
[1542463200, 4807, 4820.58, 4820.58, 4813.99, 21.1965854]
[1542459600, 4808.05, 4820.58, 4817.7, 4820.58, 23.76868699]
[1542456000, 4816.99, 4817.7, 4817, 4817.7, 24.48547577]
[1542452400, 4792.01, 4817, 4793.69, 4817, 47.16637944]
[1542448800, 4776, 4817.7, 4817.7, 4792.72, 49.32973251]
[1542445200, 4805.04, 4819.96, 4810, 4817.7, 19.12415883]
[1542441600, 4802.7, 4819.59, 4819.59, 4805.75, 16.36830006]
[1542438000, 4797.32, 4819.59, 4801.49, 4819.59, 13.17161981]
[1542434400, 4790, 4808.52, 4790.01, 4805.06, 15.54515357]
[1542430800, 4790, 4790.01, 4790.01, 4790.01, 2.20719021]
[1542427200, 4780, 4794.16, 4794.16, 4790.01, 2.09833458]
[1542423600, 4790, 4803.14, 4803.14, 4794.16, 4.21147149]
[1542420000, 4783.18, 4806.74, 4806.73, 4803.24, 10.98088215]
[1542416400, 4798.05, 4810.84, 4798.05, 4806.72, 5.15394749]
[1542412800, 4771.27, 4830.78, 4828.85, 4804.92, 52.43371942]
[1542409200, 4750.26, 4840, 4769.98, 4830.8, 40.34207913]
[1542405600, 4747.19, 4794.54, 4780, 4769.91, 68.65137499]
[1542402000, 4772, 4832.04, 4832.04, 4780.01, 127.77684696]
[1542398400, 4810, 4835.68, 4828.57, 4832.04, 64.11291057]
[1542394800, 4823.4, 4854.02, 4846.75, 4830.25, 27.92256985]
[1542391200, 4827.58, 4869.67, 4868.01, 4846.74, 104.98024569]
[1542387600, 4860.22, 4880.01, 4880.01, 4868.01, 32.52519485]
[1542384000, 4857.35, 4886.78, 4868.57, 4880.01, 50.12860023]
[1542380400, 4853.22, 4890, 4885.15, 4868.57, 92.32055635]
[1542376800, 4875.99, 4904, 4903.38, 4885.15, 77.65282998]
[1542373200, 4895.5, 4908.17, 4895.53, 4903.38, 55.41509335]
[1542369600, 4880, 5089.99, 5089.99, 4895.53, 76.61716201]
[1542351600, 4863, 4906.89, 4889.44, 4863.01, 47.29784316]
[1542348000, 4877.15, 4895, 4882.7, 4894.3, 26.28856722]
[1542344400, 4881.14, 4907.81, 4899.75, 4882.62, 12.8010725]
[1542340800, 4899.26, 4924.74, 4924.74, 4899.74, 12.3551081]
[1542337200, 4908.1, 4932.32, 4908.11, 4924.75, 5.71302094]
[1542333600, 4885.86, 4919.51, 4893.5, 4908.11, 9.53175455]
[1542330000, 4885.8, 4906.32, 4898.37, 4893.5, 12.38223341]
[1542326400, 4890, 4960.03, 4916.49, 4897.05, 25.44945998]
