[1535846400, 6161.16, 6187.33, 6186.4, 6161.17, 7.37491229]
[1535842800, 6174.61, 6199.9, 6188.63, 6189.91, 18.0334121]
[1535839200, 6184, 6206.6, 6184.9, 6188.63, 17.5142954]
[1535835600, 6166, 6201.34, 6201.34, 6184.89, 33.50236529]
[1535832000, 6190.99, 6246.92, 6246.92, 6201.34, 55.00335118]
[1535828400, 6199.99, 6248.4, 6199.99, 6246.92, 76.78763902]
[1535824800, 6191, 6200, 6193.91, 6199.99, 30.31606136]
[1535821200, 6177, 6204.28, 6204.27, 6193.91, 48.8868377]
[1535817600, 6186, 6210, 6186, 6204.27, 59.66916282]
[1535814000, 6129.98, 6225.99, 6129.98, 6186.01, 161.15674489]
[1535810400, 6074.01, 6149, 6080.71, 6125.74, 72.55952398]
[1535806800, 6065.04, 6087.34, 6072.23, 6080.71, 23.19828736]
[1535803200, 6071.46, 6102.36, 6102.36, 6072.11, 35.30824469]
[1535799600, 6101.4, 6129.87, 6115.04, 6102.36, 57.40507729]
[1535796000, 6093.5, 6123, 6093.6, 6115.03, 54.81963598]
[1535792400, 6078.19, 6099, 6078.19, 6093.6, 29.10885902]
[1535788800, 6074.38, 6086.39, 6077.63, 6078.19, 15.24458239]
[1535785200, 6073.19, 6089.23, 6079.99, 6077.36, 28.00855051]
[1535781600, 6069, 6080, 6071.18, 6079.99, 6.35489021]
[1535778000, 6062.91, 6084, 6079.99, 6071.09, 14.64914392]
[1535774400, 6077.18, 6090, 6088.22, 6080, 3.06939847]
[1535770800, 6061.52, 6088.23, 6070.81, 6085.54, 16.28936441]
[1535767200, 6060.4, 6079, 6060.4, 6070.81, 3.61924944]
[1535763600, 6058.34, 6075, 6074.43, 6065.29, 4.40917586]
[1535760000, 6042, 6074.44, 6042.01, 6074.43, 11.3091087]
[1535756400, 6042, 6068, 6050.62, 6042, 16.22139742]
[1535752800, 6043.49, 6062.21, 6062.21, 6050.63, 16.21270186]
[1535749200, 5973.56, 6074.91, 6074.91, 6062.21, 62.88769001]
[1535745600, 6066.64, 6082.52, 6068.12, 6075, 18.3474974]
[1535742000, 6052.46, 6077.75, 6076.97, 6068.12, 33.74967028]
[1535738400, 6062.71, 6097.5, 6079, 6072.49, 69.52567696]
[1535734800, 6022.1, 6080, 6034, 6079.01, 72.96830382]
[1535731200, 6000.16, 6034.75, 6006.96, 6034, 41.21569892]
[1535727600, 5959.22, 6015, 5959.22, 6006.96, 115.5081043]
[1535724000, 5941.03, 5967.09, 5960.54, 5958.61, 38.21232881]
[1535720400, 5941, 5962, 5941, 5960.54, 30.45632128]
[1535716800, 5927.5, 5987.88, 5981, 5941.01, 53.45432716]
[1535713200, 5961.28, 5998.7, 5961.28, 5981, 65.81221374]
[1535709600, 5959, 5970, 5966.56, 5960.26, 30.2973544]
[1535706000, 5950, 5969.11, 5969.11, 5966.56, 32.74905278]
[1535702400, 5965.01, 5984.62, 5965.01, 5969.11, 42.78061928]
[1535698800, 5965, 5999.99, 5997.11, 5965.01, 25.36587425]
[1535695200, 5970.67, 6002.89, 6000.01, 5995.87, 70.38793364]
[1535691600, 5992.09, 6020.6, 6011.82, 6001.81, 30.41431722]
[1535688000, 5968.99, 6020.61, 5980, 6011.82, 19.62102455]
[1535684400, 5956.89, 5980, 5958.53, 5979.99, 6.47119074]
[1535680800, 5946.88, 5968.17, 5950.07, 5958.52, 2.5621202]
[1535677200, 5950.17, 5979.99, 5967.27, 5950.17, 24.73626156]
[1535673600, 5967.26, 5996.95, 5992.27, 5967.27, 14.30445155]
[1535670000, 5943.07, 5995, 5953.38, 5986.82, 17.61785934]
[1535666400, 5934.79, 5960, 5948.2, 5953.37, 34.80257433]
[1535662800, 5930.44, 5969.99, 5936.38, 5948.16, 64.06408134]
[1535659200, 5832, 5950, 5847.56, 5935.07, 77.18439897]
[1535655600, 5840, 5865.98, 5852.09, 5847.56, 46.37408056]
[1535652000, 5828.38, 5893.94, 5887.36, 5850.49, 59.01200382]
[1535648400, 5883.73, 5905, 5886.76, 5886.79, 19.84820795]
[1535644800, 5873, 5909.07, 5894.73, 5886.12, 39.86325811]
[1535641200, 5892, 5919.99, 5894.18, 5894.73, 77.18335299]
[1535637600, 5869, 5909.06, 5871.04, 5894.17, 77.44411194]
[1535634000, 5836.28, 5879, 5852.12, 5871.04, 69.30670356]
[1535630400, 5837.2, 5900.64, 5882.08, 5850.03, 147.91726946]
[1535626800, 5868, 5922, 5922, 5882.09, 78.51610431]
[1535623200, 5900, 5938.8, 5918.8, 5921.99, 86.94035866]
[1535619600, 5882.51, 5950.1, 5945.01, 5918.8, 161.45021542]
[1535616000, 5942.54, 5982.07, 5960.05, 5945.01, 45.84155376]
[1535612400, 5960, 5982.99, 5970.99, 5960.05, 27.75509989]
[1535608800, 5930, 5988.28, 5967.84, 5970.51, 65.79421318]
[1535605200, 5960.01, 6002.29, 6002.29, 5971.76, 24.71308288]
[1535601600, 5982.09, 6006.76, 6001, 6002.29, 10.4651586]
[1535598000, 5980, 6008.75, 5986.1, 6001, 4.152144]
[1535594400, 5963.12, 6022.05, 6022.05, 5986.09, 28.75658427]
[1535590800, 6012.67, 6024, 6024, 6022.06, 2.38877004]
[1535587200, 6005.12, 6024, 6009.99, 6024, 6.24068018]
[1535583600, 5995.33, 6036.29, 6036.29, 6010, 31.19223303]
[1535580000, 6026.38, 6040.1, 6040.1, 6036.29, 35.77866974]
[1535576400, 6017.58, 6040.1, 6017.59, 6040.1, 27.39572462]
[1535572800, 5980.03, 6026.42, 5991.99, 6017.59, 51.16814627]
[1535569200, 5987.14, 6000, 6000, 5992, 17.09909936]
[1535565600, 5974.98, 6008.26, 6005.57, 6000, 34.14845737]
[1535562000, 5979.89, 6015.55, 5980.06, 6005.57, 82.55121011]
[1535558400, 5935, 5988.07, 5960, 5980.06, 112.66990556]
[1535554800, 5914.35, 6053.09, 6053.08, 5960, 350.23036784]
[1535551200, 6042.49, 6095.02, 6095.01, 6053.46, 156.11392225]
[1535547600, 6095, 6100, 6095.01, 6095.01, 52.99768033]
[1535544000, 6083.22, 6099, 6083.23, 6095, 33.52276413]
[1535540400, 6075.26, 6090.32, 6087.21, 6083.23, 34.06027184]
[1535536800, 6082.93, 6112.28, 6094.99, 6087.21, 60.57703788]
[1535533200, 6062.57, 6095, 6064.81, 6095, 56.69685294]
[1535529600, 6045.3, 6070.94, 6058.84, 6064.81, 63.18296619]
[1535526000, 6035, 6065.96, 6046.02, 6058.95, 53.32651357]
[1535522400, 6046, 6070, 6050, 6046.01, 29.9550242]
[1535518800, 6023.19, 6046, 6025.05, 6046, 16.72170422]
[1535515200, 6025.04, 6038, 6029.02, 6025.05, 10.20824559]
[1535511600, 6016, 6031.97, 6022.01, 6029.02, 6.8036792]
[1535508000, 6010.95, 6055.47, 6046.7, 6031.41, 12.32776103]
[1535504400, 6040, 6066.74, 6055.75, 6046.7, 17.0034454]
[1535500800, 6050, 6061.01, 6061.01, 6055.75, 6.76713675]
[1535497200, 6052, 6086.16, 6064, 6061, 42.46202637]
[1535493600, 6000, 6064, 6062.5, 6063.99, 81.45339134]
[1535490000, 6055, 6085, 6069.01, 6062.5, 48.23857906]
[1535486400, 6067.32, 6108.42, 6080.01, 6069.01, 115.01447842]
[1535482800, 6040.07, 6094, 6045.29, 6080.01, 122.94762688]
[1535479200, 6025, 6054.45, 6026.89, 6045.28, 59.7870857]
[1535475600, 6000, 6042.7, 6002.17, 6026.89, 93.53873668]
[1535472000, 6000, 6032.6, 6030.51, 6002.17, 123.79342343]
[1535468400, 6015, 6040.51, 6040.06, 6030.51, 69.5089282]
[1535464800, 6020.08, 6066.39, 6057.69, 6041.42, 115.83821973]
[1535461200, 6020, 6071.33, 6025.52, 6057.69, 116.85660428]
[1535457600, 6000, 6028.99, 6027, 6025.51, 107.6312351]
[1535454000, 5939.99, 6037.68, 5939.99, 6027.01, 304.90939903]
[1535450400, 5933, 5940, 5934.68, 5940, 59.32427198]
[1535446800, 5933, 5934.72, 5933, 5934.68, 37.01586471]
[1535443200, 5930.35, 5949.56, 5941.22, 5933.01, 89.15383627]
[1535439600, 5926, 5945, 5926.11, 5941.21, 75.8579396]
[1535436000, 5918, 5945.81, 5925.01, 5926.12, 73.38268592]
[1535432400, 5916.51, 5930.3, 5919.99, 5925.01, 28.91926515]
[1535428800, 5900.07, 5923.99, 5900.07, 5919.98, 7.39117074]
[1535425200, 5899.98, 5925.35, 5899.99, 5900.08, 8.46488069]
[1535421600, 5890.01, 5937.04, 5930.76, 5896.98, 22.18149291]
[1535418000, 5903.89, 5940, 5903.89, 5931.64, 48.11382111]
[1535414400, 5885.6, 5910, 5906.79, 5903.9, 28.00350349]
[1535410800, 5778.82, 5925, 5794.96, 5906.79, 157.40007891]
[1535407200, 5770, 5794.99, 5781.42, 5792.1, 31.50123633]
[1535403600, 5766.19, 5782.99, 5771.73, 5781.42, 39.17246769]
[1535400000, 5771.24, 5783.64, 5782.4, 5771.72, 21.98684291]
[1535396400, 5771.6, 5784.69, 5778.66, 5782.5, 23.67764809]
[1535392800, 5770, 5786, 5784.81, 5778.65, 25.2196182]
[1535389200, 5771.11, 5788.32, 5782.77, 5784.82, 23.20320232]
[1535385600, 5770, 5790, 5788.35, 5782.77, 37.64772629]
[1535382000, 5765, 5790, 5771.27, 5789.64, 35.02179689]
[1535378400, 5765, 5794.99, 5772.96, 5771.27, 59.1580564]
[1535374800, 5750, 5772.96, 5750.5, 5772.96, 48.35225635]
[1535371200, 5750, 5814, 5782.84, 5750.5, 105.02799949]
[1535367600, 5774.01, 5794.58, 5785.36, 5782.84, 43.70679885]
[1535364000, 5770, 5790, 5770.01, 5785.35, 29.06615633]
[1535360400, 5770, 5780, 5780, 5770.01, 21.08504494]
[1535356800, 5778, 5794.22, 5782.25, 5780, 37.69682027]
[1535353200, 5782.23, 5795, 5792.52, 5782.26, 28.39303602]
[1535349600, 5779.98, 5795, 5785.44, 5792.52, 21.8326188]
[1535346000, 5778.3, 5796.67, 5778.3, 5785.44, 14.73077967]
[1535342400, 5752.59, 5781.08, 5752.6, 5778.33, 19.46677529]
[1535338800, 5739.08, 5755.27, 5746.43, 5752.6, 5.89454529]
[1535335200, 5746.06, 5761.82, 5746.43, 5747.3, 2.82387676]
[1535331600, 5742.87, 5764.14, 5761.35, 5746.42, 10.45183657]
[1535328000, 5755, 5771, 5763.16, 5761.35, 17.3256844]
[1535324400, 5750.11, 5776, 5756.17, 5760.61, 15.08942089]
[1535320800, 5750, 5764.14, 5754.55, 5756.16, 7.81744163]
[1535317200, 5752.49, 5765.14, 5759.71, 5754.55, 10.5745204]
[1535313600, 5750, 5779.22, 5779.05, 5759.71, 18.39995113]
[1535310000, 5744.62, 5779.05, 5770.41, 5779.04, 18.84340118]
[1535306400, 5734.79, 5773, 5734.79, 5770.41, 18.42715332]
[1535302800, 5725, 5749, 5733.77, 5734.8, 28.86059543]
[1535299200, 5725, 5787.04, 5763.42, 5733.77, 59.28554685]
[1535295600, 5758.85, 5783.64, 5781, 5763.42, 37.69236824]
[1535292000, 5781, 5800, 5789, 5781.01, 50.10816657]
[1535288400, 5766.85, 5789, 5766.86, 5789, 19.54812227]
[1535284800, 5764.91, 5786.54, 5786.54, 5766.86, 14.88882399]
[1535281200, 5749.69, 5786.63, 5749.7, 5786.54, 20.98711504]
[1535277600, 5745, 5750, 5747.09, 5749.7, 17.10577561]
[1535274000, 5720.12, 5749.9, 5725, 5747.1, 24.19853731]
[1535270400, 5725, 5733.39, 5725.01, 5725, 14.64494502]
[1535266800, 5685.47, 5733.38, 5707.24, 5726.92, 26.6856444]
[1535263200, 5659.18, 5707.25, 5685, 5707.25, 38.49971235]
[1535259600, 5683, 5713.6, 5707.44, 5684.99, 30.50688949]
[1535256000, 5700.32, 5720.11, 5720.11, 5712.68, 4.15329744]
[1535252400, 5701.8, 5735.44, 5721.59, 5720.1, 20.89343034]
[1535248800, 5710.36, 5796.96, 5796.96, 5721.6, 34.08998742]
[1535245200, 5796.95, 5814, 5813.99, 5796.96, 5.17104082]
[1535241600, 5779.5, 5817.33, 5795.56, 5813.99, 12.44972997]
[1535238000, 5786.3, 5812, 5786.31, 5795.56, 32.79816677]
[1535234400, 5764.4, 5786.31, 5770, 5786.31, 14.89622238]
[1535230800, 5770, 5790.03, 5782, 5770, 19.63675473]
[1535227200, 5778, 5782, 5780.8, 5782, 14.45796921]
[1535223600, 5770.03, 5785.36, 5770.03, 5780.81, 11.72450614]
[1535220000, 5766.11, 5795.35, 5795.34, 5770, 25.21889613]
[1535216400, 5772.73, 5797.89, 5787.99, 5795.34, 14.16887852]
[1535212800, 5767, 5800, 5796.9, 5788.4, 42.64181789]
[1535209200, 5791.01, 5796.9, 5792.73, 5796.9, 45.10413611]
[1535205600, 5754, 5796.14, 5766.27, 5792.72, 44.104421]
[1535202000, 5753.22, 5775, 5756.4, 5766.27, 14.92063322]
[1535198400, 5753.22, 5795.51, 5773.61, 5756.3, 29.38913609]
[1535194800, 5765.78, 5791.52, 5786.96, 5776.17, 26.92481182]
[1535191200, 5758.08, 5787.66, 5759.85, 5787.66, 14.2229463]
[1535187600, 5755.88, 5797, 5780.77, 5759.8, 30.58456806]
[1535184000, 5737.91, 5783.99, 5737.91, 5780.84, 27.02834561]
[1535180400, 5721, 5754, 5753.78, 5737.91, 26.48825319]
[1535176800, 5743.41, 5785, 5784.96, 5753.77, 40.67259478]
[1535173200, 5782.8, 5810.66, 5796.53, 5784.96, 13.0492694]
[1535169600, 5764.24, 5790, 5789.99, 5790, 9.1779662]
[1535166000, 5782.01, 5817.33, 5810, 5789.99, 7.24458488]
[1535162400, 5789.99, 5833.12, 5790, 5810, 36.71533638]
[1535158800, 5771, 5790, 5788.91, 5789.99, 8.3002033]
[1535155200, 5759.43, 5798.49, 5759.43, 5785.39, 33.79532368]
[1535151600, 5742.6, 5773.18, 5750.4, 5759.43, 27.40659274]
[1535148000, 5749.99, 5777.96, 5750, 5750.4, 60.67477508]
[1535144400, 5694.98, 5750, 5694.99, 5749.99, 44.59728521]
[1535140800, 5694.98, 5695, 5695, 5695, 29.46705453]
[1535137200, 5668.27, 5718.99, 5718.99, 5694.99, 56.7182314]
[1535133600, 5663.26, 5719, 5663.27, 5719, 86.56263762]
[1535130000, 5638.09, 5694.38, 5639.21, 5663.27, 89.40141787]
[1535126400, 5597, 5639.9, 5606.2, 5639.21, 40.76412546]
