[1562486400, 9926.72, 9996.94, 9988.7, 9985.9, 30.60069465]
[1562482800, 9966.52, 10027.61, 9990, 9988.69, 15.22632309]
[1562479200, 9960.02, 10029.45, 10029.43, 9990, 13.5769091]
[1562475600, 9991.08, 10092.93, 10074.44, 10029.78, 25.06710045]
[1562472000, 9944.97, 10088.28, 9950.22, 10069.32, 15.00125984]
[1562468400, 9905, 9999.13, 9976.08, 9950.02, 7.61529734]
[1562464800, 9921.01, 10011.99, 10009.49, 9983.05, 38.56397216]
[1562461200, 9953.4, 10024.95, 9990.35, 10009.55, 25.09047437]
[1562457600, 9900, 10039.66, 10022.08, 9992.8, 28.77968465]
[1562454000, 9982.22, 10049.66, 10031.14, 10022.8, 23.93020711]
[1562450400, 9865, 10034.42, 9973.97, 10027.58, 147.78943175]
[1562446800, 9900, 10212.73, 10208.97, 9971.8, 191.44117902]
[1562443200, 10202, 10268.99, 10253.97, 10220.45, 23.24570051]
[1562439600, 10195, 10265.43, 10234.99, 10262.77, 53.68636766]
[1562436000, 10165.07, 10350, 10326.44, 10220, 79.8441726]
[1562432400, 10276.26, 10350, 10334.01, 10328.94, 45.60473636]
[1562428800, 10300, 10435, 10363.02, 10333.9, 124.79856875]
[1562425200, 10182.02, 10423.93, 10187.93, 10363.02, 181.22792667]
[1562421600, 10130, 10185, 10147.02, 10185, 21.93410141]
[1562418000, 10122.96, 10208, 10201.11, 10146.97, 30.9248714]
[1562414400, 10114.48, 10257.94, 10174.32, 10198.4, 68.84694419]
[1562410800, 10120, 10189, 10144.25, 10184.18, 35.24525867]
[1562407200, 10120.02, 10211.67, 10181.7, 10144.53, 37.58088287]
[1562403600, 10098.03, 10191.42, 10110.64, 10181.69, 39.25805877]
[1562400000, 10100, 10284.99, 10188.23, 10102.03, 86.24000027]
[1562396400, 10150.12, 10249, 10150.14, 10188.22, 64.62393756]
[1562392800, 10115.69, 10246.65, 10119.83, 10154.28, 82.93694393]
[1562389200, 10068.92, 10263.16, 10184.9, 10108.8, 45.12600555]
[1562385600, 10190.15, 10325, 10261.77, 10191, 114.67113234]
[1562382000, 10100.18, 10264.63, 10129.55, 10264.63, 37.08472289]
[1562378400, 10096.74, 10197, 10158.2, 10130, 12.81826778]
[1562374800, 10113.05, 10200, 10194.99, 10150.5, 26.257752]
[1562371200, 9803.92, 10195, 9822.95, 10195, 117.24669341]
[1562367600, 9680, 9871.08, 9775.01, 9800.8, 55.65121948]
[1562364000, 9755.97, 9929.93, 9893.81, 9779.21, 73.10024215]
[1562360400, 9800, 9938.94, 9855.43, 9881.61, 88.42241228]
[1562356800, 9650, 9953.4, 9923.96, 9856.37, 208.94239825]
[1562353200, 9916.94, 10060.35, 10014.37, 9938.03, 73.31959713]
[1562349600, 9975.88, 10133.84, 10090, 10011.07, 54.16991057]
[1562346000, 9873.94, 10097.8, 9971.66, 10091.41, 105.39084883]
[1562342400, 9950.34, 10063.04, 10041.28, 9975, 59.36879651]
[1562338800, 10020, 10168.99, 10141.01, 10047.87, 114.23112531]
[1562335200, 9956.09, 10211.19, 9970.56, 10141.84, 142.35257309]
[1562331600, 9926.47, 10018.98, 9983.33, 9971.14, 149.17049957]
[1562328000, 9902.01, 10022.47, 9967.82, 9980, 73.60043862]
[1562324400, 9967.13, 10074.55, 10069.44, 9967.13, 81.43053742]
[1562320800, 9952.89, 10100, 9991.1, 10074.4, 200.71388851]
[1562317200, 9680, 10011.42, 9694.42, 9991.96, 231.66663959]
[1562313600, 9668.41, 9769.97, 9765.46, 9694.42, 121.91063474]
[1562310000, 9570.52, 9768.78, 9627.51, 9765.85, 213.80288628]
[1562306400, 9570.53, 9911.99, 9899.9, 9637.89, 286.58053329]
[1562302800, 9898.06, 9963.94, 9920.66, 9898.06, 79.17921184]
[1562299200, 9800, 9933.27, 9899.56, 9920.66, 57.6788319]
[1562295600, 9829.93, 9937.44, 9868.56, 9911.78, 55.36864038]
[1562292000, 9856, 10007.23, 9968.78, 9860.4, 35.54704663]
[1562288400, 9902.81, 10017, 9932.69, 9951.97, 31.46768462]
[1562284800, 9751, 9973.98, 9896.29, 9917.17, 94.96087544]
[1562281200, 9813.1, 10331.13, 10300.71, 9913.1, 383.91118525]
[1562277600, 10260, 10385, 10279.75, 10300.44, 39.61616077]
[1562274000, 10274, 10420, 10403.99, 10280.14, 65.96936618]
[1562270400, 10220.01, 10518.99, 10518.99, 10404.98, 222.23306843]
[1562266800, 10421, 10525, 10499, 10515, 56.92678614]
[1562263200, 10481.64, 10547.87, 10534.27, 10499, 75.56675856]
[1562259600, 10474.47, 10563.69, 10474.47, 10534.25, 84.83282915]
[1562256000, 10345, 10505.65, 10450, 10488.77, 151.86590098]
[1562252400, 10429, 10580, 10534.64, 10451.72, 147.07215384]
[1562248800, 10500, 10600, 10540.03, 10533.72, 96.53239193]
[1562245200, 10450.68, 10578.23, 10457.22, 10540.03, 140.74303714]
[1562241600, 10397.79, 10500, 10408.02, 10454.18, 132.99241087]
[1562238000, 10296.85, 10448.11, 10305.01, 10409.99, 85.60767633]
[1562234400, 10211.97, 10379.35, 10335.09, 10308.83, 229.83774314]
[1562230800, 10311.09, 10460.68, 10452.32, 10334.76, 160.01084706]
[1562227200, 10325.01, 10464.73, 10390, 10456.28, 106.85898712]
[1562223600, 10350, 10499.97, 10433.24, 10392.23, 143.40506992]
[1562220000, 10329.94, 10484.19, 10349.51, 10433.24, 111.95645335]
[1562216400, 10285, 10381.71, 10309.97, 10349.51, 109.26172374]
[1562212800, 10280.02, 10530.66, 10507.65, 10306.31, 116.45808584]
[1562209200, 10470.64, 10568, 10550.01, 10507.66, 21.26322067]
[1562205600, 10500, 10580, 10524.15, 10550, 19.1513693]
[1562202000, 10405.71, 10560.51, 10470.89, 10506.88, 55.62667563]
[1562198400, 10454.49, 10682.75, 10608.38, 10470.22, 138.51109824]
[1562194800, 10453.26, 10635.66, 10559.01, 10604.98, 216.14828994]
[1562191200, 10084.91, 10598.22, 10111.96, 10559.01, 431.73986787]
[1562187600, 10021.14, 10132.7, 10083.36, 10111.96, 93.132699]
[1562184000, 9958.54, 10138, 10000, 10099.07, 94.69214451]
[1562180400, 9930.09, 10070, 9985.02, 10000, 89.33114237]
[1562176800, 9791.86, 9990, 9920.95, 9988.32, 244.34203403]
[1562173200, 9908.57, 10070, 9920, 9924.02, 132.56490551]
[1562169600, 9896.24, 10174, 10165.5, 9920, 246.61076461]
[1562166000, 10067.62, 10199, 10125.91, 10158.9, 229.85603141]
[1562162400, 9935, 10170, 9990, 10120, 137.64666226]
[1562158800, 9939.43, 10166.9, 10112.28, 9993.2, 227.2468066]
[1562155200, 9898.4, 10120, 9919.99, 10112.95, 120.99305412]
[1562151600, 9850.01, 10092, 10059.45, 9919.99, 128.06830486]
[1562148000, 9958.72, 10125, 9990.98, 10055.42, 214.88609005]
[1562144400, 9684.43, 9995.47, 9800, 9995.47, 256.68830061]
[1562140800, 9800, 10067.96, 10000.29, 9802.86, 388.64792338]
[1562137200, 9936.96, 10210.7, 10186.03, 10009.42, 303.20710429]
[1562133600, 10055.18, 10236.94, 10197.33, 10186.03, 223.06000889]
[1562130000, 9969.69, 10274.57, 9993.49, 10197.31, 304.713091]
[1562126400, 9971.91, 10139.9, 10044.52, 10005.68, 171.79635361]
[1562122800, 9832.07, 10097.81, 9900.62, 10044.51, 101.3951459]
[1562119200, 9853.24, 10099.98, 10069.81, 9898.81, 101.22350619]
[1562115600, 9909.59, 10130, 9974.85, 10069.81, 224.85781602]
[1562112000, 9599.86, 9990, 9600.67, 9974.93, 219.12524418]
[1562108400, 9480, 9601.72, 9562, 9594.16, 60.27949522]
[1562104800, 9453.22, 9628.18, 9470.78, 9560.87, 81.81855837]
[1562101200, 9387.02, 9535.81, 9474.28, 9470.78, 211.64191809]
[1562097600, 9475.51, 9700.01, 9570, 9479, 301.87178188]
[1562094000, 9461.81, 9650, 9490, 9559.9, 250.36960363]
[1562090400, 9380.96, 9510, 9509.99, 9490, 189.38483975]
[1562086800, 9270, 9540, 9270, 9510, 378.07397414]
[1562083200, 9200, 9404.82, 9400, 9270, 273.68272267]
[1562079600, 9175.58, 9425, 9310, 9400.88, 359.40185966]
[1562076000, 8676, 9310, 8747.39, 9310, 403.49160176]
[1562072400, 8696.02, 8927.09, 8860.11, 8747.39, 161.81639204]
[1562068800, 8759.87, 8996.99, 8804.27, 8860.1, 222.61437712]
[1562065200, 8550, 9039.2, 8864.89, 8824.1, 566.87179841]
[1562061600, 8827.94, 9038.99, 8957.18, 8872.74, 125.37507974]
[1562058000, 8932.26, 9138.23, 9021.59, 8976.78, 219.47041937]
[1562054400, 8654.39, 9088.98, 8702, 9025.68, 323.52819846]
[1562050800, 8536, 8745.84, 8600, 8701.14, 270.83778687]
[1562047200, 8550, 8700.04, 8617.66, 8591.22, 360.23858905]
[1562043600, 8556.67, 8794.49, 8736.9, 8619.96, 349.51934092]
[1562040000, 8650, 9131.72, 9105.4, 8751.04, 395.6596707]
[1562036400, 9032.62, 9130.66, 9052.96, 9115.76, 24.4960889]
[1562032800, 9030, 9160.89, 9038.72, 9054.42, 37.49656087]
[1562029200, 9008.1, 9193.95, 9141, 9045.6, 43.37630961]
[1562025600, 9141.98, 9420.02, 9344.99, 9146.41, 122.59860694]
[1562022000, 9245.7, 9422, 9245.7, 9345, 75.45701748]
[1562018400, 9166.86, 9358.74, 9343.95, 9254.45, 130.25132902]
[1562014800, 9212.38, 9386.38, 9280, 9346.8, 180.47923603]
[1562011200, 9002.6, 9372.14, 9016.87, 9271.16, 363.20556678]
[1562007600, 8800, 9080.43, 9080.43, 9005.89, 409.64658315]
[1562004000, 8974.55, 9126.01, 9058.98, 9083.28, 187.88274654]
[1562000400, 8942.73, 9178.41, 9073.66, 9053, 242.9591927]
[1561996800, 9026.76, 9227.29, 9137.57, 9073.66, 306.41383634]
[1561993200, 8723, 9140, 9014.39, 9137.57, 1023.08162715]
[1561989600, 9001, 9374.25, 9296.21, 9014.41, 374.2726389]
[1561986000, 9290.52, 9422.5, 9351.01, 9290.52, 178.85616882]
[1561982400, 9250, 9687.54, 9674.38, 9358.16, 542.24726008]
[1561978800, 9580.01, 9687.54, 9634.91, 9680.03, 92.74253594]
[1561975200, 9565.86, 9793.16, 9757.32, 9631.39, 130.71105136]
[1561971600, 9715.97, 9830, 9808.98, 9756.29, 93.03259838]
[1561968000, 9606.01, 9803.84, 9647.49, 9803.84, 157.6598362]
[1561964400, 9528.93, 9726.51, 9609.81, 9648.37, 116.65948641]
[1561960800, 9591.37, 9777.77, 9724.53, 9609.94, 107.32519045]
[1561957200, 9620.89, 9821, 9774.1, 9730.22, 57.32409415]
[1561953600, 9714.92, 9817.52, 9776.63, 9756.18, 45.7629412]
[1561950000, 9649.58, 9890.45, 9689.41, 9769.18, 22.1119707]
[1561946400, 9524, 9760, 9617.68, 9702, 25.2322143]
[1561942800, 9618.05, 9792.19, 9717.84, 9618.05, 31.02971011]
[1561939200, 9350.28, 9710, 9476.74, 9710, 112.58056266]
[1561935600, 9401.1, 9677.39, 9628.04, 9466.76, 205.92658209]
[1561932000, 9541.9, 9948.92, 9948.9, 9628.85, 187.4216937]
[1561928400, 9900, 10074.24, 10054.71, 9948.92, 123.53807473]
[1561924800, 9814.02, 10071.11, 9898.13, 10058.78, 91.617261]
[1561921200, 9760.02, 9938.42, 9852.93, 9898.14, 114.70907205]
[1561917600, 9781.64, 9960.99, 9949.21, 9852.78, 104.15488988]
[1561914000, 9857.98, 10016.14, 9857.98, 9949.19, 220.70117274]
[1561910400, 9523.48, 9917.07, 9739.11, 9854.71, 335.47615394]
[1561906800, 9724.17, 9874.57, 9847.45, 9744.16, 128.35025385]
[1561903200, 9602.01, 9879.99, 9750, 9847.45, 279.0360076]
[1561899600, 9664.21, 10210, 10187.18, 9736.87, 349.7141773]
[1561896000, 10101, 10226.14, 10133.33, 10187.18, 57.61817835]
[1561892400, 10080.52, 10200, 10135.13, 10134.47, 97.34262543]
[1561888800, 10000, 10362.51, 10357.3, 10127.59, 321.5504253]
[1561885200, 10301, 10423.55, 10364.67, 10360, 41.06193918]
[1561881600, 10232.44, 10385.39, 10272.36, 10360.74, 81.74326491]
[1561878000, 10205.34, 10471.54, 10470.51, 10285.62, 158.87159203]
[1561874400, 10431.97, 10549.03, 10528.35, 10454.69, 23.21704366]
[1561870800, 10405.58, 10635, 10585.5, 10500.02, 49.69167333]
[1561867200, 10555, 10662, 10637.41, 10578.99, 56.78527565]
[1561863600, 10547.62, 10690, 10594.87, 10638.24, 50.00176951]
[1561860000, 10545.39, 10629.71, 10628.14, 10588.19, 9.46408512]
[1561856400, 10528.09, 10650, 10634.99, 10604.86, 34.85589105]
[1561852800, 10424.12, 10640, 10433.32, 10634.99, 54.44872271]
[1561849200, 10356.62, 10594.19, 10582.22, 10429.32, 73.69066188]
[1561845600, 10483, 10624.88, 10483, 10585.03, 56.1563655]
[1561842000, 10438.82, 10734.78, 10671.7, 10483, 116.25878399]
[1561838400, 10430, 10765, 10430.07, 10666.21, 150.85483556]
[1561834800, 10422.42, 10549.9, 10499.99, 10430.53, 73.31048123]
[1561831200, 10473.75, 10600, 10524.69, 10493.15, 114.82946295]
[1561827600, 10330, 10549, 10393.98, 10524.75, 90.04388927]
[1561824000, 10230, 10527.57, 10451.21, 10395.41, 155.89867167]
[1561820400, 10411.81, 10618.67, 10492.18, 10461.64, 73.4724056]
[1561816800, 10407.65, 10565.75, 10536.51, 10486.9, 96.90150312]
[1561813200, 10471.48, 10700, 10614.36, 10543.98, 194.77236666]
[1561809600, 10500, 10649.98, 10510.01, 10600.98, 132.2707827]
[1561806000, 10313.69, 10524.72, 10374.37, 10510.01, 117.53828131]
[1561802400, 10151.36, 10400, 10206, 10364.45, 112.77112534]
[1561798800, 10201, 10333.57, 10240, 10206, 104.47298759]
[1561795200, 10211, 10415.74, 10413.81, 10239.99, 113.37603495]
[1561791600, 10278.27, 10440, 10369.02, 10422.99, 76.02956644]
[1561788000, 10062.64, 10394.72, 10155.29, 10369.01, 93.6966864]
[1561784400, 10090, 10271.64, 10223.6, 10141.75, 80.81341019]
[1561780800, 10000, 10241.82, 10094.95, 10223.81, 123.84621015]
[1561777200, 10026.62, 10311.49, 10301.06, 10085.74, 100.2567621]
[1561773600, 10137, 10410.03, 10410.03, 10301.06, 157.48064088]
[1561770000, 10410, 10842.83, 10733.28, 10410.04, 96.90287206]
[1561766400, 10667.07, 10876.87, 10873.01, 10736.76, 81.88330615]
