[1578326400, 6715.3, 6751.92, 6733.82, 6742.59, 39.62476307]
[1578322800, 6726.4, 6759.65, 6746.66, 6730, 47.48057791]
[1578319200, 6698.98, 6759.95, 6723.31, 6752.19, 63.45838569]
[1578315600, 6699.43, 6793.99, 6749.69, 6723.3, 98.97838108]
[1578312000, 6728.67, 6757.09, 6728.68, 6753.99, 69.05898416]
[1578308400, 6720.73, 6767, 6754.04, 6733.69, 79.96935183]
[1578304800, 6730.01, 6759.07, 6740.48, 6752.83, 81.16840875]
[1578301200, 6724.93, 6755, 6754.99, 6744.99, 63.22314131]
[1578297600, 6717.41, 6753.4, 6717.41, 6753.4, 63.01502534]
[1578294000, 6715.1, 6742.21, 6732.77, 6717.45, 43.14412782]
[1578290400, 6715.24, 6745, 6739.86, 6729.48, 20.06202965]
[1578286800, 6716.24, 6748.07, 6740.46, 6734.61, 20.17981633]
[1578283200, 6731.02, 6760, 6749.32, 6741.13, 8.38319817]
[1578279600, 6709.32, 6785, 6762.86, 6750, 45.8170909]
[1578276000, 6647.07, 6769, 6649.61, 6759.62, 129.56375088]
[1578272400, 6597.4, 6649.61, 6609.04, 6642.96, 14.31923838]
[1578268800, 6582.7, 6610, 6590.53, 6606.35, 6.76387969]
[1578265200, 6557.03, 6598.43, 6597.61, 6596.23, 38.20162929]
[1578261600, 6557.42, 6618.75, 6602.74, 6597.61, 76.46012174]
[1578258000, 6589.01, 6664.55, 6664.55, 6608.06, 91.64834455]
[1578254400, 6655.01, 6671.15, 6669.1, 6669.65, 31.60208826]
[1578250800, 6657.95, 6674.7, 6665.04, 6668.5, 21.96623722]
[1578247200, 6654.01, 6690, 6689.41, 6662.74, 46.17892478]
[1578243600, 6675, 6699.43, 6678.97, 6689.4, 41.07708543]
[1578240000, 6676.04, 6699.99, 6688.32, 6682.9, 53.67355475]
[1578236400, 6656.88, 6696.99, 6660.52, 6693.55, 44.0428278]
[1578232800, 6657.21, 6671.31, 6663.81, 6664.98, 22.73386975]
[1578229200, 6650.01, 6684.97, 6679.7, 6663.81, 30.64707022]
[1578225600, 6653.98, 6683.45, 6654.8, 6679.7, 22.39419869]
[1578222000, 6640.84, 6673.2, 6643.19, 6654.81, 24.16974118]
[1578218400, 6635.38, 6659.33, 6647.08, 6643.13, 35.47534071]
[1578214800, 6624.68, 6661.39, 6654.66, 6647.06, 52.1946359]
[1578211200, 6644.4, 6690, 6686.21, 6650.03, 29.29847481]
[1578207600, 6672.02, 6690, 6680.9, 6688.93, 21.17223877]
[1578204000, 6670.03, 6699.99, 6679.83, 6688.97, 22.88707638]
[1578200400, 6670.05, 6689.07, 6679.99, 6686.82, 7.51312193]
[1578196800, 6668.52, 6699.99, 6699.99, 6675.14, 12.0825356]
[1578193200, 6668.83, 6699.99, 6671.64, 6699.99, 21.99703364]
[1578189600, 6660, 6698.04, 6680, 6672.13, 35.52095805]
[1578186000, 6604.94, 6695, 6605.49, 6679.99, 125.23234336]
[1578182400, 6590, 6622.29, 6590, 6605.55, 30.30727681]
[1578178800, 6567.76, 6595.08, 6583.35, 6590.96, 8.93114048]
[1578175200, 6576.35, 6596.02, 6583.74, 6586.49, 12.74137414]
[1578171600, 6562.94, 6598.24, 6577.15, 6583.59, 26.76029675]
[1578168000, 6548.66, 6581.69, 6570, 6572.11, 16.41949294]
[1578164400, 6525.74, 6584.9, 6541.18, 6570, 29.01373064]
[1578160800, 6518.12, 6629, 6585.08, 6544.02, 115.85362283]
[1578157200, 6546.84, 6589.89, 6546.84, 6584.55, 33.61344164]
[1578153600, 6536.52, 6556.68, 6548.85, 6546.88, 17.44219118]
[1578150000, 6540.83, 6562.18, 6548.2, 6549.57, 18.9744691]
[1578146400, 6526.98, 6553.11, 6528.69, 6548.67, 11.08347988]
[1578142800, 6527.86, 6559.99, 6545.08, 6528.61, 27.27447182]
[1578139200, 6539.7, 6571.55, 6570.36, 6546.49, 39.31724751]
[1578135600, 6540, 6573.99, 6545, 6570.36, 30.82960497]
[1578132000, 6545, 6595, 6585.89, 6549.66, 44.29421966]
[1578128400, 6570, 6593, 6581.42, 6589.56, 10.40733623]
[1578124800, 6570, 6587.45, 6576.47, 6581.42, 29.82263027]
[1578121200, 6553.03, 6591.47, 6583.46, 6578.62, 25.95439379]
[1578117600, 6568.62, 6599.99, 6570.15, 6585, 48.40680941]
[1578114000, 6562.56, 6592, 6568.87, 6570.45, 60.55498772]
[1578110400, 6546.55, 6570.23, 6561.19, 6564.63, 1.99967934]
[1578106800, 6552.14, 6572.07, 6560, 6561.64, 4.42883097]
[1578103200, 6535.53, 6560, 6544.39, 6560, 3.29975539]
[1578099600, 6525, 6546.76, 6540.05, 6542.9, 6.6206825]
[1578096000, 6527.14, 6580, 6571, 6545.86, 11.80091371]
[1578092400, 6533.07, 6573.9, 6545, 6572, 38.80336064]
[1578088800, 6505.02, 6557.07, 6513.89, 6546.04, 42.54144961]
[1578085200, 6507.92, 6569.97, 6555.04, 6518.11, 46.50045608]
[1578081600, 6543.28, 6592, 6572.87, 6559.83, 25.56232341]
[1578078000, 6535, 6586.25, 6580.06, 6572.88, 42.02239784]
[1578074400, 6566.29, 6598, 6593.5, 6580.06, 30.09229708]
[1578070800, 6567.44, 6624, 6618, 6596.2, 77.85846287]
[1578067200, 6536.76, 6623.88, 6557, 6618, 108.5753293]
[1578063600, 6502.31, 6559.88, 6510, 6556.91, 83.10073702]
[1578060000, 6490, 6599.27, 6592.72, 6510, 125.0718724]
[1578056400, 6562.44, 6615, 6570.04, 6602.54, 46.9890887]
[1578052800, 6558, 6600, 6590.73, 6574.42, 50.64272742]
[1578049200, 6556.01, 6598.52, 6558.83, 6590.74, 70.9235799]
[1578045600, 6538.1, 6623.88, 6594.98, 6562.97, 99.07412496]
[1578042000, 6503.38, 6600, 6503.39, 6590, 176.19320692]
[1578038400, 6450.01, 6545, 6450.01, 6502.58, 94.4067823]
[1578034800, 6441.01, 6478.57, 6441.01, 6454.4, 37.80976784]
[1578031200, 6429.44, 6457.26, 6456.35, 6446.34, 57.63343877]
[1578027600, 6408.86, 6481.74, 6451.46, 6455.4, 45.58585073]
[1578024000, 6213.58, 6523.1, 6213.58, 6451.48, 214.81640078]
[1578020400, 6208.14, 6226.67, 6221.78, 6217.25, 4.37226638]
[1578016800, 6147, 6225.05, 6155.16, 6220.88, 15.6223313]
[1578013200, 6150, 6205, 6196.19, 6156, 25.85436288]
[1578009600, 6186.08, 6226.45, 6225.11, 6199, 20.57801518]
[1578006000, 6215.25, 6234.16, 6230.78, 6220.61, 20.59573936]
[1578002400, 6222, 6242.44, 6237.86, 6231.07, 34.58769942]
[1577998800, 6210.45, 6246.09, 6214.96, 6237.94, 32.57100201]
[1577995200, 6207.01, 6242.3, 6242.3, 6215.05, 60.48859221]
[1577991600, 6230.06, 6261.44, 6243.5, 6242.3, 63.09838558]
[1577988000, 6218, 6254.57, 6238.53, 6246.72, 60.60407202]
[1577984400, 6191.61, 6304.46, 6300.02, 6239.39, 210.14311068]
[1577980800, 6268.23, 6375.87, 6365.01, 6306.45, 133.73878737]
[1577977200, 6358.44, 6390, 6381.44, 6367.27, 35.52968971]
[1577973600, 6353.22, 6394.99, 6362, 6386.49, 31.88366557]
[1577970000, 6335.66, 6393, 6382.2, 6362, 66.13158868]
[1577966400, 6373.67, 6392.99, 6376.69, 6386.76, 77.123779]
[1577962800, 6368.32, 6380.92, 6375.09, 6376.69, 55.55960746]
[1577959200, 6375.09, 6402.89, 6380.28, 6375.09, 58.77386775]
[1577955600, 6358.46, 6386.66, 6370.02, 6384.6, 53.22150473]
[1577952000, 6333.21, 6374.2, 6333.21, 6374.2, 39.95177331]
[1577948400, 6331.14, 6359.65, 6350.02, 6342.72, 49.43293404]
[1577944800, 6343.45, 6368, 6359.95, 6353, 9.09191984]
[1577941200, 6353.02, 6378.44, 6358.89, 6353.57, 12.75727827]
[1577937600, 6343, 6373.68, 6343, 6364.75, 10.65629979]
[1577934000, 6343, 6375.53, 6375.53, 6347.8, 19.88497755]
[1577930400, 6370, 6400.83, 6400.83, 6375.53, 44.99327881]
[1577926800, 6393.62, 6412.65, 6410.21, 6396.66, 12.73735387]
[1577923200, 6401.03, 6412.98, 6410.23, 6410.21, 13.05146844]
[1577919600, 6388.91, 6411.32, 6407.66, 6410.22, 13.27640552]
[1577916000, 6402.42, 6450.47, 6443.39, 6407.66, 42.1255589]
[1577912400, 6435.78, 6457.78, 6453.02, 6450.46, 48.73459026]
[1577908800, 6435.63, 6457.9, 6437.09, 6456.58, 21.80757643]
[1577905200, 6436.58, 6449, 6443.67, 6440.89, 13.08629335]
[1577901600, 6440.75, 6459.07, 6455, 6448.99, 24.17149635]
[1577898000, 6443.1, 6463.85, 6450.62, 6455.97, 20.68363259]
[1577894400, 6431.32, 6457.97, 6443.15, 6450.48, 26.29101459]
[1577890800, 6428.4, 6467.21, 6428.56, 6445.85, 18.52833774]
[1577887200, 6420.24, 6446.29, 6431.77, 6428.32, 14.89264431]
[1577883600, 6425.04, 6440, 6440, 6431.77, 14.33222785]
[1577880000, 6407, 6440, 6410, 6440, 11.87000081]
[1577876400, 6410, 6441.22, 6412.05, 6410.01, 15.90827748]
[1577872800, 6404.5, 6426.67, 6405, 6413.13, 11.99669862]
[1577869200, 6404.67, 6420, 6412.8, 6406.04, 9.92113728]
[1577865600, 6389.51, 6433.29, 6433.27, 6419.57, 96.95647845]
[1577862000, 6425.95, 6457.91, 6452.08, 6433.27, 19.62159627]
[1577858400, 6442.57, 6457.13, 6447.57, 6452.93, 3.99060327]
[1577854800, 6439.04, 6449.67, 6443.13, 6443.64, 2.67753614]
[1577851200, 6435.53, 6451.58, 6444.17, 6443.13, 5.12236357]
[1577847600, 6443.71, 6468.27, 6468.27, 6445.35, 4.87493798]
[1577844000, 6438.69, 6471.44, 6438.69, 6467.24, 8.405432]
[1577840400, 6406, 6449.98, 6406.18, 6440.8, 12.36533261]
[1577836800, 6394.38, 6411.62, 6400.02, 6406.16, 30.30780579]
[1577833200, 6395.95, 6417.05, 6402.79, 6405, 9.19217497]
[1577829600, 6390.01, 6420.09, 6399.35, 6405.13, 53.30202595]
[1577826000, 6382.99, 6411.23, 6383, 6403.6, 42.59473312]
[1577822400, 6375.15, 6390.3, 6379.2, 6387.27, 15.20563994]
[1577818800, 6360.03, 6391, 6369.08, 6379.19, 14.67025244]
[1577815200, 6337.64, 6382.34, 6366.94, 6370.48, 104.76336407]
[1577811600, 6353.48, 6414.49, 6409.39, 6366.85, 51.05809581]
[1577808000, 6401, 6429.27, 6401.29, 6411.21, 56.95371314]
[1577804400, 6400, 6459.91, 6442.03, 6401, 107.69174086]
[1577800800, 6432.84, 6533.1, 6443, 6442.68, 100.12400957]
[1577797200, 6441.02, 6454.97, 6450.01, 6443, 56.68524238]
[1577793600, 6447.01, 6472.55, 6454.58, 6453.92, 120.86699268]
[1577790000, 6448.62, 6476.01, 6462.69, 6454.58, 51.32474287]
[1577786400, 6435.75, 6504.96, 6441.45, 6462.71, 59.06204455]
[1577782800, 6438.21, 6458.06, 6450, 6444.6, 36.45514777]
[1577779200, 6450, 6477.17, 6477.17, 6450.02, 24.92715842]
[1577775600, 6460.04, 6478.43, 6460.04, 6477.18, 10.82600251]
[1577772000, 6460.02, 6482.97, 6478.59, 6466.08, 14.42664689]
[1577768400, 6463.15, 6489, 6469.67, 6484.11, 12.10746547]
[1577764800, 6446.29, 6478.01, 6446.29, 6463.14, 6.12434704]
[1577761200, 6440.59, 6465.58, 6453.19, 6453.98, 7.23135111]
[1577757600, 6450, 6480.28, 6470.92, 6460.78, 10.03322077]
[1577754000, 6460.15, 6485.67, 6470, 6470.93, 9.08472359]
[1577750400, 6430, 6475.39, 6473.32, 6475.39, 73.60646771]
[1577746800, 6465, 6507.4, 6500.76, 6473.32, 41.86322567]
[1577743200, 6480.89, 6509.99, 6482.57, 6500.76, 34.62650065]
[1577739600, 6474.19, 6503.93, 6485.25, 6482.95, 26.48716778]
[1577736000, 6455.01, 6499.82, 6456.05, 6485.29, 44.16638027]
[1577732400, 6453.5, 6477.76, 6467.02, 6460.07, 52.14807132]
[1577728800, 6463.42, 6480.23, 6478.06, 6469.34, 24.87197782]
[1577725200, 6451.01, 6484.24, 6465.01, 6478.06, 33.10436914]
[1577721600, 6440.01, 6483.32, 6472.44, 6469.79, 69.45912407]
[1577718000, 6469.56, 6523.14, 6521.59, 6477, 110.85554377]
[1577714400, 6511.05, 6553.55, 6537.09, 6524, 51.47151323]
[1577710800, 6511.01, 6560.47, 6525, 6538.23, 59.20919562]
[1577707200, 6525, 6553.9, 6533.53, 6525.09, 60.32195026]
[1577703600, 6513.3, 6538.5, 6519.04, 6530.06, 72.81449141]
[1577700000, 6507.51, 6560.93, 6541, 6519, 91.2220207]
[1577696400, 6541, 6592.93, 6569.05, 6545.47, 90.10019963]
[1577692800, 6555, 6591.13, 6582.69, 6575.43, 53.95461365]
[1577689200, 6580, 6601.23, 6586.84, 6582.69, 37.3156499]
[1577685600, 6580, 6593.96, 6586.07, 6590.63, 7.02830344]
[1577682000, 6578.24, 6586.95, 6584.92, 6585.78, 5.85875124]
[1577678400, 6556.24, 6586.1, 6560, 6580.01, 6.45385188]
[1577674800, 6554.97, 6571.5, 6571.5, 6560.11, 3.70248192]
[1577671200, 6561.1, 6575.64, 6567.33, 6573.37, 3.06451925]
[1577667600, 6556.81, 6578.78, 6559.26, 6566.91, 8.90905189]
[1577664000, 6540.35, 6614.79, 6609.8, 6558.63, 48.83079255]
[1577660400, 6604.53, 6631.85, 6612.3, 6614.79, 7.51941553]
[1577656800, 6605.79, 6665.92, 6619.25, 6616.92, 118.37983975]
[1577653200, 6587.01, 6629.68, 6609, 6619.26, 37.33442243]
[1577649600, 6580, 6730, 6679.24, 6609, 154.45937095]
[1577646000, 6631.07, 6680, 6637.39, 6680, 40.67372305]
[1577642400, 6617.81, 6637.4, 6619.9, 6637.4, 24.4765857]
[1577638800, 6601, 6624.82, 6621.57, 6623.87, 21.48568206]
[1577635200, 6606.07, 6636.36, 6606.72, 6619.44, 32.36883282]
[1577631600, 6588.62, 6629.99, 6610.23, 6605.97, 22.91950411]
[1577628000, 6604.36, 6625, 6615.01, 6610.44, 38.67384147]
[1577624400, 6566.92, 6620, 6583.08, 6620, 47.83351018]
[1577620800, 6550.62, 6587.98, 6569.75, 6587.8, 23.71233531]
[1577617200, 6546.12, 6576.19, 6551.1, 6569.98, 15.7108323]
[1577613600, 6540.51, 6553.32, 6546, 6551.57, 15.36977124]
[1577610000, 6540.43, 6586.07, 6583.12, 6540.51, 28.9333782]
[1577606400, 6545.89, 6585, 6545.89, 6583.11, 9.90489839]
