[1550246400, 3162.26, 3166.18, 3162.26, 3165, 42.1797293]
[1550242800, 3160.02, 3168.26, 3168.26, 3162.27, 100.67103473]
[1550239200, 3162.1, 3211, 3188.89, 3168.26, 156.49023471]
[1550235600, 3181, 3190, 3184.04, 3188.9, 37.93572288]
[1550232000, 3173.5, 3185.1, 3177.01, 3184.03, 58.01035042]
[1550228400, 3174.05, 3193.68, 3179.92, 3177.02, 149.06983748]
[1550224800, 3168.93, 3179.99, 3173.15, 3179.92, 57.6915784]
[1550221200, 3173, 3178.9, 3174.73, 3173.16, 63.41294458]
[1550217600, 3172.69, 3179.99, 3176.79, 3174.87, 59.28573429]
[1550214000, 3166.21, 3179.99, 3173.83, 3176.8, 76.18798482]
[1550210400, 3171.11, 3174.96, 3173.75, 3173.83, 14.86331497]
[1550206800, 3172.42, 3174.03, 3174.03, 3173.76, 3.90810113]
[1550203200, 3167.39, 3175, 3169.88, 3174.03, 82.27726603]
[1550199600, 3159.98, 3169.94, 3159.98, 3169.63, 86.58887141]
[1550196000, 3159.98, 3159.99, 3159.98, 3159.99, 3.51053198]
[1550192400, 3159.51, 3159.99, 3159.99, 3159.99, 4.06050875]
[1550188800, 3155, 3159.99, 3155.51, 3159.98, 8.17227578]
[1550185200, 3155.3, 3161.44, 3159.29, 3155.51, 14.47884006]
[1550181600, 3157.15, 3167.03, 3164.77, 3159.28, 23.40183502]
[1550178000, 3157.15, 3165.5, 3160.02, 3164.77, 45.4321654]
[1550174400, 3158.04, 3165.5, 3165.49, 3160.01, 58.06518873]
[1550170800, 3165.12, 3169.99, 3169.19, 3165.5, 67.57573716]
[1550167200, 3167.23, 3169.45, 3169.09, 3169.2, 41.62259378]
[1550163600, 3166.48, 3169.58, 3166.48, 3169.08, 33.40855672]
[1550160000, 3166.48, 3174.35, 3169.59, 3166.49, 49.88986236]
[1550156400, 3160.01, 3172.51, 3160.58, 3169.84, 114.6875456]
[1550152800, 3157.07, 3165.35, 3163.24, 3160.22, 58.80021142]
[1550149200, 3163.23, 3171.99, 3171.34, 3163.23, 45.11424124]
[1550145600, 3160.11, 3173, 3163.33, 3171.34, 83.58599559]
[1550142000, 3148.34, 3180, 3170.95, 3163, 160.48075265]
[1550138400, 3167, 3180.54, 3180.54, 3171.1, 83.60431438]
[1550134800, 3174.81, 3181, 3177.14, 3180.54, 65.09987109]
[1550131200, 3170, 3180.96, 3170.01, 3177.14, 37.67244145]
[1550127600, 3170, 3178.4, 3178.39, 3170.01, 58.23155754]
[1550124000, 3175.79, 3181.25, 3175.8, 3178.34, 12.50832655]
[1550120400, 3174, 3182.81, 3181.5, 3176.46, 12.02185458]
[1550116800, 3180, 3182.65, 3180, 3181.5, 17.99863524]
[1550113200, 3180, 3180.01, 3180.01, 3180.01, 2.98245342]
[1550109600, 3180, 3185.39, 3184.35, 3180, 4.39167036]
[1550106000, 3181.96, 3189.68, 3187.57, 3184.35, 7.92468932]
[1550102400, 3179.98, 3189.54, 3179.99, 3188.35, 52.21458252]
[1550098800, 3174.5, 3179.99, 3176.21, 3179.99, 21.34708932]
[1550095200, 3174.98, 3177.99, 3174.98, 3176.2, 29.28004595]
[1550091600, 3173.97, 3174.99, 3174.95, 3174.99, 21.28429319]
[1550088000, 3173.77, 3180, 3180, 3174.96, 90.42291345]
[1550084400, 3179.99, 3184.5, 3182.17, 3179.99, 29.7068214]
[1550080800, 3179.17, 3185, 3180.54, 3182.01, 70.56243566]
[1550077200, 3176.26, 3181.67, 3176.67, 3180.53, 42.43399007]
[1550073600, 3166.95, 3179.67, 3168.07, 3176.68, 78.43410748]
[1550070000, 3167.63, 3178.01, 3178.01, 3168.07, 65.28828262]
[1550066400, 3173.28, 3184.99, 3176.09, 3178.01, 89.13750494]
[1550062800, 3173.34, 3177.43, 3173.34, 3176.45, 63.45313486]
[1550059200, 3165, 3174.99, 3165.85, 3173.35, 46.20393903]
[1550055600, 3165.84, 3176.01, 3176.01, 3165.85, 110.63886628]
[1550052000, 3172.61, 3180.29, 3174.88, 3176.01, 92.59715163]
[1550048400, 3172.07, 3175.82, 3172.07, 3174.88, 108.78085816]
[1550044800, 3172, 3185.28, 3181.01, 3172.08, 60.86833246]
[1550041200, 3175.59, 3185.25, 3184.47, 3180.8, 45.40933491]
[1550037600, 3179.03, 3200, 3182.88, 3184.51, 70.23569915]
[1550034000, 3176.29, 3183.25, 3178.83, 3182.88, 5.32216457]
[1550030400, 3176.47, 3181.17, 3180.56, 3178.83, 3.74932937]
[1550026800, 3177.29, 3181.35, 3180.98, 3180.55, 8.98412379]
[1550023200, 3174.85, 3182.49, 3174.85, 3180.98, 9.23301603]
[1550019600, 3174.02, 3177.6, 3177.31, 3174.85, 5.88325815]
[1550016000, 3173.66, 3178.67, 3176.15, 3177.31, 18.94521585]
[1550012400, 3167.08, 3179.14, 3172.71, 3175.28, 32.89875706]
[1550008800, 3164.01, 3177.94, 3165.54, 3172.71, 35.57763432]
[1550005200, 3164, 3190.36, 3190.36, 3165.54, 67.22612486]
[1550001600, 3180.68, 3191.72, 3182.2, 3190.35, 29.80900626]
[1549998000, 3177.52, 3188.55, 3180.02, 3182.92, 69.12968844]
[1549994400, 3171, 3194, 3171.09, 3180.24, 116.85482987]
[1549990800, 3171.09, 3177.93, 3172.73, 3171.1, 41.47001053]
[1549987200, 3171.09, 3178.6, 3174.99, 3172.73, 86.33763525]
[1549983600, 3173, 3184.83, 3177.02, 3174.99, 95.68906401]
[1549980000, 3171.01, 3179.76, 3177.88, 3177.03, 102.87137702]
[1549976400, 3175.03, 3187.77, 3183.29, 3177.88, 50.57205044]
[1549972800, 3172.09, 3188.22, 3175.83, 3182.67, 76.12787202]
[1549969200, 3169.09, 3178.27, 3171.19, 3176.6, 76.6814951]
[1549965600, 3166, 3177.3, 3173.68, 3171.19, 53.90309467]
[1549962000, 3166.48, 3181.1, 3176.95, 3173.68, 89.31327911]
[1549958400, 3169.87, 3181.01, 3180.99, 3174.36, 43.59574491]
[1549954800, 3177.01, 3181.01, 3180.82, 3180.99, 33.2039493]
[1549951200, 3177.54, 3182.44, 3182.44, 3180.81, 8.49007233]
[1549947600, 3180.81, 3185.62, 3180.92, 3182.21, 12.64022057]
[1549944000, 3172, 3180.93, 3173.56, 3180.92, 8.14900023]
[1549940400, 3166.64, 3173.56, 3170.01, 3173.55, 5.10142577]
[1549936800, 3166.63, 3173.39, 3169.4, 3170.01, 5.91500855]
[1549933200, 3164.68, 3176.74, 3167.12, 3169.39, 6.27429819]
[1549929600, 3162, 3195.12, 3195.12, 3167.11, 89.93584138]
[1549926000, 3195.11, 3196, 3196, 3195.11, 15.78909433]
[1549922400, 3185.01, 3196.28, 3191.51, 3195.99, 29.78377212]
[1549918800, 3187, 3198.57, 3196.92, 3191.51, 73.67121969]
[1549915200, 3194.99, 3201.99, 3200, 3196.91, 35.49896791]
[1549911600, 3191.41, 3200, 3194.45, 3200, 36.102694]
[1549908000, 3188.22, 3199.55, 3195.53, 3194.65, 72.32948393]
[1549904400, 3187.16, 3196.95, 3193.21, 3195.53, 40.70454575]
[1549900800, 3184, 3200, 3198.85, 3193.06, 67.09488683]
[1549897200, 3191.52, 3203.92, 3203.92, 3198.85, 75.32834711]
[1549893600, 3190.56, 3207.99, 3192.55, 3203.92, 60.45329807]
[1549890000, 3185.18, 3202.99, 3187.99, 3193.97, 159.71055794]
[1549886400, 3177.97, 3203.75, 3179.2, 3187.99, 134.9376075]
[1549882800, 3179.19, 3181.81, 3181.01, 3179.2, 60.6495712]
[1549879200, 3180, 3191.67, 3185.91, 3181.01, 52.87706514]
[1549875600, 3179.2, 3185.91, 3180.01, 3185.9, 69.00418848]
[1549872000, 3177.97, 3182.67, 3182.66, 3180.01, 36.37659575]
[1549868400, 3177.98, 3183.51, 3177.99, 3182.67, 26.42222197]
[1549864800, 3171.51, 3177.99, 3175.01, 3177.99, 10.84100706]
[1549861200, 3175, 3177.84, 3176, 3175.01, 4.48189405]
[1549857600, 3175, 3178, 3177.91, 3176, 5.58893601]
[1549854000, 3176.91, 3180.97, 3180.97, 3177.92, 2.44067833]
[1549850400, 3178.28, 3182.94, 3178.28, 3180.96, 2.8755995]
[1549846800, 3175.35, 3185.45, 3185.45, 3178.27, 7.02960059]
[1549843200, 3176, 3227.08, 3225, 3186.41, 52.0131805]
[1549839600, 3199.9, 3231.86, 3199.91, 3224.99, 152.7591317]
[1549836000, 3187.2, 3199.91, 3187.2, 3199.91, 32.61758433]
[1549832400, 3180.36, 3187.78, 3185.32, 3187.21, 36.22916176]
[1549828800, 3182.69, 3187.78, 3187.78, 3185.33, 17.75870685]
[1549825200, 3183.21, 3188.55, 3187.81, 3187.78, 20.27820143]
[1549821600, 3183.91, 3190.65, 3185, 3188.15, 48.77900635]
[1549818000, 3179.84, 3191.3, 3191.24, 3184.99, 41.10032385]
[1549814400, 3173.19, 3195.61, 3175.2, 3191.21, 37.23926517]
[1549810800, 3168.66, 3178.91, 3168.67, 3175.2, 22.43353914]
[1549807200, 3167.89, 3182.91, 3177.01, 3168.67, 25.7045428]
[1549803600, 3172.09, 3178.87, 3178.87, 3177, 37.36692563]
[1549800000, 3175.21, 3186.1, 3183.08, 3175.21, 24.32826711]
[1549796400, 3180.8, 3189, 3185, 3183.08, 26.58886736]
[1549792800, 3180.5, 3188, 3180.99, 3185, 19.87762418]
[1549789200, 3180, 3181.43, 3181.42, 3180.99, 17.52548571]
[1549785600, 3177.17, 3183.53, 3177.83, 3181.42, 13.13285644]
[1549782000, 3165.89, 3184.26, 3181, 3177.92, 30.32802969]
[1549778400, 3181, 3193.35, 3192.1, 3181.01, 18.53307997]
[1549774800, 3190.86, 3198.55, 3198.55, 3193.35, 4.40154957]
[1549771200, 3195, 3198.75, 3195.45, 3198.56, 6.36710255]
[1549767600, 3194.52, 3198.72, 3196.5, 3195.46, 1.48596464]
[1549764000, 3195.14, 3198.75, 3197.51, 3196.72, 6.12011034]
[1549760400, 3191.03, 3197.51, 3196.84, 3197.5, 7.16768123]
[1549756800, 3194.99, 3200, 3194.99, 3196.84, 11.75753354]
[1549753200, 3187.65, 3196.25, 3194, 3195, 22.82598004]
[1549749600, 3190.48, 3199.96, 3199.95, 3194.01, 60.07692853]
[1549746000, 3186.99, 3199.96, 3186.99, 3199.95, 23.7614439]
[1549742400, 3185.98, 3187, 3185.98, 3187, 14.71271053]
[1549738800, 3179.74, 3186, 3179.74, 3185.97, 23.04922065]
[1549735200, 3178, 3185.14, 3185.13, 3179.74, 43.52110205]
[1549731600, 3183.08, 3189.65, 3189.34, 3185.13, 16.61128492]
[1549728000, 3180.29, 3192.99, 3188.66, 3189.3, 32.0586897]
[1549724400, 3186.08, 3201.17, 3200, 3188.65, 46.7380508]
[1549720800, 3194.5, 3208, 3201.34, 3199.99, 27.9757883]
[1549717200, 3194.16, 3206.25, 3197.15, 3201.25, 24.39092718]
[1549713600, 3185.21, 3203.71, 3200.54, 3196.45, 55.18052423]
[1549710000, 3197.41, 3205, 3202.9, 3200.55, 32.87294203]
[1549706400, 3200.78, 3208, 3202.94, 3202.91, 27.689837]
[1549702800, 3195.09, 3206.1, 3198, 3202.93, 36.8858382]
[1549699200, 3196.03, 3209.62, 3196.03, 3198.01, 44.56790814]
[1549695600, 3180.99, 3200, 3182.47, 3196.01, 39.19185064]
[1549692000, 3180.99, 3182.86, 3182.85, 3182.47, 8.67063685]
[1549688400, 3182.37, 3182.86, 3182.85, 3182.86, 6.55619603]
[1549684800, 3180.49, 3185.16, 3180.5, 3182.85, 7.7975105]
[1549681200, 3176.03, 3180.5, 3176.04, 3180.5, 4.72364392]
[1549677600, 3176.03, 3184, 3182, 3176.04, 8.52406788]
[1549674000, 3182, 3193.41, 3190.99, 3182, 15.23644673]
[1549670400, 3188.72, 3193.8, 3188.74, 3190.98, 25.74022645]
[1549666800, 3163.77, 3193.31, 3164.89, 3188.74, 41.29275119]
[1549663200, 3163.13, 3174.29, 3166.46, 3164.69, 46.86638716]
[1549659600, 3154.85, 3200.99, 3200.24, 3168.13, 86.61396336]
[1549656000, 3196.15, 3206.73, 3200, 3200.22, 62.52223737]
[1549652400, 3186.68, 3200, 3189.24, 3200, 73.83283254]
[1549648800, 3172.76, 3208.97, 3203.22, 3189.24, 164.81091587]
[1549645200, 3177.63, 3226.7, 3226.69, 3203.22, 243.60117985]
[1549641600, 3042.8, 3265, 3051.98, 3226.69, 744.68973314]
[1549638000, 3007.5, 3052.91, 3007.5, 3050.23, 314.58814506]
[1549634400, 3000.97, 3007.5, 3000.97, 3007.49, 173.15868705]
[1549630800, 2998.92, 3000.99, 2998.99, 3000.92, 72.43588804]
[1549627200, 2994.03, 2999.39, 2995.34, 2999, 66.08832905]
[1549623600, 2991.01, 2997.2, 2994.64, 2995.34, 44.85103944]
[1549620000, 2988.32, 2997.63, 2990.26, 2994.81, 100.07918082]
[1549616400, 2979.99, 2997.53, 2979.99, 2990.26, 135.89230661]
[1549612800, 2963.01, 2980, 2963.54, 2980, 66.6518575]
[1549609200, 2963.54, 2971.74, 2971.74, 2963.54, 25.95727947]
[1549605600, 2969.49, 2971.74, 2970.5, 2971.73, 7.03927123]
[1549602000, 2966.73, 2970.5, 2966.73, 2970.49, 11.61530667]
[1549598400, 2965.65, 2967.63, 2967.63, 2966.47, 4.4942829]
[1549594800, 2966.23, 2967.63, 2967.63, 2967.62, 2.50766837]
[1549591200, 2957.18, 2967.78, 2964.3, 2967.63, 32.66608711]
[1549587600, 2964.3, 2966.84, 2964.96, 2964.3, 4.13199463]
[1549584000, 2964.12, 2967.9, 2965, 2964.96, 13.34339431]
[1549580400, 2964.01, 2968.7, 2968.38, 2964.99, 28.90914557]
[1549576800, 2963.72, 2969.99, 2965.72, 2968.37, 21.45584698]
[1549573200, 2963.82, 2968.1, 2965.21, 2965.72, 30.31983779]
[1549569600, 2961.22, 2965.21, 2962.09, 2965.21, 26.36614781]
[1549566000, 2961.99, 2965.2, 2963.98, 2962.01, 50.00439592]
[1549562400, 2961.92, 2966.39, 2961.93, 2963.99, 35.63120859]
[1549558800, 2961.1, 2968.48, 2968.48, 2961.88, 38.7292221]
[1549555200, 2968.47, 2970.58, 2968.51, 2968.48, 138.15283669]
[1549551600, 2968.5, 2969.1, 2969.01, 2968.51, 37.23407372]
[1549548000, 2968.65, 2979.17, 2979.16, 2969, 73.63857579]
[1549544400, 2973.87, 2979.78, 2973.88, 2979.17, 47.67878024]
[1549540800, 2973.87, 2981.92, 2979.12, 2973.87, 76.83233277]
[1549537200, 2978.17, 2987.59, 2984.23, 2979.13, 108.0370693]
[1549533600, 2979, 2985.63, 2979.12, 2984.41, 51.60825788]
[1549530000, 2974.68, 2979.18, 2975, 2979.12, 53.9704622]
[1549526400, 2969.13, 2975, 2969.13, 2975, 39.61020978]
