[1553846400, 3582.18, 3602.53, 3595.81, 3596.4, 173.76298814]
[1553842800, 3573.22, 3604.05, 3576.9, 3598.38, 42.9756326]
[1553839200, 3572, 3578.4, 3572.95, 3573.53, 12.64761555]
[1553835600, 3569.01, 3579.7, 3577.36, 3574.78, 14.43644433]
[1553832000, 3574.88, 3602, 3583, 3579.87, 72.66253138]
[1553828400, 3576.32, 3584.99, 3579.08, 3582.5, 24.5544338]
[1553824800, 3573.29, 3580.48, 3574.88, 3579.07, 27.67174222]
[1553821200, 3570.26, 3581.79, 3577.95, 3574.66, 7.16264635]
[1553817600, 3570.7, 3586, 3574.39, 3581.31, 27.80555136]
[1553814000, 3570, 3574.62, 3572.94, 3574.59, 16.42910697]
[1553810400, 3570, 3574, 3573.99, 3573.11, 21.16803656]
[1553806800, 3570.01, 3574, 3570.99, 3573.84, 34.52211489]
[1553803200, 3569.97, 3576.68, 3572.56, 3570.41, 44.75072187]
[1553799600, 3569.65, 3579.97, 3578.42, 3574.99, 49.28567918]
[1553796000, 3569.01, 3578.9, 3570.1, 3578.43, 42.45499531]
[1553792400, 3569.02, 3574.01, 3574.01, 3570.09, 41.69706863]
[1553788800, 3574, 3581.69, 3580.64, 3574, 29.85840493]
[1553785200, 3571.48, 3581.68, 3580.92, 3581.64, 71.74460116]
[1553781600, 3571.3, 3581.82, 3579.73, 3580.15, 81.94156495]
[1553778000, 3568.01, 3580.93, 3568.1, 3579.73, 54.89111014]
[1553774400, 3562.05, 3571.6, 3565.85, 3568.1, 42.69824214]
[1553770800, 3557.63, 3568.88, 3564.27, 3566.14, 80.87928665]
[1553767200, 3560, 3569.16, 3567.43, 3564.27, 48.07649517]
[1553763600, 3558.14, 3568.56, 3564.8, 3567.09, 65.19279934]
[1553760000, 3561.88, 3575.34, 3572.32, 3564.85, 83.71837713]
[1553756400, 3558.67, 3572.35, 3562.33, 3570.68, 55.62457559]
[1553752800, 3558.59, 3568.33, 3565, 3564.88, 15.63041843]
[1553749200, 3551.71, 3565, 3557.67, 3563.81, 48.11521781]
[1553745600, 3552.28, 3561.96, 3561.96, 3557.67, 21.77401323]
[1553742000, 3561.96, 3570.16, 3566.01, 3561.97, 20.32410324]
[1553738400, 3566, 3567.36, 3566.01, 3566, 4.66132576]
[1553734800, 3566, 3569.46, 3567, 3566, 20.6045161]
[1553731200, 3565, 3577.63, 3574.87, 3567, 16.33054123]
[1553727600, 3563.98, 3578.99, 3566.86, 3576.93, 39.60601062]
[1553724000, 3558.75, 3566.79, 3560.92, 3565.02, 29.62093435]
[1553720400, 3559.46, 3566, 3562.83, 3560.98, 41.70823873]
[1553716800, 3558.31, 3564.11, 3558.39, 3562.83, 54.04070702]
[1553713200, 3552, 3558.4, 3557, 3558.39, 94.00323397]
[1553709600, 3555.38, 3567.59, 3563.06, 3557, 46.55815253]
[1553706000, 3555, 3569.61, 3559.8, 3567.39, 93.68430445]
[1553702400, 3557.57, 3571.35, 3568.45, 3560.49, 61.55098311]
[1553698800, 3555.16, 3569.99, 3562.62, 3568.46, 87.32285701]
[1553695200, 3561.06, 3574.9, 3564.76, 3565.64, 84.88703165]
[1553691600, 3558, 3566.8, 3560.11, 3564.77, 54.4783656]
[1553688000, 3558.28, 3571.83, 3569.34, 3560.51, 57.97817718]
[1553684400, 3557.42, 3578, 3562.17, 3567.38, 88.02069677]
[1553680800, 3535.1, 3565, 3536.02, 3562.19, 131.84848798]
[1553677200, 3532.11, 3540.63, 3532.11, 3536.01, 85.04432951]
[1553673600, 3528.99, 3539.99, 3539.27, 3532.12, 83.07863839]
[1553670000, 3531.21, 3539.99, 3535.81, 3539.5, 73.83964287]
[1553666400, 3536.19, 3542.39, 3541.29, 3536.95, 42.06338177]
[1553662800, 3527.23, 3541.36, 3527.24, 3541.12, 44.22700508]
[1553659200, 3525.07, 3531.7, 3531.68, 3527.24, 7.3872239]
[1553655600, 3521.72, 3531.67, 3530.55, 3531.67, 17.10706772]
[1553652000, 3519.94, 3531.7, 3522.64, 3531.7, 64.2906979]
[1553648400, 3492.32, 3529, 3493.97, 3522.64, 146.36025324]
[1553644800, 3475.17, 3495.46, 3482.49, 3493.97, 28.34573761]
[1553641200, 3471.56, 3482.99, 3474.32, 3482.61, 23.0646301]
[1553637600, 3470.91, 3477.47, 3471.58, 3471.97, 25.92781219]
[1553634000, 3471.22, 3480.34, 3480.34, 3475.04, 37.6329744]
[1553630400, 3475.31, 3484, 3477.44, 3480.34, 41.56699003]
[1553626800, 3475, 3483.84, 3481.94, 3477.26, 43.09804447]
[1553623200, 3471.26, 3484.46, 3472.82, 3481.34, 62.51820845]
[1553619600, 3470.34, 3480.9, 3472.05, 3474.27, 53.86601362]
[1553616000, 3471.11, 3485.2, 3478.57, 3471.11, 57.43388967]
[1553612400, 3463.55, 3479.97, 3464.72, 3477.59, 60.99026655]
[1553608800, 3446.58, 3470.85, 3446.95, 3464.72, 72.90856278]
[1553605200, 3443.7, 3457.58, 3447.45, 3446.95, 74.09706974]
[1553601600, 3445.56, 3456.78, 3450.28, 3447.56, 79.58670497]
[1553598000, 3445, 3457.5, 3451.38, 3450.28, 70.50171382]
[1553594400, 3450.43, 3466.01, 3466.01, 3451.37, 81.63185245]
[1553590800, 3466, 3467.94, 3466.01, 3466.01, 63.47214119]
[1553587200, 3456.29, 3467.87, 3457.17, 3466.01, 52.1049088]
[1553583600, 3447, 3460.67, 3454.39, 3455.06, 51.89697713]
[1553580000, 3454.47, 3465.99, 3464.55, 3454.52, 22.36036099]
[1553576400, 3461.25, 3466.56, 3463.71, 3464.55, 12.10216946]
[1553572800, 3462.44, 3467.09, 3466.88, 3463.71, 4.69613518]
[1553569200, 3466.87, 3471.94, 3468.91, 3466.87, 6.0176761]
[1553565600, 3464.11, 3469, 3468.97, 3468.91, 4.6616152]
[1553562000, 3462.02, 3468.07, 3462.69, 3465.89, 9.52424739]
[1553558400, 3458.13, 3468.34, 3458.13, 3462.79, 9.64478887]
[1553554800, 3452.52, 3467.15, 3460.6, 3458.14, 26.66760079]
[1553551200, 3441.5, 3461.53, 3442, 3460.61, 20.98477073]
[1553547600, 3436.19, 3445, 3443.62, 3441.99, 45.89786002]
[1553544000, 3431.55, 3457.33, 3457.33, 3443.59, 69.13197086]
[1553540400, 3421, 3457.37, 3444.1, 3457.33, 105.5107014]
[1553536800, 3431.42, 3496.44, 3493.01, 3442.7, 123.13383468]
[1553533200, 3492.32, 3506.73, 3503.1, 3493.01, 55.17304659]
[1553529600, 3487.06, 3503.98, 3491.08, 3503.1, 47.41568883]
[1553526000, 3487.92, 3507.1, 3505.08, 3488.14, 53.9758999]
[1553522400, 3500.61, 3506.78, 3505.23, 3505.06, 76.61457964]
[1553518800, 3499.79, 3509.58, 3502.01, 3505.55, 54.8113453]
[1553515200, 3499.39, 3514.41, 3514.4, 3502, 67.26657638]
[1553511600, 3510.44, 3515.57, 3510.83, 3514.41, 65.74472094]
[1553508000, 3510, 3512.88, 3512.37, 3510.44, 41.43987622]
[1553504400, 3512.35, 3517.14, 3512.36, 3512.37, 62.05880522]
[1553500800, 3509.57, 3513.13, 3509.58, 3512.36, 103.57646573]
[1553497200, 3509.57, 3516.31, 3514.12, 3509.57, 30.49226575]
[1553493600, 3512.93, 3517.37, 3516.96, 3514.15, 13.65785839]
[1553490000, 3513.46, 3516.97, 3515.14, 3516.97, 9.30898322]
[1553486400, 3514.4, 3519.3, 3519.3, 3515.21, 6.48749831]
[1553482800, 3516.93, 3519.55, 3517.81, 3519.36, 3.1574761]
[1553479200, 3513.76, 3517.81, 3513.76, 3517.8, 4.43282939]
[1553475600, 3511.93, 3513.77, 3512.53, 3513.77, 6.31947082]
[1553472000, 3508.72, 3515.5, 3515.07, 3513.02, 9.1960764]
[1553468400, 3509.67, 3516.41, 3511.03, 3515.07, 17.22887109]
[1553464800, 3509.44, 3515, 3510.88, 3512.09, 26.3916908]
[1553461200, 3501.87, 3513.58, 3507.58, 3508.44, 28.60394884]
[1553457600, 3490.81, 3510.63, 3510.43, 3507.46, 48.57269086]
[1553454000, 3507.67, 3513.82, 3513.09, 3510.62, 26.27982019]
[1553450400, 3510, 3517.95, 3514.97, 3513.1, 28.13068074]
[1553446800, 3513.73, 3520.12, 3519.22, 3515.13, 18.47514975]
[1553443200, 3514.37, 3519.91, 3517.95, 3518.81, 20.56609108]
[1553439600, 3514.36, 3523.11, 3521.71, 3516.45, 24.05029199]
[1553436000, 3516.01, 3523.91, 3519.51, 3521.7, 19.0225369]
[1553432400, 3515.91, 3523.58, 3518.71, 3522.27, 16.86807242]
[1553428800, 3514, 3520.86, 3519.59, 3517.58, 16.73561309]
[1553425200, 3519.17, 3526.63, 3521.04, 3519.19, 31.2132016]
[1553421600, 3514.62, 3523.81, 3518.71, 3522.89, 24.80287136]
[1553418000, 3509.93, 3521.83, 3513.97, 3518.73, 26.85086015]
[1553414400, 3510, 3514.97, 3510.79, 3510.01, 17.53804675]
[1553410800, 3510, 3513.24, 3513.24, 3511.84, 4.45329699]
[1553407200, 3510, 3517.11, 3517.11, 3513.24, 11.48926949]
[1553403600, 3517, 3517.91, 3517.83, 3517.11, 2.68162786]
[1553400000, 3513.3, 3518.65, 3516.79, 3517.87, 1.87898415]
[1553396400, 3510, 3516.6, 3511.27, 3516.6, 9.5975505]
[1553392800, 3511.26, 3520.01, 3520.01, 3511.26, 6.77954584]
[1553389200, 3520, 3523.88, 3521.36, 3520.01, 3.21877977]
[1553385600, 3520, 3526.15, 3526.15, 3521.46, 10.4430623]
[1553382000, 3521.71, 3527.99, 3521.72, 3523.81, 24.89975811]
[1553378400, 3520.01, 3522.27, 3521.73, 3521.72, 16.61105541]
[1553374800, 3515.02, 3522.27, 3517.07, 3521.69, 20.17331523]
[1553371200, 3514.88, 3520.96, 3514.91, 3517.07, 20.98439737]
[1553367600, 3514.92, 3523.76, 3518.4, 3514.92, 35.25741136]
[1553364000, 3511.45, 3518.74, 3515.74, 3518.27, 20.50539828]
[1553360400, 3512.47, 3520.31, 3512.48, 3515.74, 17.72425828]
[1553356800, 3512.19, 3520.73, 3519.14, 3513.14, 31.91122137]
[1553353200, 3512.28, 3520.86, 3512.99, 3519.13, 21.78370509]
[1553349600, 3510, 3517.55, 3514, 3513, 19.94303059]
[1553346000, 3511, 3521.71, 3520.67, 3513.99, 66.65858148]
[1553342400, 3520.1, 3529, 3525.73, 3520.68, 32.61272665]
[1553338800, 3519.01, 3527.96, 3520.07, 3526.91, 33.74999122]
[1553335200, 3518, 3527.65, 3527.19, 3520.07, 37.23373101]
[1553331600, 3524.32, 3537.04, 3531.5, 3527.19, 39.58780403]
[1553328000, 3520.09, 3535.39, 3527.01, 3531.49, 29.55071824]
[1553324400, 3527, 3527.01, 3527.01, 3527, 58.24068784]
[1553320800, 3527, 3530.87, 3527.01, 3527.01, 58.24996255]
[1553317200, 3527, 3528.07, 3527.96, 3527.01, 73.70330505]
[1553313600, 3527.83, 3539.91, 3539.8, 3527.99, 4.43836451]
[1553310000, 3534.1, 3539.9, 3535.1, 3539.89, 4.88133689]
[1553306400, 3515.83, 3539.38, 3539.38, 3535.1, 103.88640411]
[1553302800, 3528.94, 3545, 3528.94, 3539.38, 106.84310443]
[1553299200, 3528.61, 3532, 3531.28, 3528.93, 15.18372602]
[1553295600, 3531.25, 3532.12, 3531.43, 3531.26, 8.80310107]
[1553292000, 3530.26, 3532.11, 3530.27, 3531.41, 23.15534397]
[1553288400, 3530.26, 3535.01, 3535.01, 3530.27, 23.59905759]
[1553284800, 3535, 3541.01, 3541.01, 3535.01, 42.20959199]
[1553281200, 3541, 3541.45, 3541.45, 3541, 30.766274]
[1553277600, 3541.39, 3546, 3545.63, 3541.44, 23.65864089]
[1553274000, 3538.53, 3545.63, 3542.19, 3545.62, 52.39060088]
[1553270400, 3535, 3542.3, 3539.51, 3542.19, 51.04882435]
[1553266800, 3538.1, 3544.91, 3540, 3539.5, 64.75273784]
[1553263200, 3531.44, 3540, 3531.53, 3540, 42.12325598]
[1553259600, 3530.37, 3535, 3532.95, 3531.6, 73.51892831]
[1553256000, 3527.04, 3532.91, 3527.06, 3532.91, 52.77575972]
[1553252400, 3522.97, 3527.06, 3523.97, 3527.06, 77.80461484]
[1553248800, 3521.52, 3525, 3521.59, 3524.09, 75.3123107]
[1553245200, 3520.22, 3524.75, 3523.98, 3521.6, 74.83749234]
[1553241600, 3490, 3524.08, 3490.01, 3523.98, 73.88752587]
[1553238000, 3490, 3499.43, 3499.43, 3490.01, 43.52371435]
[1553234400, 3499.39, 3499.97, 3499.85, 3499.43, 26.4277741]
[1553230800, 3499.32, 3499.74, 3499.33, 3499.74, 28.58511264]
[1553227200, 3499.32, 3501.55, 3501.55, 3499.32, 13.68987206]
[1553223600, 3501.54, 3506.03, 3506.03, 3501.55, 2.0641025]
[1553220000, 3505.84, 3508.7, 3505.85, 3506.02, 12.50223098]
[1553216400, 3505.66, 3510.74, 3509.56, 3505.84, 8.97562989]
[1553212800, 3502.43, 3511.82, 3503.25, 3509.51, 10.00263271]
[1553209200, 3503.16, 3508.2, 3503.16, 3503.25, 14.91740772]
[1553205600, 3503.16, 3513.78, 3505.82, 3503.17, 32.53214597]
[1553202000, 3502.43, 3506.14, 3502.44, 3505.82, 36.13498403]
[1553198400, 3498.69, 3503.54, 3503.54, 3502.44, 46.57463031]
[1553194800, 3498.01, 3504.75, 3498.02, 3503.53, 52.68383846]
[1553191200, 3497.99, 3498.69, 3498.69, 3498.02, 34.91194068]
[1553187600, 3490.36, 3499, 3490.36, 3498.72, 72.16931817]
[1553184000, 3483.05, 3494.89, 3494.89, 3490.36, 70.3795787]
[1553180400, 3461.88, 3511.7, 3461.88, 3494.89, 110.77731258]
[1553176800, 3456.89, 3538.02, 3536.48, 3461.9, 298.77874705]
[1553173200, 3535, 3552.68, 3546.02, 3536.48, 94.68733656]
[1553169600, 3546.01, 3561.23, 3546.72, 3546.01, 85.06163515]
[1553166000, 3540.5, 3549.72, 3540.62, 3546.73, 62.72144629]
[1553162400, 3540.51, 3542.19, 3542.18, 3540.57, 65.59355917]
[1553158800, 3535.62, 3543.04, 3542.19, 3542.19, 53.90041289]
[1553155200, 3531.99, 3542.51, 3532, 3542.2, 108.91903128]
[1553151600, 3527.15, 3532, 3527.16, 3532, 58.22708862]
[1553148000, 3525, 3527.16, 3525.01, 3527.16, 14.93429473]
[1553144400, 3525, 3529.24, 3529.24, 3525, 13.95396977]
[1553140800, 3529.24, 3529.78, 3529.78, 3529.25, 3.62094758]
[1553137200, 3529.23, 3529.78, 3529.34, 3529.78, 4.3230875]
[1553133600, 3522.04, 3533.16, 3522.05, 3529.63, 18.20744425]
[1553130000, 3521.92, 3535, 3534.99, 3522.05, 18.92289477]
[1553126400, 3531, 3535, 3531.01, 3535, 16.58474481]
