[1574726400, 6439.32, 6527.82, 6472.68, 6502.68, 47.89244424]
[1574722800, 6460.02, 6567.01, 6567, 6481.54, 44.0697543]
[1574719200, 6533.08, 6581.98, 6557.45, 6567, 36.27133797]
[1574715600, 6496.79, 6595.04, 6515.84, 6564.92, 52.05393585]
[1574712000, 6478.78, 6602.49, 6559.4, 6516.25, 86.7022991]
[1574708400, 6535.64, 6627.96, 6625, 6566.75, 72.64199404]
[1574704800, 6563.68, 6633.22, 6567.67, 6627.17, 56.3395574]
[1574701200, 6519.42, 6594.5, 6581.34, 6569.99, 65.53796763]
[1574697600, 6541.01, 6726.36, 6606.11, 6582.35, 238.29708138]
[1574694000, 6514.38, 6637.63, 6520.28, 6615, 132.29369516]
[1574690400, 6476.73, 6579, 6476.73, 6527.06, 94.98084266]
[1574686800, 6457.18, 6645.88, 6500, 6479.98, 273.8912791]
[1574683200, 6253.82, 6567.43, 6260.02, 6488.07, 388.71636651]
[1574679600, 6211, 6336.47, 6269.69, 6267.28, 180.9376194]
[1574676000, 6125.72, 6339, 6190.11, 6285.76, 212.32135267]
[1574672400, 6112.43, 6252.68, 6113.91, 6190.11, 184.8978576]
[1574668800, 6051.45, 6120, 6079.06, 6113.91, 124.46883837]
[1574665200, 6045.83, 6120, 6045.83, 6078.22, 202.33400557]
[1574661600, 5940.59, 6069.54, 5947.57, 6054.36, 152.31635258]
[1574658000, 5929.82, 6074.3, 6043.11, 5935.98, 217.33772826]
[1574654400, 6006.78, 6122.35, 6073.04, 6048.4, 70.18067986]
[1574650800, 6073.04, 6154.44, 6125.45, 6073.04, 33.7258043]
[1574647200, 6077.12, 6162.71, 6106.62, 6126.98, 54.60852209]
[1574643600, 6019, 6315.43, 6263, 6106.6, 284.58087265]
[1574640000, 6199, 6291.96, 6280, 6263, 119.20594438]
[1574636400, 6245.09, 6404.1, 6399.86, 6290.32, 153.83193956]
[1574632800, 6369.96, 6424, 6405, 6399.33, 46.06628]
[1574629200, 6394.99, 6449.98, 6407.84, 6405, 28.56542967]
[1574625600, 6365.78, 6430, 6406.36, 6406.57, 53.23272264]
[1574622000, 6379.72, 6458.69, 6435.74, 6406.36, 48.18091683]
[1574618400, 6417.41, 6461.63, 6439.84, 6435.48, 30.5886413]
[1574614800, 6383.74, 6477.99, 6386.21, 6439.9, 86.99138881]
[1574611200, 6285.02, 6403.62, 6353.72, 6392.71, 164.40223662]
[1574607600, 6336.24, 6463.09, 6426.97, 6364.52, 118.30688313]
[1574604000, 6370, 6528.79, 6504.09, 6433.35, 130.09030042]
[1574600400, 6500, 6551.35, 6520.27, 6505.08, 44.08279468]
[1574596800, 6497.78, 6565.62, 6560.17, 6516.13, 40.85137586]
[1574593200, 6493.37, 6614.84, 6496.03, 6560.16, 58.01005025]
[1574589600, 6471.98, 6625.67, 6597.9, 6500.19, 110.85312763]
[1574586000, 6530.32, 6614.87, 6556.64, 6600.98, 31.79850245]
[1574582400, 6536.02, 6582.57, 6536.05, 6559.27, 15.52128258]
[1574578800, 6537.53, 6572.55, 6560.35, 6538.74, 15.70773654]
[1574575200, 6536.8, 6582.53, 6542.5, 6566.14, 16.19162923]
[1574571600, 6520, 6549.38, 6535.81, 6532.66, 14.7720825]
[1574568000, 6525.97, 6578.99, 6566.22, 6539.04, 9.14133821]
[1574564400, 6552, 6599.2, 6599.2, 6566.51, 10.74994612]
[1574560800, 6595.34, 6629.45, 6610.03, 6599.4, 2.49717559]
[1574557200, 6598.37, 6621.47, 6604.52, 6614.96, 7.97792527]
[1574553600, 6584.61, 6682.21, 6662.53, 6605.18, 29.00799296]
[1574550000, 6646.78, 6672.17, 6648.48, 6663.11, 23.47454782]
[1574546400, 6613.73, 6679.99, 6630, 6653.71, 27.87032997]
[1574542800, 6600.01, 6633, 6617.94, 6629.26, 17.17993167]
[1574539200, 6596.9, 6651.27, 6633.76, 6617.43, 40.79495008]
[1574535600, 6627.57, 6676.07, 6658.58, 6634, 28.16537305]
[1574532000, 6628.4, 6685.9, 6642.95, 6658.58, 38.90179444]
[1574528400, 6612.38, 6661.41, 6655.32, 6649.37, 28.16336487]
[1574524800, 6604.9, 6691.16, 6652.83, 6658.7, 81.16560611]
[1574521200, 6592.03, 6685, 6616.01, 6659.94, 49.94108082]
[1574517600, 6539.33, 6650, 6542.41, 6623.15, 89.55604742]
[1574514000, 6513.56, 6548.18, 6513.56, 6546.68, 31.41903658]
[1574510400, 6512.53, 6557.66, 6535, 6522.34, 34.86633492]
[1574506800, 6524.97, 6579.22, 6529.84, 6538.45, 49.65766464]
[1574503200, 6493.19, 6564.95, 6521.5, 6536.26, 37.48281682]
[1574499600, 6460.27, 6533.63, 6508.19, 6521.82, 69.56430899]
[1574496000, 6485.09, 6565.73, 6544.26, 6508.21, 68.66734819]
[1574492400, 6525, 6596.61, 6574.26, 6539.19, 31.38893835]
[1574488800, 6543.38, 6586.92, 6577.34, 6570.54, 7.72307663]
[1574485200, 6530.01, 6590.37, 6573.46, 6564.48, 36.68241779]
[1574481600, 6572.02, 6635.65, 6621.49, 6574.73, 7.63620523]
[1574478000, 6601, 6638.94, 6607.62, 6631.72, 7.4145788]
[1574474400, 6560.54, 6618.37, 6565.01, 6607.61, 7.08426675]
[1574470800, 6532.81, 6574.7, 6554.9, 6566.02, 18.41997069]
[1574467200, 6511.04, 6625.94, 6623.65, 6560.49, 30.76628649]
[1574463600, 6552.63, 6647, 6604.42, 6628.17, 101.43542836]
[1574460000, 6582.86, 6699.98, 6683.8, 6616.92, 103.58853192]
[1574456400, 6640.61, 6710.45, 6682.39, 6683.8, 96.83560651]
[1574452800, 6629.32, 6730, 6649.93, 6684.04, 155.34573064]
[1574449200, 6582.53, 6718.82, 6590, 6649.72, 307.01607045]
[1574445600, 6497.39, 6600, 6515.06, 6591.65, 115.804175]
[1574442000, 6477.76, 6529.97, 6488.11, 6515.08, 112.22473286]
[1574438400, 6457.01, 6559.9, 6477, 6490.78, 292.49753434]
[1574434800, 6414.2, 6515, 6443.27, 6478.84, 445.01394229]
[1574431200, 6153, 6444.98, 6375, 6414.37, 795.338181]
[1574427600, 6338, 6497.88, 6497.88, 6378.88, 235.65646501]
[1574424000, 6422.55, 6522.14, 6470, 6497.9, 214.96758356]
[1574420400, 6414.4, 6533.73, 6414.4, 6475.8, 319.72028314]
[1574416800, 6300, 6706.19, 6699.65, 6440.24, 854.15916206]
[1574413200, 6666, 6800, 6792.2, 6707.41, 231.99858815]
[1574409600, 6790, 7022.51, 6838.77, 6792.06, 175.83692846]
[1574406000, 6704.02, 6857.07, 6745.92, 6841.08, 106.67319007]
[1574402400, 6718.22, 6842.41, 6836.24, 6745.93, 74.42984271]
[1574398800, 6801.24, 6895.47, 6882.15, 6836.44, 39.83587437]
[1574395200, 6867.07, 6900.67, 6867.07, 6884.18, 7.54761141]
[1574391600, 6864.44, 6911.61, 6905.7, 6864.44, 4.60526726]
[1574388000, 6901.06, 6936.03, 6920.01, 6911.6, 10.66439739]
[1574384400, 6920, 6953.37, 6948.27, 6920.01, 14.39107542]
[1574380800, 6896.76, 6949.88, 6896.76, 6947.24, 18.84727459]
[1574377200, 6877.01, 6911.91, 6892.63, 6896.76, 60.21705621]
[1574373600, 6868.35, 6905.37, 6870.02, 6894.39, 41.9787316]
[1574370000, 6856.46, 6899.34, 6873.92, 6870.42, 59.6907799]
[1574366400, 6854.83, 6930, 6894.12, 6873.92, 138.82095952]
[1574362800, 6857.81, 6900, 6859.3, 6899.99, 75.89611482]
[1574359200, 6835.35, 6884.47, 6843.76, 6859.3, 66.66118842]
[1574355600, 6822.02, 6884.13, 6869.98, 6846.14, 100.84156446]
[1574352000, 6854.99, 6911, 6871.36, 6875.8, 128.19794243]
[1574348400, 6700, 7030.33, 7030.33, 6878.67, 847.38233164]
[1574344800, 7016.66, 7115.08, 7103.16, 7030.69, 125.67981468]
[1574341200, 7096.39, 7113.1, 7113.07, 7109.75, 35.01718932]
[1574337600, 7075.01, 7119.66, 7085, 7113.03, 51.35937918]
[1574334000, 7076.41, 7138.36, 7132.01, 7086.41, 135.78044533]
[1574330400, 7120.3, 7149.48, 7140, 7133.45, 60.82105229]
[1574326800, 7122.55, 7169.97, 7146.97, 7141.93, 71.93848362]
[1574323200, 7113.13, 7293.7, 7288.62, 7145.17, 258.77966553]
[1574319600, 7277.5, 7309.99, 7296.88, 7288.63, 36.28154257]
[1574316000, 7266.54, 7330, 7329.99, 7295.89, 51.39902657]
[1574312400, 7306.29, 7327.33, 7308.81, 7321.69, 17.30022045]
[1574308800, 7300.29, 7320.76, 7320.16, 7308.81, 3.01842329]
[1574305200, 7295.23, 7323.64, 7313.96, 7317.44, 2.19803717]
[1574301600, 7301.4, 7326.84, 7320.97, 7314.15, 3.60084552]
[1574298000, 7295.84, 7323.72, 7305, 7320.23, 20.6147791]
[1574294400, 7281.06, 7303.39, 7293.64, 7303.39, 23.83843615]
[1574290800, 7289.64, 7307.63, 7307.63, 7293.64, 20.4142409]
[1574287200, 7300, 7331.18, 7314.65, 7307.63, 12.51251305]
[1574283600, 7299, 7329.76, 7309.22, 7310.28, 34.14444219]
[1574280000, 7283, 7313.39, 7300, 7305.01, 27.15671112]
[1574276400, 7280.37, 7313.91, 7313.48, 7303.49, 62.09752237]
[1574272800, 7304.1, 7500, 7355.1, 7313.5, 239.8588297]
[1574269200, 7337.31, 7360, 7342.64, 7359.82, 115.63933761]
[1574265600, 7328.76, 7349.99, 7335.92, 7342.75, 27.50882826]
[1574262000, 7317.62, 7361, 7358.01, 7336.12, 119.07552567]
[1574258400, 7303.99, 7358.11, 7304.73, 7350.57, 59.8383364]
[1574254800, 7290.67, 7315.85, 7306.99, 7304.73, 36.01640295]
[1574251200, 7292.33, 7328.91, 7305.21, 7306.99, 36.68170426]
[1574247600, 7276.11, 7322.14, 7282.05, 7306.43, 38.09710385]
[1574244000, 7265.06, 7297.58, 7288.79, 7282.05, 26.52102153]
[1574240400, 7285.36, 7315.41, 7315.41, 7288.81, 63.91926469]
[1574236800, 7305.02, 7344.29, 7338.32, 7315.41, 37.10480155]
[1574233200, 7325.68, 7351.88, 7329.95, 7338.32, 22.08728444]
[1574229600, 7318.77, 7347.18, 7318.77, 7329.95, 17.70415948]
[1574226000, 7306, 7327.19, 7327.19, 7322.8, 14.53325629]
[1574222400, 7315.05, 7356.25, 7348.77, 7322.1, 5.37821126]
[1574218800, 7336.17, 7356.23, 7352.54, 7346.59, 1.4713519]
[1574215200, 7341.13, 7368.99, 7342.75, 7356.23, 1.67357731]
[1574211600, 7324.86, 7350.92, 7339.31, 7336.28, 7.0356931]
[1574208000, 7309.33, 7344.52, 7337.97, 7339.57, 5.51693061]
[1574204400, 7327, 7354.97, 7343.23, 7333.72, 12.72576956]
[1574200800, 7317.72, 7355.76, 7324.81, 7347.69, 31.54836082]
[1574197200, 7302.5, 7335.68, 7318.5, 7324.81, 39.07673499]
[1574193600, 7283.28, 7325.31, 7308.73, 7325.31, 38.82100397]
[1574190000, 7295, 7329.72, 7297, 7308.73, 28.63036253]
[1574186400, 7295, 7323.94, 7295.01, 7297, 66.95562252]
[1574182800, 7263.07, 7305.42, 7302.77, 7295.04, 72.46628837]
[1574179200, 7294.04, 7363.46, 7310.01, 7305.23, 87.21632246]
[1574175600, 7290.99, 7320, 7311.83, 7310.01, 45.88770412]
[1574172000, 7279, 7331.85, 7279, 7311.85, 67.02901022]
[1574168400, 7227.31, 7286.77, 7251.39, 7279.95, 85.51991961]
[1574164800, 7240, 7318.84, 7287, 7257.25, 74.19514322]
[1574161200, 7230, 7327.37, 7306.76, 7287, 165.5577692]
[1574157600, 7300.77, 7368.35, 7359.77, 7310, 67.56171515]
[1574154000, 7353.77, 7379.98, 7376.87, 7359.21, 42.42754385]
[1574150400, 7334.82, 7379.99, 7337.93, 7379.98, 37.37116569]
[1574146800, 7309.08, 7362.76, 7362.76, 7334.48, 35.96514135]
[1574143200, 7332.65, 7365.03, 7341.92, 7362.78, 19.91007075]
[1574139600, 7341.92, 7370, 7358.99, 7341.92, 12.39717726]
[1574136000, 7330, 7370, 7354.09, 7359.5, 9.67213813]
[1574132400, 7347.2, 7400.88, 7400.87, 7347.2, 11.46324487]
[1574128800, 7396.26, 7421.59, 7404.87, 7397.34, 22.75858264]
[1574125200, 7383.84, 7411.15, 7383.84, 7404.91, 9.24206545]
[1574121600, 7374.87, 7408.29, 7390, 7387.22, 23.68149455]
[1574118000, 7390, 7417.17, 7417.17, 7390, 19.65255131]
[1574114400, 7401.92, 7448.05, 7441.39, 7414.68, 64.25134051]
[1574110800, 7406.3, 7470.11, 7426.81, 7441.4, 122.72201447]
[1574107200, 7383.44, 7425.55, 7416.5, 7425.55, 46.47294653]
[1574103600, 7382.05, 7444.98, 7413.09, 7420.77, 116.7299031]
[1574100000, 7267.01, 7524.59, 7518.65, 7411.7, 522.01873416]
[1574096400, 7504.41, 7603.63, 7600.7, 7524.6, 130.08491018]
[1574092800, 7585.05, 7610.28, 7593, 7603.76, 34.43325922]
[1574089200, 7588, 7631.52, 7628.91, 7593.01, 37.00511335]
[1574085600, 7628.91, 7646.97, 7634.52, 7631.52, 35.46256234]
[1574082000, 7600.03, 7649.99, 7612.33, 7634.52, 41.83902133]
[1574078400, 7566, 7630, 7625.51, 7612.53, 70.37199425]
[1574074800, 7620, 7653.68, 7650, 7625.51, 42.88505163]
[1574071200, 7638.36, 7669.15, 7667.3, 7653.75, 30.90527415]
[1574067600, 7647.81, 7669.53, 7669.53, 7659.66, 22.96431513]
[1574064000, 7633, 7687.21, 7637.29, 7669.54, 39.39580225]
[1574060400, 7618.33, 7655.65, 7637.03, 7646.38, 20.76000225]
[1574056800, 7626.12, 7686.85, 7676.13, 7644.03, 20.77561641]
[1574053200, 7656.65, 7676.31, 7665.8, 7674.8, 10.1591211]
[1574049600, 7651.01, 7682.32, 7664.13, 7665.8, 2.7454408]
[1574046000, 7630, 7669.57, 7633.01, 7663.01, 5.51403027]
[1574042400, 7613.2, 7680.03, 7680.03, 7632.48, 29.34847388]
[1574038800, 7671.77, 7693.01, 7685.92, 7675.75, 3.42695005]
[1574035200, 7658.01, 7701.33, 7699.44, 7688.61, 11.71215535]
[1574031600, 7681.82, 7737, 7732.99, 7699, 26.2318776]
[1574028000, 7729.73, 7755.77, 7750.08, 7736.99, 15.33776105]
[1574024400, 7724, 7758.94, 7730, 7751.54, 21.76049896]
[1574020800, 7730, 7830, 7748.12, 7737.23, 83.10357795]
[1574017200, 7730.01, 7754, 7733.66, 7747.99, 28.2363062]
[1574013600, 7731.1, 7745.72, 7745.4, 7739.43, 17.55775641]
[1574010000, 7729.32, 7757.95, 7731.21, 7741.4, 27.40040729]
[1574006400, 7719.04, 7743.15, 7719.04, 7733.41, 16.94071226]
