[1571846400, 6600.01, 6759.89, 6691.41, 6742.46, 302.05363391]
[1571842800, 6690.01, 6752.02, 6746.53, 6704.76, 210.47791194]
[1571839200, 6708.05, 6766.42, 6740.98, 6746.53, 270.89577332]
[1571835600, 6670, 6835.4, 6802.17, 6750.34, 454.60888503]
[1571832000, 6700.01, 7180.76, 7173.72, 6807.22, 795.74933133]
[1571828400, 7169.34, 7225, 7219.01, 7180.8, 51.7338274]
[1571824800, 7202.55, 7224.98, 7204.85, 7219.01, 36.55424382]
[1571821200, 7180.52, 7210.57, 7180.53, 7204.84, 56.15554936]
[1571817600, 7159.91, 7190, 7167, 7183.89, 38.85316694]
[1571814000, 7166.96, 7190, 7182.9, 7169.81, 33.2802308]
[1571810400, 7145.87, 7188.16, 7161.83, 7182.9, 32.64552546]
[1571806800, 7138.83, 7183.52, 7170.96, 7159.76, 19.90256722]
[1571803200, 7139.66, 7186.23, 7172.7, 7168.59, 19.30793043]
[1571799600, 7156, 7242.54, 7239.74, 7163.49, 22.88219633]
[1571796000, 7225.6, 7243.29, 7236, 7242.11, 2.7408381]
[1571792400, 7232, 7249.28, 7232.85, 7241.58, 19.59607254]
[1571788800, 7205.39, 7242.56, 7218.23, 7232.85, 17.43979592]
[1571785200, 7202.01, 7273.4, 7263.3, 7219.4, 39.94651566]
[1571781600, 7255.04, 7295.67, 7277.82, 7258.77, 49.63746581]
[1571778000, 7278.76, 7313.32, 7313.32, 7278.76, 51.2163552]
[1571774400, 7242.44, 7347.82, 7346.02, 7314.72, 102.54704192]
[1571770800, 7335.63, 7386.53, 7374.99, 7352.93, 47.99086302]
[1571767200, 7364.07, 7382.93, 7376.05, 7375, 26.28222967]
[1571763600, 7360.88, 7385.09, 7372.17, 7379.83, 19.6796857]
[1571760000, 7361.7, 7397.92, 7380.89, 7373.04, 64.8558813]
[1571756400, 7352.67, 7386.37, 7386.37, 7384, 32.85344336]
[1571752800, 7383.74, 7416.7, 7398.54, 7383.74, 34.94794867]
[1571749200, 7386.02, 7438.69, 7428.17, 7399.17, 38.96294041]
[1571745600, 7416.01, 7468.31, 7444.51, 7428.28, 48.25576915]
[1571742000, 7403.82, 7450, 7415.41, 7450, 27.04586708]
[1571738400, 7400, 7450, 7441.1, 7419.78, 42.79051776]
[1571734800, 7419.99, 7447.87, 7420.7, 7445.56, 64.37967117]
[1571731200, 7387.01, 7429.61, 7387.71, 7428.91, 67.35696885]
[1571727600, 7346.11, 7395, 7367.98, 7390.52, 72.96014361]
[1571724000, 7366, 7374.99, 7371.25, 7374, 16.53084861]
[1571720400, 7366.75, 7387, 7380.61, 7371.5, 8.53762546]
[1571716800, 7360.1, 7386.98, 7381.94, 7384.59, 6.58559616]
[1571713200, 7350.54, 7386.86, 7356.29, 7382.83, 4.40679667]
[1571709600, 7339.29, 7369.18, 7347.45, 7357.9, 0.99243355]
[1571706000, 7341.22, 7371.48, 7354.62, 7348.01, 3.54159548]
[1571702400, 7348.68, 7377.29, 7377.29, 7353.34, 3.31012306]
[1571698800, 7354.39, 7383.69, 7361.26, 7377.28, 3.55759598]
[1571695200, 7354.52, 7383.92, 7383.84, 7361.26, 23.91119166]
[1571691600, 7367, 7395, 7367.39, 7383.12, 29.42638161]
[1571688000, 7356.23, 7379.99, 7356.23, 7371.3, 26.15428682]
[1571684400, 7337, 7360.99, 7341.14, 7359, 27.08305091]
[1571680800, 7325, 7363.68, 7357.13, 7341.13, 18.05527609]
[1571677200, 7335.91, 7366.31, 7340.12, 7353.36, 24.05940793]
[1571673600, 7324, 7369.49, 7366.51, 7346.9, 45.51326071]
[1571670000, 7334.31, 7494.8, 7417.51, 7365, 152.24399416]
[1571666400, 7394.7, 7421.15, 7402.42, 7416.88, 28.14433394]
[1571662800, 7380.35, 7408.96, 7390.07, 7405.31, 43.29838321]
[1571659200, 7380, 7427.86, 7381.46, 7394.88, 106.86488979]
[1571655600, 7380, 7438.5, 7423.06, 7380, 40.64485802]
[1571652000, 7353.52, 7425.75, 7354.18, 7423.13, 67.55611553]
[1571648400, 7352.01, 7383.57, 7377.85, 7360.23, 24.81080262]
[1571644800, 7350, 7383.6, 7377.06, 7377.04, 32.95577817]
[1571641200, 7370, 7400.01, 7394.87, 7371.2, 19.84148112]
[1571637600, 7384.07, 7426.78, 7390.91, 7392.93, 23.67146618]
[1571634000, 7370.78, 7406.24, 7388.22, 7394, 7.70395955]
[1571630400, 7369.33, 7396.01, 7382.05, 7383.05, 6.40983487]
[1571626800, 7371.64, 7407.03, 7407.03, 7382.04, 3.70102803]
[1571623200, 7375.45, 7417.89, 7382.92, 7407.27, 13.94811063]
[1571619600, 7362, 7385.72, 7365.6, 7385.72, 1.8297736]
[1571616000, 7366.04, 7395, 7381.49, 7371.47, 5.33941347]
[1571612400, 7346.7, 7386.42, 7354.99, 7386.42, 43.51524191]
[1571608800, 7352.1, 7395.68, 7364.98, 7355, 20.2338558]
[1571605200, 7342.24, 7387.5, 7367.48, 7360, 30.59931291]
[1571601600, 7362.83, 7449.98, 7397, 7373.16, 124.27666697]
[1571598000, 7296.33, 7399.08, 7297.34, 7399.05, 88.9596636]
[1571594400, 7292.25, 7335, 7305.43, 7301, 76.7286435]
[1571590800, 7219.9, 7330, 7228.8, 7306.81, 101.9727716]
[1571587200, 7177.43, 7240, 7183.46, 7235.86, 53.78351283]
[1571583600, 7161.97, 7198, 7175.84, 7189.64, 37.27950256]
[1571580000, 7130.02, 7189.33, 7135, 7189.33, 31.68723453]
[1571576400, 7126.74, 7149.96, 7134.75, 7137.11, 12.51157523]
[1571572800, 7113.33, 7173.6, 7120.91, 7131.56, 25.39449197]
[1571569200, 7106.17, 7126.09, 7112.31, 7117.44, 14.12933034]
[1571565600, 7100.81, 7135.44, 7126.93, 7106.17, 16.03138255]
[1571562000, 7095.72, 7163.03, 7098.6, 7126.92, 17.95969065]
[1571558400, 7074.64, 7100, 7091.3, 7100, 13.12284345]
[1571554800, 7084.01, 7112.8, 7103.77, 7092.38, 12.75378385]
[1571551200, 7087.27, 7116.57, 7090.56, 7106.53, 26.44380348]
[1571547600, 7090, 7105.53, 7098.77, 7090.38, 2.86440891]
[1571544000, 7082.01, 7106.99, 7082.65, 7096.6, 2.06204622]
[1571540400, 7076.17, 7091.01, 7083.15, 7081.33, 1.48625279]
[1571536800, 7070, 7100.01, 7087.48, 7080.74, 9.94232282]
[1571533200, 7081.01, 7107.08, 7091.01, 7081.01, 1.45657056]
[1571529600, 7082.13, 7139.33, 7126.28, 7091, 13.77272575]
[1571526000, 7104.64, 7127.73, 7111.34, 7125.14, 12.94933591]
[1571522400, 7103.93, 7136.41, 7130.8, 7115.44, 7.77027028]
[1571518800, 7091, 7143.19, 7127.63, 7130.8, 23.23998203]
[1571515200, 7105, 7162.66, 7161.78, 7122.14, 39.06375544]
[1571511600, 7136.42, 7164.29, 7156.86, 7157.14, 14.0989478]
[1571508000, 7151.62, 7180.04, 7173.81, 7162.51, 18.70272165]
[1571504400, 7141, 7180.62, 7149.55, 7180.55, 12.84803044]
[1571500800, 7139.22, 7168.31, 7160.52, 7156.7, 31.59868133]
[1571497200, 7158.28, 7190, 7174.38, 7158.28, 25.77729858]
[1571493600, 7170, 7193.36, 7180.92, 7174.39, 33.00298716]
[1571490000, 7173.8, 7248.28, 7210.2, 7182.86, 50.52075224]
[1571486400, 7045, 7253.94, 7124.22, 7228.81, 99.73288248]
[1571482800, 7110.21, 7131.99, 7113.44, 7124.23, 11.69185746]
[1571479200, 7106.79, 7131.26, 7131.26, 7114.32, 14.80020137]
[1571475600, 7122.32, 7148.59, 7143.79, 7126.18, 12.73996187]
[1571472000, 7108.24, 7163.19, 7109.19, 7144.19, 28.36749666]
[1571468400, 7101.19, 7119.5, 7108.84, 7112, 15.86660183]
[1571464800, 7054.78, 7123.59, 7116.71, 7114.61, 59.85687937]
[1571461200, 7099.27, 7129.16, 7129.16, 7111.17, 3.51395418]
[1571457600, 7113.79, 7130.77, 7126.44, 7121.87, 9.24235316]
[1571454000, 7097.85, 7134.99, 7107.53, 7119.7, 5.88999319]
[1571450400, 7088.02, 7115.57, 7103.76, 7104.97, 14.28355958]
[1571446800, 7101, 7121.93, 7108.55, 7101, 3.72519858]
[1571443200, 7101.7, 7132.21, 7129.33, 7109.28, 4.61443671]
[1571439600, 7122.04, 7150, 7142.51, 7129.33, 7.14815275]
[1571436000, 7124.38, 7150, 7124.38, 7142.52, 9.57352528]
[1571432400, 7110.76, 7134.6, 7127.37, 7130.88, 13.414265]
[1571428800, 7105.92, 7139.94, 7132.26, 7126.95, 25.05373102]
[1571425200, 7119.05, 7145.84, 7129.1, 7133.83, 17.05459726]
[1571421600, 7119.73, 7167.01, 7124.32, 7129.43, 42.11441331]
[1571418000, 7091.98, 7125.21, 7114.38, 7124.04, 70.54766896]
[1571414400, 7107.05, 7144, 7110.01, 7121.13, 29.46004541]
[1571410800, 7106.12, 7141.83, 7118, 7112.04, 43.74088124]
[1571407200, 7100.97, 7140.13, 7140.13, 7118.97, 33.2121735]
[1571403600, 7120.01, 7149.68, 7125, 7140.13, 31.69799229]
[1571400000, 7114.1, 7168.59, 7118.44, 7125.1, 59.59114528]
[1571396400, 7106.35, 7130.44, 7108.39, 7117.18, 34.27444262]
[1571392800, 7099, 7117.85, 7115, 7112.81, 44.75934433]
[1571389200, 7085.08, 7134.86, 7090, 7116.71, 47.61872713]
[1571385600, 7024.75, 7124.52, 7119.46, 7096.35, 111.35449083]
[1571382000, 7110, 7140.45, 7140.45, 7123.68, 49.50912547]
[1571378400, 7092.36, 7147.96, 7125, 7137.56, 68.64404363]
[1571374800, 7070, 7268.08, 7265.64, 7129.26, 176.91940692]
[1571371200, 7258, 7274.46, 7265.29, 7265.64, 4.24865889]
[1571367600, 7255.64, 7281.91, 7277.02, 7265.29, 2.54225878]
[1571364000, 7271.08, 7298.88, 7298.88, 7281.91, 0.92077494]
[1571360400, 7266.44, 7298.87, 7274.71, 7298.87, 3.56365902]
[1571356800, 7250.06, 7284.56, 7269, 7280.56, 3.54992862]
[1571353200, 7240.04, 7275.25, 7250, 7269.08, 15.12210265]
[1571349600, 7241.03, 7270, 7263.37, 7250, 9.22922337]
[1571346000, 7239, 7268.77, 7246.22, 7263.39, 15.46107283]
[1571342400, 7239.01, 7264.14, 7255.59, 7239.01, 14.5997765]
[1571338800, 7241.55, 7278.25, 7273.01, 7255.59, 34.81035613]
[1571335200, 7273, 7286.97, 7276.81, 7278.26, 24.49856333]
[1571331600, 7268.86, 7289.64, 7282.73, 7286.98, 25.49645189]
[1571328000, 7253.48, 7311.36, 7257.46, 7282.73, 58.66582605]
[1571324400, 7252.53, 7287.13, 7259, 7258.75, 137.43979895]
[1571320800, 7236.13, 7269.12, 7264.07, 7258.89, 30.87422218]
[1571317200, 7245.24, 7275.79, 7257.88, 7269.12, 65.76419129]
[1571313600, 7230.11, 7280, 7265.46, 7257.88, 42.14347765]
[1571310000, 7264.26, 7307.68, 7280.02, 7274.57, 66.31787531]
[1571306400, 7252.82, 7300, 7252.82, 7280.02, 42.02781314]
[1571302800, 7230.01, 7283.24, 7265.4, 7258.56, 92.79654055]
[1571299200, 7200.84, 7297.48, 7207.41, 7272.74, 94.17481249]
[1571295600, 7195.82, 7225.6, 7208.99, 7213.39, 41.43815322]
[1571292000, 7191.19, 7228.59, 7219.99, 7207.75, 29.79934461]
[1571288400, 7170.68, 7219.99, 7176.48, 7219.99, 15.55623118]
[1571284800, 7170, 7205, 7205, 7181.98, 16.92207508]
[1571281200, 7205, 7217.34, 7214.75, 7205.01, 1.84428358]
[1571277600, 7188.36, 7216.99, 7194.83, 7216.44, 2.50334855]
[1571274000, 7182.92, 7204.6, 7197.6, 7194.74, 9.45332721]
[1571270400, 7188.83, 7227.54, 7222.14, 7198.88, 52.41778467]
[1571266800, 7222.34, 7248.14, 7237.27, 7228.57, 14.7575523]
[1571263200, 7210, 7244.27, 7221.9, 7242.59, 24.3623063]
[1571259600, 7219.02, 7229.44, 7222, 7226.3, 27.25048022]
[1571256000, 7187.45, 7224.98, 7187.45, 7223.4, 38.42596265]
[1571252400, 7172.8, 7205.97, 7201.82, 7187.45, 50.66511666]
[1571248800, 7201, 7218.96, 7213.05, 7205.96, 35.50555536]
[1571245200, 7187.87, 7225.07, 7210.7, 7217.54, 44.14730219]
[1571241600, 7165.21, 7249, 7189.34, 7211.08, 56.70448122]
[1571238000, 7189.33, 7233.97, 7212.2, 7190.33, 47.26408081]
[1571234400, 7200, 7245.2, 7240, 7218.4, 74.34665788]
[1571230800, 7219.01, 7264.76, 7247.43, 7240, 86.81367654]
[1571227200, 7199, 7319.84, 7306.63, 7241.32, 138.6514587]
[1571223600, 7277, 7404.76, 7400.82, 7310.35, 102.00639914]
[1571220000, 7380.19, 7404.79, 7389.98, 7400.82, 20.99545156]
[1571216400, 7361.11, 7390, 7379.95, 7387, 25.36884991]
[1571212800, 7355, 7386.37, 7378.38, 7379.97, 38.75800006]
[1571209200, 7370.5, 7400, 7399, 7385.67, 24.69116537]
[1571205600, 7399, 7421.3, 7411.94, 7400.01, 28.41167747]
[1571202000, 7403.9, 7414.53, 7407.96, 7413.93, 8.39038951]
[1571198400, 7404.31, 7419.69, 7406.41, 7407.94, 3.23262256]
[1571194800, 7400, 7410.39, 7408.82, 7406.24, 3.56230055]
[1571191200, 7402.79, 7418.94, 7412.33, 7402.79, 4.63481807]
[1571187600, 7408.03, 7420, 7411.23, 7417.96, 4.36194239]
[1571184000, 7391.45, 7411.4, 7400.5, 7411.15, 5.85413483]
[1571180400, 7376.37, 7407.99, 7385, 7400.26, 12.52631732]
[1571176800, 7385, 7398.89, 7388.78, 7385, 18.64056844]
[1571173200, 7365.11, 7401.24, 7380.03, 7389.76, 45.61769354]
[1571169600, 7380.72, 7419.16, 7419.16, 7380.79, 31.30243645]
[1571166000, 7392.01, 7420, 7416.5, 7419.16, 50.65959529]
[1571162400, 7400, 7423.79, 7413.41, 7419.99, 31.66665541]
[1571158800, 7406.27, 7455.57, 7431.7, 7407, 40.82858892]
[1571155200, 7347, 7554.77, 7537.05, 7431.79, 147.67411701]
[1571151600, 7472.42, 7589, 7489.72, 7551.11, 61.44690713]
[1571148000, 7471.09, 7570, 7562.59, 7489.72, 79.50148908]
[1571144400, 7558.1, 7572.34, 7565, 7568.19, 45.74899969]
[1571140800, 7539.41, 7569.52, 7544.02, 7562.07, 29.9716662]
[1571137200, 7535.27, 7563.35, 7562.03, 7548.55, 27.77921772]
[1571133600, 7532.1, 7570.61, 7533.01, 7562.03, 30.40676999]
[1571130000, 7517.91, 7548.05, 7525.01, 7533.01, 24.13732034]
[1571126400, 7510, 7539.44, 7524.63, 7525.01, 34.13831064]
