[1571126400, 7510, 7539.44, 7524.63, 7525.01, 34.13831064]
[1571122800, 7523.03, 7564.5, 7530.01, 7531.52, 26.56086314]
[1571119200, 7530, 7570.85, 7562.28, 7535.65, 32.96884158]
[1571115600, 7552.13, 7565.15, 7565.15, 7562.25, 14.27947384]
[1571112000, 7545, 7566, 7545.1, 7565.45, 5.25560066]
[1571108400, 7545, 7566.53, 7561.28, 7550.22, 2.62655739]
[1571104800, 7548.14, 7571.79, 7566.57, 7568.15, 2.1204025]
[1571101200, 7560.89, 7596.43, 7585.95, 7568.27, 3.87386216]
[1571097600, 7579.08, 7633.37, 7579.08, 7582.74, 19.95340835]
[1571094000, 7562.79, 7583.08, 7571.33, 7579.09, 6.20494941]
[1571090400, 7550, 7581.92, 7555.11, 7578.85, 11.21048217]
[1571086800, 7500, 7581.19, 7567.57, 7555.23, 39.34645886]
[1571083200, 7561.96, 7577, 7561.97, 7567.92, 23.49953634]
[1571079600, 7561.17, 7611.11, 7584, 7566.53, 27.88603901]
[1571076000, 7561.99, 7584.93, 7564.06, 7584.5, 43.37202346]
[1571072400, 7556.15, 7592.69, 7568, 7574.56, 22.78539675]
[1571068800, 7470, 7635.75, 7503.04, 7558.26, 66.06576156]
[1571065200, 7502.12, 7529.24, 7511, 7508.79, 25.15825548]
[1571061600, 7510.78, 7549.99, 7525.13, 7511.01, 35.25333499]
[1571058000, 7490.32, 7529, 7498, 7525.13, 25.65226937]
[1571054400, 7481.9, 7536.57, 7530.45, 7503.82, 38.67691035]
[1571050800, 7530.43, 7553.4, 7553.4, 7530.46, 30.4509634]
[1571047200, 7531.01, 7554.31, 7543.55, 7549, 18.07905153]
[1571043600, 7530.01, 7563.99, 7550.51, 7549.97, 24.045069]
[1571040000, 7540.64, 7570.45, 7550, 7554.29, 29.73694487]
[1571036400, 7540.1, 7572.42, 7570, 7545.06, 26.50937025]
[1571032800, 7550.01, 7572.44, 7551.93, 7572.41, 16.962694]
[1571029200, 7515.01, 7567.53, 7519.97, 7558.48, 22.58825148]
[1571025600, 7512.97, 7528.63, 7526.89, 7519.93, 8.04891513]
[1571022000, 7518.53, 7549.5, 7532.98, 7518.53, 7.40888922]
[1571018400, 7519.45, 7548.39, 7522.86, 7532.98, 2.2953396]
[1571014800, 7508.88, 7535.13, 7516.48, 7527.32, 6.8182548]
[1571011200, 7496.19, 7525.5, 7525.5, 7511.98, 7.68146665]
[1571007600, 7513.72, 7553.65, 7530.01, 7527.01, 13.4990022]
[1571004000, 7480.01, 7540.19, 7486.46, 7530.01, 24.09544666]
[1571000400, 7463.43, 7509.01, 7509.01, 7488.09, 39.69368659]
[1570996800, 7377.86, 7674.81, 7662.8, 7509.13, 222.27897]
[1570993200, 7656, 7674.89, 7656, 7674.89, 32.78444834]
[1570989600, 7653.15, 7669.98, 7655, 7657.91, 16.77900637]
[1570986000, 7650.42, 7673.71, 7656.49, 7655, 19.07984102]
[1570982400, 7637.17, 7685, 7637.17, 7662.91, 30.8408528]
[1570978800, 7629, 7651.51, 7638.19, 7638.37, 14.62037462]
[1570975200, 7611.48, 7659.96, 7651, 7646.94, 26.7162666]
[1570971600, 7630.31, 7678.64, 7630.39, 7651, 35.24373365]
[1570968000, 7587.29, 7658.9, 7588.39, 7642.71, 39.85683836]
[1570964400, 7570.66, 7610.09, 7570.66, 7595.56, 14.70385939]
[1570960800, 7568.21, 7589.99, 7568.22, 7570.66, 12.12381798]
[1570957200, 7560.09, 7580.82, 7580.82, 7572.56, 10.6953817]
[1570953600, 7550.52, 7586.46, 7552.95, 7580.82, 17.5332071]
[1570950000, 7516.38, 7579.5, 7542.32, 7565.48, 27.20270243]
[1570946400, 7541.39, 7571.04, 7571, 7556.95, 10.61212527]
[1570942800, 7553.24, 7574.2, 7574.2, 7556.39, 1.81954065]
[1570939200, 7562.63, 7581.33, 7574.76, 7574.2, 1.24908063]
[1570935600, 7559.51, 7579.21, 7574.88, 7566.02, 4.42140924]
[1570932000, 7558.3, 7581.18, 7581.18, 7572.4, 8.16085286]
[1570928400, 7554.49, 7590, 7556.18, 7581.18, 5.32852359]
[1570924800, 7520.78, 7572.93, 7540.61, 7556.17, 3.16498462]
[1570921200, 7521.04, 7570, 7566.81, 7539.19, 12.32264071]
[1570917600, 7555.76, 7578.57, 7567.22, 7559.73, 3.90137302]
[1570914000, 7551.49, 7576.18, 7569.33, 7566.49, 14.90761114]
[1570910400, 7550, 7576.84, 7550, 7566.4, 17.28189064]
[1570906800, 7531.01, 7567.7, 7553.98, 7550, 14.65361652]
[1570903200, 7540.01, 7568.78, 7568.78, 7550.77, 19.46967133]
[1570899600, 7561.02, 7587.22, 7571.18, 7568.43, 17.06432629]
[1570896000, 7570, 7628.89, 7606.35, 7577, 17.92499787]
[1570892400, 7586.31, 7628.98, 7624.16, 7606.3, 18.08633993]
[1570888800, 7549, 7627, 7566.28, 7613.92, 33.33675174]
[1570885200, 7556.11, 7575.3, 7567.62, 7562.71, 12.87909105]
[1570881600, 7548.26, 7571, 7555, 7567.73, 9.84843494]
[1570878000, 7543.62, 7570.43, 7554.84, 7555, 19.69216712]
[1570874400, 7540.27, 7581.11, 7580.22, 7554.83, 17.67576587]
[1570870800, 7580.22, 7594.65, 7580.3, 7581.32, 16.20780032]
[1570867200, 7569.77, 7587.02, 7572.98, 7585.1, 12.8028826]
[1570863600, 7569.77, 7585.01, 7583.86, 7574.61, 11.01226057]
[1570860000, 7567.93, 7592.74, 7567.93, 7584.1, 7.24838887]
[1570856400, 7551.37, 7589.95, 7551.37, 7571.98, 5.14336864]
[1570852800, 7546.25, 7563.92, 7548.65, 7550.52, 3.6578458]
[1570849200, 7530.64, 7558.99, 7542.41, 7546.41, 2.95174388]
[1570845600, 7533.97, 7559, 7544.93, 7536.29, 4.68005152]
[1570842000, 7507.5, 7555.02, 7514.01, 7549.3, 8.82054489]
[1570838400, 7490.27, 7546.4, 7495, 7514, 8.47146089]
[1570834800, 7461.13, 7557.99, 7557.99, 7500, 29.95465308]
[1570831200, 7551.19, 7576.56, 7555.33, 7557.99, 24.79028918]
[1570827600, 7544.17, 7576.51, 7575.72, 7561.94, 11.49048025]
[1570824000, 7560, 7599, 7580, 7577.5, 21.13464584]
[1570820400, 7551.34, 7580, 7551.73, 7580, 20.04742201]
[1570816800, 7536.71, 7576.76, 7574, 7559.39, 31.28000455]
[1570813200, 7556.65, 7575, 7568.11, 7571.34, 17.83568745]
[1570809600, 7531.05, 7588.98, 7578.28, 7571.54, 28.42913046]
[1570806000, 7529.56, 7585.77, 7554.08, 7585.77, 59.99678064]
[1570802400, 7530.82, 7570.71, 7570.71, 7561, 43.58971782]
[1570798800, 7541.05, 7575.64, 7565.03, 7570.68, 46.5863631]
[1570795200, 7505, 7585, 7527.32, 7572.14, 51.46518404]
[1570791600, 7512.67, 7618.97, 7613.26, 7526.32, 90.91665653]
[1570788000, 7589.79, 7623.49, 7598.87, 7620.15, 29.25920654]
[1570784400, 7597.19, 7639.1, 7622.76, 7603.29, 41.65124701]
[1570780800, 7555, 7648.24, 7645, 7628.57, 143.80986305]
[1570777200, 7637.8, 7683.66, 7670.82, 7645, 43.47931484]
[1570773600, 7630.93, 7699.05, 7699.05, 7672.09, 76.21161267]
[1570770000, 7627, 8030.44, 7943.53, 7689.22, 226.21697542]
[1570766400, 7782.42, 7958.64, 7799.22, 7943.55, 66.34664271]
[1570762800, 7755.15, 7801.93, 7765.4, 7799.22, 2.68751732]
[1570759200, 7748.61, 7779.27, 7767.68, 7765.4, 2.50448315]
[1570755600, 7746.56, 7776.92, 7764.21, 7776.92, 2.16612435]
[1570752000, 7742.01, 7821.46, 7815.63, 7757.23, 29.63525867]
[1570748400, 7786.37, 7820, 7815.5, 7815.65, 12.24926275]
[1570744800, 7791.1, 7835.58, 7797.92, 7819.99, 31.9516121]
[1570741200, 7780.31, 7842.2, 7806.93, 7797.92, 34.34599544]
[1570737600, 7790.29, 7838.09, 7809.54, 7804.58, 52.32456165]
[1570734000, 7780, 7810, 7780, 7809.54, 30.25165795]
[1570730400, 7735.06, 7790.84, 7743.68, 7780, 31.39026288]
[1570726800, 7741.85, 7789.03, 7759.99, 7743.69, 34.93337647]
[1570723200, 7750.78, 7808.27, 7787.75, 7759.99, 34.24932072]
[1570719600, 7721.99, 7799.99, 7731.81, 7787.76, 60.71567404]
[1570716000, 7707.01, 7744.13, 7733.73, 7735, 36.37369293]
[1570712400, 7700, 7736.64, 7710.46, 7733.73, 33.80918264]
[1570708800, 7675, 7774.65, 7770.02, 7717.88, 95.44521727]
[1570705200, 7741.01, 7779.98, 7750.29, 7775.23, 37.07107181]
[1570701600, 7716, 7765.8, 7750.06, 7752.22, 55.72664562]
[1570698000, 7730, 7800.89, 7790, 7755.08, 90.55086169]
[1570694400, 7788.88, 7849.9, 7837.03, 7790, 73.66094583]
[1570690800, 7820.1, 7869.42, 7842.11, 7841.35, 86.09092667]
[1570687200, 7800.53, 7850, 7806.76, 7842.12, 47.4095027]
[1570683600, 7801.23, 7838.6, 7828.39, 7817.06, 27.35574498]
[1570680000, 7801.86, 7842.79, 7807.53, 7834.2, 14.02183859]
[1570676400, 7794.2, 7829.85, 7801.56, 7812.28, 8.63065078]
[1570672800, 7780, 7801.56, 7800.01, 7801.56, 2.00683842]
[1570669200, 7800.01, 7828.65, 7821.64, 7801.05, 4.98167951]
[1570665600, 7820.34, 7850, 7831, 7830.13, 11.54533356]
[1570662000, 7818.01, 7849.91, 7818.01, 7833.99, 15.08018106]
[1570658400, 7801.62, 7889.4, 7801.63, 7822.64, 52.17489282]
[1570654800, 7786.07, 7855.49, 7850, 7803, 39.69622876]
[1570651200, 7846, 7880.53, 7862.86, 7850, 58.26732907]
[1570647600, 7828.57, 7866.74, 7861.22, 7858.51, 85.68155288]
[1570644000, 7850.79, 7920, 7889, 7860.29, 88.81590478]
[1570640400, 7821.17, 7889, 7845.67, 7887.34, 119.68196962]
[1570636800, 7768.33, 7900.08, 7813, 7845.68, 199.14985425]
[1570633200, 7696.79, 7920, 7700.75, 7815, 345.25716173]
[1570629600, 7506.42, 7719.05, 7506.43, 7695.16, 331.81153338]
[1570626000, 7453, 7506.43, 7453, 7506.43, 48.46609583]
[1570622400, 7453, 7477.92, 7473.34, 7458.45, 35.53202006]
[1570618800, 7455.38, 7495.39, 7495.39, 7477.76, 28.98241015]
[1570615200, 7465.59, 7500, 7465.68, 7495.39, 53.71472768]
[1570611600, 7452.32, 7489, 7463.04, 7466.53, 53.01280963]
[1570608000, 7435.32, 7472.41, 7461.59, 7467.56, 39.5052875]
[1570604400, 7441.6, 7471.09, 7442.89, 7461.81, 21.37426638]
[1570600800, 7433.05, 7460.89, 7437.07, 7454.23, 39.71423107]
[1570597200, 7414.3, 7450, 7422.79, 7444.43, 11.26751768]
[1570593600, 7414.01, 7437.14, 7418, 7427.44, 6.20388119]
[1570590000, 7420.12, 7450, 7444.59, 7422.02, 2.17517968]
[1570586400, 7426.25, 7466.02, 7466.02, 7449.97, 2.01902348]
[1570582800, 7459.18, 7478.02, 7470.23, 7466.02, 4.57370004]
[1570579200, 7441.2, 7492.5, 7470.3, 7469.67, 9.3817779]
[1570575600, 7462.31, 7499.99, 7491.72, 7479.97, 9.44244319]
[1570572000, 7453.7, 7500, 7453.85, 7486.89, 24.69029163]
[1570568400, 7417.21, 7461.14, 7425.39, 7459.95, 19.89325545]
[1570564800, 7391.01, 7487.19, 7472.99, 7425.39, 55.19998835]
[1570561200, 7462.96, 7504.62, 7491.37, 7473, 28.54091898]
[1570557600, 7476, 7499.99, 7482, 7491.38, 21.75253499]
[1570554000, 7457.59, 7493.32, 7470.5, 7484.39, 43.30204399]
[1570550400, 7458.86, 7499.97, 7495, 7475.22, 32.5988967]
[1570546800, 7488.52, 7519.96, 7491.51, 7495, 51.18617123]
[1570543200, 7458.66, 7497.26, 7488.94, 7487.07, 31.32481184]
[1570539600, 7484.87, 7520, 7497.32, 7488.94, 75.8721028]
[1570536000, 7414.83, 7499.99, 7458.58, 7499.99, 37.83784488]
[1570532400, 7432.09, 7485.19, 7440.25, 7462.4, 45.6884188]
[1570528800, 7433.1, 7489.99, 7450.01, 7439.8, 48.01430836]
[1570525200, 7421.74, 7455.18, 7439.96, 7454.99, 42.47962502]
[1570521600, 7423.33, 7499.93, 7490.97, 7441.19, 128.31853866]
[1570518000, 7490, 7520.96, 7517.52, 7497.79, 37.94104733]
[1570514400, 7514.46, 7542.04, 7526.01, 7522.14, 26.31003203]
[1570510800, 7500.01, 7542.51, 7515.75, 7534.26, 12.41952938]
[1570507200, 7515, 7576.99, 7555.22, 7515.65, 13.12835821]
[1570503600, 7539.8, 7559.07, 7551.53, 7556.68, 7.45826841]
[1570500000, 7555.9, 7599, 7565, 7555.9, 10.24585637]
[1570496400, 7514.36, 7565, 7515, 7565, 13.75752568]
[1570492800, 7493.3, 7516.38, 7493.3, 7512.39, 6.89720448]
[1570489200, 7488.8, 7534.99, 7523.88, 7489.45, 24.02524272]
[1570485600, 7482.35, 7523.86, 7482.52, 7519.12, 31.81261841]
[1570482000, 7475.01, 7506.01, 7484.99, 7486.98, 32.07765287]
[1570478400, 7479.72, 7525.12, 7506.78, 7485, 60.80777091]
[1570474800, 7500, 7527.74, 7518.67, 7508.98, 66.59710521]
[1570471200, 7500.63, 7570, 7554.5, 7518.68, 56.42209474]
[1570467600, 7500.1, 7555, 7513.98, 7554.5, 104.82260463]
[1570464000, 7440, 7519, 7467.43, 7519, 74.98612039]
[1570460400, 7434.03, 7500, 7436.08, 7480, 103.18418884]
[1570456800, 7404.44, 7452.44, 7440.02, 7438.6, 53.05572376]
[1570453200, 7401, 7489, 7403, 7441.05, 130.03622233]
[1570449600, 7279.76, 7430, 7279.76, 7401, 80.27836016]
[1570446000, 7277.08, 7337.69, 7307, 7279.75, 96.04635646]
[1570442400, 7245.66, 7349, 7247.34, 7310.62, 147.5484932]
[1570438800, 7201, 7259.72, 7207.31, 7246.34, 39.47386578]
[1570435200, 7180.77, 7255.36, 7181.34, 7212, 45.97296386]
[1570431600, 7139.95, 7199.58, 7147.74, 7181.34, 61.45202869]
[1570428000, 7122.01, 7170.19, 7159.64, 7147.66, 35.61321668]
[1570424400, 7129.13, 7161.59, 7156.03, 7159.08, 27.2088096]
[1570420800, 7156.03, 7201.59, 7175.44, 7161.6, 35.82442934]
[1570417200, 7134.22, 7209.91, 7134.22, 7172.62, 15.65323791]
[1570413600, 7118.01, 7155.22, 7133.51, 7139.69, 3.19202834]
[1570410000, 7109.55, 7140, 7131.35, 7131.59, 5.46814554]
[1570406400, 7100, 7171.6, 7168.28, 7131.35, 73.63428545]
