[1561046400, 8271.82, 8298.99, 8271.82, 8298.99, 5.12463708]
[1561035600, 8218.36, 8280, 8220.08, 8264.85, 65.06854355]
[1561032000, 8194.49, 8237.17, 8215.6, 8221.58, 81.91795702]
[1561028400, 8174.56, 8236.71, 8195.64, 8215.6, 88.94566576]
[1561024800, 8164.03, 8206.73, 8190, 8195.64, 61.99562839]
[1561021200, 8190, 8218.13, 8190, 8190.01, 68.82624495]
[1561017600, 8190, 8224.07, 8213.66, 8190.01, 78.69197041]
[1561014000, 8212.12, 8280.41, 8251.97, 8213.67, 62.79683113]
[1561010400, 8221.21, 8265.71, 8260.55, 8257.1, 41.76146168]
[1561006800, 8260, 8280.74, 8274.93, 8260, 39.8581673]
[1561003200, 8251.72, 8304.9, 8303, 8268.77, 53.56348133]
[1560999600, 8294, 8310, 8294.08, 8297, 26.93439946]
[1560996000, 8235.45, 8296.89, 8235.45, 8296.21, 13.00150229]
[1560992400, 8220.66, 8250, 8233.08, 8231.28, 14.87585129]
[1560988800, 8226.63, 8283.18, 8271.34, 8241.11, 34.16645417]
[1560985200, 8257.49, 8300, 8257.5, 8273.71, 112.95251439]
[1560981600, 8198.99, 8278.06, 8198.99, 8262.57, 111.663555]
[1560978000, 8148.06, 8199, 8172.53, 8199, 71.31218372]
[1560974400, 8137.2, 8176.99, 8154, 8175, 59.81840396]
[1560970800, 8108.28, 8159.43, 8111.94, 8153.9, 39.75882001]
[1560967200, 8108.2, 8159.93, 8159.93, 8113.58, 32.53349119]
[1560963600, 8140.65, 8168, 8147.78, 8163.65, 36.49540042]
[1560960000, 8101.47, 8166.37, 8114.33, 8148.05, 65.45995657]
[1560956400, 8085, 8144.17, 8093.52, 8116.66, 82.34847352]
[1560952800, 8090, 8152.39, 8152.38, 8097.88, 43.30406095]
[1560949200, 8088, 8165.52, 8111.78, 8152.39, 63.59772391]
[1560945600, 8091.62, 8166.93, 8156.35, 8111.77, 70.43159794]
[1560942000, 8120, 8161.67, 8155.14, 8156.41, 37.48820855]
[1560938400, 8120, 8159.86, 8140, 8155.66, 54.5618428]
[1560934800, 8140, 8187.63, 8186.17, 8140.01, 59.12028135]
[1560931200, 8177.62, 8205, 8193.65, 8186.18, 58.81812665]
[1560927600, 8155.19, 8197.53, 8180.71, 8193.55, 74.84164736]
[1560924000, 8180, 8211.03, 8195.59, 8180, 31.53346011]
[1560920400, 8171.33, 8200, 8200, 8196.99, 30.56813169]
[1560916800, 8162.48, 8229, 8164.24, 8200, 44.18957295]
[1560913200, 8161.29, 8189, 8169.99, 8164.24, 11.58990134]
[1560909600, 8141.14, 8176.26, 8163.25, 8169.99, 18.86494559]
[1560906000, 8154.56, 8188.99, 8184.99, 8168.25, 9.32712476]
[1560902400, 8069.33, 8183.77, 8118.44, 8178.8, 25.59044807]
[1560898800, 8010.22, 8131.45, 8043.76, 8108.68, 35.73033973]
[1560895200, 7997, 8077, 8048.33, 8042.99, 81.93429424]
[1560891600, 8030, 8159.99, 8146.85, 8048.33, 60.7328144]
[1560888000, 8090, 8163.45, 8103.71, 8151, 56.6574235]
[1560884400, 8090, 8146.72, 8139.65, 8103.71, 55.16047869]
[1560880800, 8069.93, 8148, 8084.11, 8139.65, 81.73398577]
[1560877200, 7997, 8111.88, 8024.85, 8093.59, 145.02555846]
[1560873600, 8007, 8118.28, 8112.42, 8024.85, 101.08876349]
[1560870000, 8000, 8166.93, 8147.82, 8119.41, 218.00813234]
[1560866400, 8130, 8204.16, 8191.51, 8147.81, 93.76033744]
[1560862800, 8161.36, 8213.64, 8187.16, 8197.47, 65.08039189]
[1560859200, 8132.24, 8222.1, 8201.05, 8194.16, 158.49374469]
[1560855600, 8183.83, 8253.62, 8253.62, 8201.01, 88.22592222]
[1560852000, 8233.95, 8272.39, 8252.59, 8253.98, 86.28785488]
[1560848400, 8206.08, 8275, 8206.08, 8257.09, 119.68909955]
[1560844800, 8114.13, 8209.17, 8114.13, 8206.08, 107.51877433]
[1560841200, 8035, 8191.5, 8181.41, 8114.14, 184.56123897]
[1560837600, 8150, 8200, 8168.89, 8189.84, 66.91455694]
[1560834000, 8145, 8250, 8246.89, 8168.9, 182.90040159]
[1560830400, 8237.61, 8287.61, 8256.38, 8249.99, 19.04739371]
[1560826800, 8228, 8268.31, 8244.65, 8249.99, 16.87720321]
[1560823200, 8244, 8285.92, 8279.05, 8247.99, 16.35206231]
[1560819600, 8244, 8311.24, 8297.19, 8286.44, 12.42556745]
[1560816000, 8275.55, 8333.45, 8321.33, 8297.12, 41.77201703]
[1560812400, 8267.48, 8440, 8345.89, 8321.58, 220.55847925]
[1560808800, 8270.25, 8351.08, 8271.65, 8345.45, 89.12018169]
[1560805200, 8223.62, 8276.42, 8267.15, 8271.65, 65.22794246]
[1560801600, 8201, 8353.52, 8300, 8273.51, 147.16817395]
[1560798000, 8250, 8357.99, 8280.35, 8300, 160.68010463]
[1560794400, 8260, 8300, 8265.01, 8277.66, 79.14572618]
[1560790800, 8218.55, 8271.03, 8218.56, 8265, 80.74943152]
[1560787200, 8161.4, 8226, 8195.03, 8225.79, 112.36738218]
[1560783600, 8145, 8385.01, 8385, 8185.01, 261.67736136]
[1560780000, 8251.87, 8393.87, 8260.83, 8385.01, 166.24236673]
[1560776400, 8240, 8294.8, 8272.5, 8260.94, 87.85682657]
[1560772800, 8212.65, 8349, 8281.89, 8280.12, 149.53027504]
[1560769200, 8239.24, 8318, 8264.9, 8281.9, 183.93255195]
[1560765600, 8171.49, 8290, 8186.15, 8264.8, 143.58162152]
[1560762000, 8165.57, 8208.59, 8202.91, 8188.39, 49.75095144]
[1560758400, 8165.98, 8217.67, 8168.23, 8202.57, 79.1109318]
[1560754800, 8145, 8198.99, 8153.91, 8170.62, 62.85217997]
[1560751200, 8127.7, 8197.72, 8166.66, 8154.15, 71.16959496]
[1560747600, 8156.62, 8208.66, 8193, 8163.87, 50.48817809]
[1560744000, 8153.38, 8250, 8153.38, 8195.76, 135.22205747]
[1560740400, 8087.38, 8150, 8087.94, 8150, 15.45376686]
[1560736800, 8082.78, 8168.78, 8132.49, 8095, 23.94467125]
[1560733200, 8115.41, 8185.06, 8169.98, 8132.46, 41.68668022]
[1560729600, 7990.32, 8170, 7990.32, 8169, 62.66710148]
[1560726000, 7972.05, 8083.96, 7992.12, 7993.53, 77.94661792]
[1560722400, 7950.28, 7999.99, 7993.7, 7992.04, 42.42129625]
[1560718800, 7938.36, 8003.61, 7938.9, 7999.93, 56.22183479]
[1560715200, 7795, 7967, 7880.36, 7949.3, 186.85365887]
[1560711600, 7851.86, 7999.65, 7992.72, 7880.98, 95.07849769]
[1560708000, 7900, 8011.99, 7939.69, 7984, 65.52458801]
[1560704400, 7900, 8069.79, 8066.1, 7930.03, 151.54570533]
[1560700800, 8056, 8142.49, 8117.34, 8059.72, 61.10131282]
[1560697200, 8038.84, 8205.79, 8200.01, 8117.34, 133.94179125]
[1560693600, 8053.72, 8216, 8061.97, 8205.8, 273.89361408]
[1560690000, 7906.35, 8074.98, 7964.89, 8061.97, 102.72057531]
[1560686400, 7949.91, 7999.91, 7990, 7959.57, 49.4115001]
[1560682800, 7925.02, 8010, 7969.72, 7980.38, 106.78206988]
[1560679200, 7878.22, 7980, 7878.22, 7969.81, 99.47544832]
[1560675600, 7809, 7998.59, 7900.42, 7878, 171.68079223]
[1560672000, 7760, 8093.36, 8019.99, 7901.98, 235.99809675]
[1560668400, 7650, 8100, 8098.77, 8013.13, 304.54743311]
[1560664800, 7940, 8108, 8088.97, 8100, 206.47969937]
[1560661200, 7955.04, 8089, 7988.47, 8076.14, 181.61267784]
[1560657600, 7943, 7990, 7960, 7988.47, 19.14199367]
[1560654000, 7904.01, 7960, 7934.43, 7959.99, 21.21122721]
[1560650400, 7915.02, 7980, 7915.02, 7934.42, 37.18982984]
[1560646800, 7826.12, 7950, 7841.99, 7920, 63.89986129]
[1560643200, 7816.83, 7859.93, 7853.24, 7841.91, 10.78761083]
[1560639600, 7831, 7871.77, 7854.65, 7859.99, 19.25529148]
[1560636000, 7811.52, 7856, 7827.42, 7850.53, 39.31947499]
[1560632400, 7777.25, 7827.73, 7813.81, 7827.42, 57.86376006]
[1560628800, 7782.82, 7855, 7855, 7813.85, 76.44495089]
[1560625200, 7825.74, 7890, 7839.23, 7855, 58.03608374]
[1560621600, 7810, 7869, 7840.33, 7839.55, 54.48433283]
[1560618000, 7805.01, 7892.94, 7871.48, 7840.32, 135.14512174]
[1560614400, 7804.3, 7900, 7830, 7868.88, 146.8077255]
[1560610800, 7727.25, 7863.39, 7729.53, 7833.13, 192.20119215]
[1560607200, 7687.47, 7742.88, 7687.48, 7732.98, 60.19712167]
[1560603600, 7632, 7697.2, 7687.68, 7687.48, 92.46768319]
[1560600000, 7674.87, 7729.64, 7722.67, 7687.72, 53.07587061]
[1560596400, 7715.74, 7741.81, 7736.86, 7722.38, 29.496064]
[1560592800, 7699.53, 7745.16, 7720.1, 7739.99, 46.71688082]
[1560589200, 7714.75, 7754.84, 7752.28, 7723.88, 62.1669827]
[1560585600, 7750, 7789.46, 7753.13, 7752.28, 64.06560034]
[1560582000, 7701.02, 7765.82, 7745.23, 7755.9, 49.71003024]
[1560578400, 7739.11, 7796.62, 7740.47, 7745.23, 55.98984028]
[1560574800, 7695.49, 7748, 7695.49, 7747.97, 18.6180185]
[1560571200, 7682.38, 7710, 7686.25, 7697.99, 14.99884471]
[1560567600, 7679.67, 7713.35, 7712.87, 7685.92, 7.97172517]
[1560564000, 7676.63, 7723.83, 7676.99, 7714.43, 17.44777279]
[1560560400, 7648.92, 7700, 7683.69, 7676.98, 51.45931773]
[1560556800, 7681.32, 7766, 7749.56, 7684.66, 62.41725222]
[1560553200, 7710.81, 7791.75, 7732.15, 7758.4, 89.84554667]
[1560549600, 7688.1, 7750, 7688.1, 7732.15, 124.82564159]
[1560546000, 7540.3, 7740, 7540.3, 7686.69, 278.29746179]
[1560542400, 7508.01, 7560, 7511.81, 7539.97, 41.15863191]
[1560538800, 7500, 7570.66, 7520, 7514.52, 84.87910233]
[1560535200, 7489.93, 7547, 7494.8, 7518.89, 78.64229505]
[1560531600, 7456.02, 7496.3, 7466.47, 7495, 40.58116805]
[1560528000, 7465.01, 7530.17, 7514.01, 7466.47, 82.77934224]
[1560524400, 7485.65, 7544, 7486.04, 7514.46, 119.20201987]
[1560520800, 7453.69, 7509.78, 7478, 7486.04, 100.70876641]
[1560517200, 7431.04, 7510, 7439.1, 7478, 153.43175935]
[1560513600, 7350.8, 7441, 7358.01, 7441, 191.05594152]
[1560510000, 7351.03, 7380, 7373.41, 7358.63, 54.98647772]
[1560506400, 7354.24, 7389, 7371.14, 7375.56, 47.27371112]
[1560502800, 7333.08, 7380, 7361.35, 7370, 56.56869846]
[1560499200, 7330, 7380, 7335, 7364.6, 42.08270455]
[1560495600, 7300.01, 7335, 7303.69, 7335, 27.41910934]
[1560492000, 7284.15, 7320.11, 7320.11, 7309.48, 32.81234763]
[1560488400, 7306.21, 7336.57, 7317.16, 7323.15, 24.22468161]
[1560484800, 7278.62, 7317.15, 7296.09, 7317.13, 11.57449256]
[1560481200, 7273.58, 7306.63, 7288.88, 7290.05, 4.34692705]
[1560477600, 7268.32, 7296.26, 7268.94, 7291.33, 4.18592915]
[1560474000, 7262.92, 7311.31, 7307.93, 7269.53, 16.58785274]
[1560470400, 7287.37, 7333.73, 7315.67, 7301.3, 34.61036292]
[1560466800, 7284.1, 7348.64, 7323.11, 7315.76, 40.87979453]
[1560463200, 7308.43, 7392.18, 7390, 7323.11, 111.1459921]
[1560459600, 7334.08, 7396.79, 7334.08, 7390, 85.20313405]
[1560456000, 7305.25, 7355.3, 7318.11, 7343.31, 57.14578754]
[1560452400, 7300.01, 7365.15, 7345.02, 7318.28, 155.16896305]
[1560448800, 7261.19, 7367, 7267.33, 7345.02, 102.17507198]
[1560445200, 7254.65, 7273.69, 7256.78, 7268.04, 33.28037473]
[1560441600, 7247.56, 7279.61, 7275.41, 7261.05, 53.66089752]
[1560438000, 7244.77, 7310.01, 7245.41, 7274.38, 76.0347493]
[1560434400, 7236.55, 7263.4, 7242.34, 7245.01, 58.28469148]
[1560430800, 7192.69, 7265, 7198.29, 7245.84, 90.57082987]
[1560427200, 7146.01, 7238.44, 7200.63, 7197.45, 81.25800913]
[1560423600, 7172.73, 7205, 7175.5, 7200.75, 49.83450982]
[1560420000, 7157.44, 7215.41, 7181.91, 7175.49, 59.72503702]
[1560416400, 7159.9, 7209.49, 7208.2, 7180.89, 39.22076007]
[1560412800, 7195, 7212.67, 7205.08, 7208.2, 51.67829788]
[1560409200, 7189.56, 7220.32, 7197.44, 7205.09, 34.80770895]
[1560405600, 7180, 7211.2, 7206.88, 7201.66, 33.85345633]
[1560402000, 7187.53, 7217.37, 7216.61, 7207.08, 11.31000848]
[1560398400, 7178.63, 7224.02, 7190.18, 7215, 4.14042798]
[1560394800, 7150.24, 7207.13, 7156, 7190.18, 9.21340352]
[1560391200, 7156.26, 7208.61, 7208.61, 7156.92, 19.60465915]
[1560387600, 7204.39, 7241.39, 7240.77, 7209.2, 7.31775502]
[1560384000, 7226.88, 7250, 7244.09, 7239, 18.10389766]
[1560380400, 7197.75, 7245, 7226.28, 7245, 19.28652747]
[1560376800, 7200, 7229.99, 7222.01, 7225.93, 24.22419199]
[1560373200, 7190.99, 7229.89, 7190.99, 7222.81, 37.12479919]
[1560369600, 7170.45, 7249, 7244.7, 7191, 107.94603835]
[1560366000, 7211, 7249.79, 7222.56, 7240.01, 33.81208212]
[1560362400, 7213.07, 7241.13, 7231.37, 7221.69, 47.48961775]
[1560358800, 7203, 7250.03, 7245.11, 7227.99, 184.72612842]
[1560355200, 7228.93, 7275.07, 7242.76, 7246.74, 149.21686579]
[1560351600, 7088.41, 7336.81, 7091, 7242.89, 399.80920653]
[1560348000, 7024.01, 7110, 7092.43, 7091, 76.27283092]
[1560344400, 7060.95, 7098, 7079.85, 7091.94, 40.81583883]
[1560340800, 7052.18, 7100, 7072.14, 7085.22, 120.84956467]
[1560337200, 7052.11, 7100, 7060.25, 7070.07, 45.50212961]
[1560333600, 7040.66, 7110, 7040.67, 7060.47, 77.23720767]
[1560330000, 6982.01, 7047.57, 7045.47, 7040.67, 56.22429126]
[1560326400, 7029, 7063.35, 7063.34, 7047.67, 36.00839234]
