[1566086400, 9211.56, 9265.55, 9211.56, 9226.53, 25.40061314]
[1566082800, 9200, 9253.64, 9236.98, 9211.57, 16.39914586]
[1566079200, 9128.01, 9243.64, 9150.91, 9236.98, 20.44444489]
[1566075600, 9085.29, 9179, 9101.12, 9139.84, 37.82967972]
[1566072000, 9075, 9187.58, 9176.6, 9101.12, 29.92472602]
[1566068400, 9168.36, 9206.16, 9186.1, 9181.61, 21.65425247]
[1566064800, 9026.01, 9227, 9089.02, 9187.71, 97.71977688]
[1566061200, 9060, 9305.77, 9289.74, 9102.35, 138.586303]
[1566057600, 9285.11, 9354.94, 9309.01, 9285.11, 26.67128531]
[1566054000, 9262, 9345.76, 9313.86, 9317.17, 41.72751043]
[1566050400, 9311, 9358.22, 9354, 9311.85, 17.77782603]
[1566046800, 9289.21, 9354.76, 9344.88, 9345.81, 44.02677307]
[1566043200, 9290.33, 9370.75, 9341.19, 9342.84, 40.23160271]
[1566039600, 9324.69, 9387.59, 9382.99, 9341.18, 36.74488005]
[1566036000, 9380, 9437.48, 9437, 9382.99, 29.63949601]
[1566032400, 9366, 9441.42, 9389.3, 9437.48, 35.60866509]
[1566028800, 9316.74, 9449, 9367.39, 9389.33, 81.06591881]
[1566025200, 9332.66, 9380.64, 9351.82, 9355.76, 23.0901645]
[1566021600, 9320, 9388.77, 9372.74, 9351.86, 21.62888997]
[1566018000, 9300, 9376.84, 9346, 9370.81, 20.4514565]
[1566014400, 9266.67, 9343.63, 9300, 9343.63, 11.10237289]
[1566010800, 9300, 9355.51, 9326.06, 9300.01, 6.99320244]
[1566007200, 9307.15, 9400, 9373.99, 9318.55, 22.23815241]
[1566003600, 9233.34, 9371.11, 9250, 9365, 14.22758909]
[1566000000, 9226.4, 9362.25, 9349.75, 9250, 48.21166759]
[1565996400, 9302, 9420, 9397.58, 9349.75, 37.90697586]
[1565992800, 9260.1, 9462, 9429.91, 9404.91, 96.22554748]
[1565989200, 9371.48, 9431.24, 9371.48, 9429.78, 22.65431323]
[1565985600, 9331.38, 9498.99, 9449.85, 9372.71, 93.89558055]
[1565982000, 9403, 9479.1, 9412.97, 9449.93, 33.61801208]
[1565978400, 9372.44, 9444.16, 9373.43, 9412.99, 96.06106543]
[1565974800, 9371, 9518.86, 9389.81, 9375.77, 226.25370652]
[1565971200, 9310.37, 9421, 9380, 9390, 108.2756453]
[1565967600, 9072.39, 9446.99, 9102.32, 9380, 264.68628057]
[1565964000, 9053.8, 9196.98, 9148.11, 9104.59, 57.92787774]
[1565960400, 9090.47, 9233.67, 9233.67, 9148.11, 88.85551444]
[1565956800, 9148.83, 9241.22, 9164.43, 9226.34, 96.10124148]
[1565953200, 8864.09, 9250, 9125.27, 9170.55, 309.30086496]
[1565949600, 9069.14, 9152.77, 9120, 9122.65, 49.76358665]
[1565946000, 9054.5, 9160, 9093.58, 9119, 118.43990567]
[1565942400, 8920, 9128.6, 8965.5, 9093.86, 126.89350447]
[1565938800, 8874.2, 9014.14, 8958.81, 8965.5, 129.96575381]
[1565935200, 8878.76, 9030, 8913, 8962.83, 140.97243933]
[1565931600, 8766.96, 9129.61, 9110, 8913, 327.91296747]
[1565928000, 9101, 9324.14, 9302.07, 9111.86, 91.23156982]
[1565924400, 9270, 9324, 9324, 9312.77, 17.15862171]
[1565920800, 9320.02, 9393.29, 9334.21, 9323.99, 14.52501576]
[1565917200, 9278.47, 9372.49, 9284.68, 9334.21, 30.05946733]
[1565913600, 9228.52, 9339.03, 9282.22, 9295.9, 22.33761973]
[1565910000, 9227.17, 9394.88, 9356.32, 9287.79, 82.73248998]
[1565906400, 9314.44, 9424.82, 9321, 9365.76, 102.96676215]
[1565902800, 9271.01, 9392.02, 9345.62, 9321, 156.54643178]
[1565899200, 9081.67, 9363.5, 9098.99, 9357.97, 209.81541791]
[1565895600, 9025.5, 9139.99, 9047.29, 9099, 64.2602244]
[1565892000, 9017.14, 9083.99, 9026.55, 9046.67, 53.00342559]
[1565888400, 9000.1, 9076.77, 9067.49, 9019.15, 62.92008009]
[1565884800, 9026.19, 9162.57, 9109.99, 9068.13, 124.1356505]
[1565881200, 9000, 9122.99, 9032.5, 9109.99, 95.73830456]
[1565877600, 8987.5, 9088.97, 9029.1, 9032.94, 118.0209977]
[1565874000, 8887.99, 9044, 8979.94, 9025.5, 121.95876061]
[1565870400, 8913.01, 9133.79, 9117.83, 8976.02, 230.82217639]
[1565866800, 9020.07, 9169.94, 9024.86, 9123.79, 200.55684074]
[1565863200, 8940.78, 9234, 8951.02, 9024.86, 402.1170623]
[1565859600, 8810, 8995.76, 8833.17, 8957.61, 274.55369524]
[1565856000, 8788.79, 8969, 8853.58, 8836.83, 399.36281881]
[1565852400, 8570.03, 8902, 8630.14, 8848.91, 506.78915213]
[1565848800, 8515, 8709.08, 8709.08, 8630.15, 314.91306979]
[1565845200, 8681.28, 8772.97, 8737.28, 8709, 87.76074515]
[1565841600, 8641, 8861.49, 8830.66, 8738.21, 188.53127533]
[1565838000, 8780.37, 8991.16, 8990.91, 8811.04, 89.80185117]
[1565834400, 8857.51, 9036.67, 9036.67, 8979.83, 60.7946338]
[1565830800, 8980.16, 9076.8, 9076.8, 9035.42, 29.5043299]
[1565827200, 9005, 9160, 9005, 9076.72, 81.65335177]
[1565823600, 8907.31, 9188.84, 9180, 8998.51, 258.12962271]
[1565820000, 9137.6, 9232.89, 9150, 9180, 90.26334021]
[1565816400, 9123.04, 9220.27, 9143.01, 9150, 61.90382307]
[1565812800, 9084.59, 9169.69, 9105.92, 9146.7, 93.94980276]
[1565809200, 9100, 9196.77, 9139.88, 9108.36, 107.84751936]
[1565805600, 9117.71, 9217.07, 9185.62, 9140.73, 103.52806476]
[1565802000, 9012, 9273.64, 9270, 9185.62, 481.92274436]
[1565798400, 9255, 9510, 9417.41, 9270, 204.86241712]
[1565794800, 9375, 9475, 9410.84, 9417.12, 66.6816121]
[1565791200, 9364.01, 9486.05, 9478.4, 9414.65, 83.51573257]
[1565787600, 9458.76, 9529.33, 9489.88, 9483.39, 69.09311296]
[1565784000, 9420.01, 9542.67, 9425.35, 9488.87, 169.77090106]
[1565780400, 9350.01, 9439.94, 9405.01, 9425.35, 63.6762374]
[1565776800, 9370.46, 9460.41, 9380.04, 9406.87, 145.5243211]
[1565773200, 9275, 9396.67, 9333.05, 9380.04, 177.4932153]
[1565769600, 9309.07, 9474, 9463.96, 9341.86, 184.30830899]
[1565766000, 9436.73, 9499.05, 9486.43, 9470.92, 66.53950491]
[1565762400, 9466.54, 9590.12, 9476.96, 9486.53, 147.19984672]
[1565758800, 9400.01, 9482.72, 9424.48, 9476.99, 84.70875671]
[1565755200, 9424.47, 9509.29, 9498.08, 9424.47, 49.84624824]
[1565751600, 9462.01, 9540.97, 9540.21, 9507.61, 33.62333258]
[1565748000, 9400, 9546.23, 9467.58, 9538.67, 48.04070022]
[1565744400, 9430, 9650.95, 9621.64, 9467.42, 170.44557885]
[1565740800, 9617.59, 9732.01, 9732.01, 9617.59, 26.71142917]
[1565737200, 9719.07, 9758.94, 9719.07, 9725.1, 18.30222097]
[1565733600, 9704.24, 9760.68, 9737.32, 9728.55, 23.72750459]
[1565730000, 9700, 9759.34, 9751.97, 9738.24, 42.07777376]
[1565726400, 9750.01, 9808.29, 9764.98, 9758.85, 61.09037649]
[1565722800, 9739.04, 9780.2, 9746.09, 9759.31, 86.20020615]
[1565719200, 9700.83, 9799.88, 9730.72, 9749.88, 138.66456007]
[1565715600, 9617.7, 9748.92, 9667.55, 9735.92, 248.54566325]
[1565712000, 9665.5, 9784.45, 9747.09, 9665.5, 141.28555475]
[1565708400, 9725.01, 9802, 9795.26, 9743.42, 196.37571416]
[1565704800, 9725, 9932.04, 9932.04, 9795.3, 459.64038052]
[1565701200, 9900, 10019.31, 10007.19, 9923.04, 184.84107328]
[1565697600, 10000, 10050, 10035.83, 10003.51, 32.10892266]
[1565694000, 10000, 10050, 10014.56, 10041.52, 46.64129498]
[1565690400, 9960, 10083.64, 10075.28, 10015.58, 107.58838861]
[1565686800, 10024, 10136.81, 10131.43, 10076.21, 106.89060196]
[1565683200, 10105.12, 10143, 10142.16, 10125.27, 42.32382957]
[1565679600, 10100, 10160, 10150.01, 10142.16, 39.63646406]
[1565676000, 10149, 10167.9, 10159.79, 10150, 32.60260453]
[1565672400, 10141.02, 10168.4, 10149.77, 10168.4, 12.2108578]
[1565668800, 10140, 10189.24, 10170, 10155, 16.58081538]
[1565665200, 10157.17, 10180, 10180, 10169.99, 4.93715225]
[1565661600, 10173.83, 10189.4, 10180.07, 10183.63, 4.13518572]
[1565658000, 10167.97, 10204.12, 10197.84, 10173.01, 8.3537565]
[1565654400, 10146, 10199, 10156.01, 10197.44, 6.45741962]
[1565650800, 10156.01, 10175.6, 10169.45, 10156.01, 8.5220525]
[1565647200, 10150, 10195, 10170.69, 10169.45, 16.4229551]
[1565643600, 10163.37, 10199, 10188.51, 10169.44, 23.27399863]
[1565640000, 10182.7, 10227.56, 10199, 10188.51, 30.91749826]
[1565636400, 10167.01, 10199, 10168.14, 10199, 25.2553824]
[1565632800, 10143.68, 10180.99, 10179.49, 10167.5, 26.39418737]
[1565629200, 10153.21, 10198.98, 10164.83, 10174.94, 26.28853307]
[1565625600, 10134.21, 10180, 10161.24, 10164.82, 28.19376187]
[1565622000, 10107.46, 10164.68, 10144.03, 10153.43, 27.08793775]
[1565618400, 10126.8, 10162.46, 10138, 10139.81, 26.67961236]
[1565614800, 10115.89, 10168, 10164.84, 10141.79, 69.0703312]
[1565611200, 10050.51, 10183.1, 10128.69, 10158.45, 55.12937961]
[1565607600, 10110.36, 10174.18, 10174.18, 10117.95, 38.75380112]
[1565604000, 10150, 10184.44, 10154.09, 10174.18, 22.99330649]
[1565600400, 10146.91, 10194.98, 10167.78, 10158.94, 34.46710195]
[1565596800, 10130.01, 10217.96, 10212.41, 10181.56, 46.65215709]
[1565593200, 10139.52, 10219, 10149.99, 10212.37, 44.64693883]
[1565589600, 10131.98, 10181.71, 10158.93, 10149.99, 14.01807888]
[1565586000, 10151, 10209.99, 10194.48, 10165, 9.30836497]
[1565582400, 10184.4, 10236.58, 10212.55, 10184.72, 7.94228357]
[1565578800, 10186.88, 10226.77, 10213.7, 10212.64, 2.88500499]
[1565575200, 10197.56, 10250, 10249.93, 10204.62, 33.30107386]
[1565571600, 10231.82, 10289.69, 10242.51, 10244, 4.55149072]
[1565568000, 10214, 10314.46, 10314.46, 10232.92, 22.06091099]
[1565564400, 10268.65, 10337.86, 10279.73, 10306.01, 26.26617411]
[1565560800, 10244.2, 10287.73, 10284.97, 10279.72, 53.3022014]
[1565557200, 10189.01, 10390.77, 10189.9, 10284.98, 134.62205456]
[1565553600, 10081.7, 10222.11, 10171.24, 10183.93, 40.77253194]
[1565550000, 10150.07, 10178.26, 10169.78, 10160.12, 12.72199813]
[1565546400, 10140.01, 10187.77, 10155.29, 10172.14, 17.31632403]
[1565542800, 10150.92, 10185, 10177, 10156.59, 21.51442277]
[1565539200, 10140.72, 10199.94, 10152.85, 10177, 29.06747379]
[1565535600, 10140.03, 10189.17, 10170.68, 10167.22, 15.19089458]
[1565532000, 10146.67, 10195.47, 10173.87, 10160.55, 29.22823068]
[1565528400, 10160, 10248.71, 10215, 10176.55, 29.46066886]
[1565524800, 10179.46, 10249.92, 10249.92, 10212.64, 29.96519504]
[1565521200, 10113.17, 10253.45, 10119.86, 10249.92, 84.06054957]
[1565517600, 10108.13, 10162.11, 10139.31, 10119.86, 40.54919591]
[1565514000, 9905, 10150, 10112.01, 10116.9, 260.85151632]
[1565510400, 10080.1, 10149, 10136.57, 10111.41, 21.78859338]
[1565506800, 10112.77, 10138.94, 10128.53, 10136.25, 17.8525113]
[1565503200, 10107.1, 10157, 10149.98, 10128.54, 20.97846494]
[1565499600, 10139.14, 10158.97, 10152.84, 10150, 3.68787869]
[1565496000, 10140.36, 10188.36, 10163.62, 10141, 5.27674503]
[1565492400, 10139.04, 10163.68, 10139.04, 10163.61, 3.53079271]
[1565488800, 10131.14, 10156.96, 10145.14, 10146.98, 9.36723184]
[1565485200, 10113.43, 10168.28, 10165, 10140.97, 5.35663826]
[1565481600, 10063.49, 10189.94, 10090.94, 10165, 34.39955668]
[1565478000, 10080, 10130.1, 10089.99, 10090.94, 17.73303782]
[1565474400, 10030.01, 10099.7, 10097.96, 10085.07, 29.0963794]
[1565470800, 10017.46, 10150, 10118.84, 10098.75, 134.31751781]
[1565467200, 10086.4, 10153.57, 10116.05, 10125.98, 23.51384317]
[1565463600, 10065.22, 10159.42, 10159.42, 10114.84, 49.12558896]
[1565460000, 10122, 10180.88, 10170.08, 10150.41, 36.94005069]
[1565456400, 10050.41, 10189, 10141.1, 10170.08, 69.81629956]
[1565452800, 10125, 10195.71, 10194.9, 10135.01, 31.51913403]
[1565449200, 10150.24, 10213.29, 10195.15, 10194.92, 50.89096976]
[1565445600, 10130, 10225.92, 10214.14, 10195.17, 60.20069374]
[1565442000, 10173.21, 10247.28, 10210.16, 10214.14, 86.37429658]
[1565438400, 10080, 10249.99, 10150.01, 10204.08, 210.30170622]
[1565434800, 10022, 10603.48, 10599.35, 10154, 535.0210226]
[1565431200, 10579.58, 10615, 10609.96, 10596.6, 21.05962318]
[1565427600, 10570, 10610, 10575.05, 10603.03, 37.44201064]
[1565424000, 10547.81, 10607, 10547.81, 10570.83, 39.06970845]
[1565420400, 10535.26, 10575, 10542.07, 10550, 22.69253649]
[1565416800, 10535.8, 10602.99, 10578.61, 10543.51, 28.04221416]
[1565413200, 10526.14, 10603.75, 10538.92, 10582.44, 47.28458005]
[1565409600, 10530.84, 10564, 10563.99, 10535, 12.40623485]
[1565406000, 10510.28, 10572.12, 10521.74, 10563.56, 30.05137261]
[1565402400, 10499.64, 10627.78, 10621.48, 10521.74, 52.18979536]
[1565398800, 10590.72, 10647.23, 10646.51, 10626.43, 21.05475412]
[1565395200, 10582.47, 10689, 10582.48, 10643.45, 95.7071202]
[1565391600, 10555.59, 10600, 10564.51, 10582.48, 35.88607265]
[1565388000, 10551, 10670, 10629.44, 10564.72, 59.14978175]
[1565384400, 10586.22, 10638.25, 10604.01, 10629.1, 91.59946221]
[1565380800, 10541.66, 10604.05, 10543.39, 10598.78, 65.21939505]
[1565377200, 10525.34, 10612.4, 10546.18, 10540.86, 79.65171703]
[1565373600, 10509.48, 10556.61, 10513.27, 10550.05, 61.89087859]
[1565370000, 10465.8, 10523.3, 10494.53, 10505.03, 32.44804604]
[1565366400, 10420.2, 10560, 10447.37, 10491.01, 62.2035508]
