[1577606400, 6545.89, 6585, 6545.89, 6583.11, 9.90489839]
[1577602800, 6541.81, 6559.05, 6552.98, 6549.74, 27.70579503]
[1577599200, 6541, 6553.01, 6541, 6547.1, 3.43326324]
[1577595600, 6521.84, 6541, 6531.39, 6541, 4.76443649]
[1577592000, 6531.39, 6540.35, 6535.34, 6531.39, 2.1262402]
[1577588400, 6533.66, 6542.51, 6541.33, 6540.35, 1.98986574]
[1577584800, 6530, 6543.28, 6531.65, 6536.55, 4.82562799]
[1577581200, 6522, 6541.01, 6541.01, 6530.63, 7.89245477]
[1577577600, 6530, 6549.09, 6541.82, 6535, 10.0513438]
[1577574000, 6541.43, 6553.01, 6545.17, 6547.78, 9.5850355]
[1577570400, 6535.68, 6557.95, 6553.04, 6544.49, 14.83562015]
[1577566800, 6553.03, 6572.74, 6567.54, 6557.95, 16.10068608]
[1577563200, 6557.47, 6575.47, 6567.5, 6572.44, 19.09296191]
[1577559600, 6562.88, 6588, 6563.38, 6567.51, 29.54530836]
[1577556000, 6551.55, 6585, 6570.08, 6568.35, 31.10959689]
[1577552400, 6543.74, 6576.99, 6551.21, 6574.77, 33.41091495]
[1577548800, 6510, 6561.16, 6538.74, 6551.21, 42.80768208]
[1577545200, 6525, 6575, 6550, 6540.82, 30.96714753]
[1577541600, 6524.34, 6555, 6528.54, 6550.59, 23.09392908]
[1577538000, 6521.61, 6543.81, 6536.26, 6528.54, 11.65899677]
[1577534400, 6530.63, 6542.62, 6533.45, 6542.48, 22.22063902]
[1577530800, 6517.37, 6547.24, 6547.11, 6538.96, 26.79862101]
[1577527200, 6518.31, 6547.24, 6525.91, 6547.24, 32.5252017]
[1577523600, 6512.35, 6535, 6520.01, 6528.19, 22.01607179]
[1577520000, 6480.28, 6529.75, 6529.73, 6524.15, 29.30586086]
[1577516400, 6519.41, 6540, 6524.31, 6521.64, 10.58249703]
[1577512800, 6524.32, 6565.65, 6544.78, 6526.71, 27.47761736]
[1577509200, 6532.96, 6558.26, 6535.98, 6546.99, 3.00188282]
[1577505600, 6513, 6535.54, 6513, 6531.79, 3.41021598]
[1577502000, 6512.54, 6533.64, 6529.01, 6513, 12.73453742]
[1577498400, 6506.73, 6550, 6540, 6529.01, 11.17395669]
[1577494800, 6519.44, 6553.91, 6533.46, 6539.89, 11.03116226]
[1577491200, 6478.41, 6566.96, 6492.45, 6539.86, 66.09111564]
[1577487600, 6470, 6493.91, 6472.03, 6493.17, 13.35132545]
[1577484000, 6458.7, 6489.97, 6465.67, 6477.5, 22.64613295]
[1577480400, 6448.76, 6466.66, 6455.33, 6466.34, 30.04412955]
[1577476800, 6441.15, 6465.2, 6441.15, 6455.37, 23.63527307]
[1577473200, 6430.01, 6464.45, 6451.16, 6446.24, 25.49667237]
[1577469600, 6436.64, 6469.29, 6436.64, 6451.46, 27.7773472]
[1577466000, 6420.15, 6461.12, 6443.14, 6435.89, 63.401103]
[1577462400, 6408.72, 6500, 6475, 6433.37, 52.86275313]
[1577458800, 6442.46, 6489, 6443.16, 6479.29, 47.93010361]
[1577455200, 6434.53, 6462.73, 6434.56, 6447.17, 58.0882288]
[1577451600, 6421.66, 6500, 6460.97, 6440.81, 77.37873024]
[1577448000, 6360, 6473.33, 6394.98, 6459.42, 141.75611426]
[1577444400, 6354.84, 6450.44, 6450.08, 6382.92, 171.58373495]
[1577440800, 6439, 6463.8, 6443.96, 6450.07, 52.5909845]
[1577437200, 6440, 6462.69, 6458, 6443.96, 36.7942937]
[1577433600, 6439, 6465.96, 6442.29, 6463.01, 63.50400453]
[1577430000, 6440.01, 6469.38, 6469.38, 6449.46, 35.70213108]
[1577426400, 6460, 6479.78, 6475.14, 6468, 4.35370618]
[1577422800, 6460, 6485.07, 6460, 6475.62, 2.86779921]
[1577419200, 6460.52, 6496.92, 6492.01, 6460.52, 6.11391434]
[1577415600, 6484, 6502.59, 6496, 6492, 5.83136554]
[1577412000, 6482.87, 6504.34, 6482.87, 6496, 9.69432425]
[1577408400, 6475.15, 6488.55, 6480.39, 6487.5, 5.69223285]
[1577404800, 6476.04, 6499.93, 6486, 6480.39, 9.37816972]
[1577401200, 6480, 6499.65, 6490.04, 6489.03, 23.86513138]
[1577397600, 6450, 6493.28, 6480.88, 6492.06, 58.88899445]
[1577394000, 6480.59, 6530.58, 6529.79, 6485.31, 42.81349647]
[1577390400, 6512.73, 6589.99, 6563.22, 6529.79, 64.61204714]
[1577386800, 6512.44, 6694.43, 6625.84, 6569.03, 128.8053676]
[1577383200, 6613.83, 6650.23, 6629.82, 6629.28, 33.01064129]
[1577379600, 6603, 6660.5, 6603, 6631.73, 71.25643332]
[1577376000, 6490, 6609.4, 6510.05, 6603, 101.47197624]
[1577372400, 6498.15, 6519.97, 6509.56, 6512.92, 34.99562649]
[1577368800, 6493.18, 6514.96, 6495.4, 6510, 14.85080642]
[1577365200, 6483.72, 6504.15, 6499.48, 6495.4, 12.3410027]
[1577361600, 6471.05, 6513.56, 6480, 6500.41, 16.15739257]
[1577358000, 6480, 6514.11, 6510, 6482.32, 14.29337779]
[1577354400, 6498.69, 6518.36, 6503.86, 6510, 16.3152805]
[1577350800, 6495.63, 6516.45, 6510.1, 6504.66, 11.0497523]
[1577347200, 6498.31, 6521.25, 6500, 6510.1, 17.10119378]
[1577343600, 6485.76, 6502.75, 6498.32, 6497.25, 5.05379905]
[1577340000, 6473.01, 6508.57, 6473.01, 6498.32, 6.23700107]
[1577336400, 6473, 6484.97, 6477.97, 6473.01, 1.56175207]
[1577332800, 6474.07, 6484.67, 6476.8, 6474.07, 2.01179206]
[1577329200, 6475, 6491, 6489.42, 6477.68, 2.19192854]
[1577325600, 6488, 6500.44, 6489.37, 6490.28, 2.01043764]
[1577322000, 6475.01, 6494.41, 6486, 6489.37, 7.64889481]
[1577318400, 6481.73, 6503.2, 6492.22, 6486.79, 13.4846487]
[1577314800, 6484.41, 6509.06, 6505.95, 6492.23, 24.81931056]
[1577311200, 6470, 6518.48, 6498.97, 6509.17, 29.70690938]
[1577307600, 6496.11, 6538.69, 6527.17, 6503.83, 30.15154592]
[1577304000, 6497.59, 6550, 6504.21, 6529.13, 141.80998855]
[1577300400, 6437.27, 6514.91, 6444.3, 6512.16, 119.02857838]
[1577296800, 6433.14, 6459.5, 6459.5, 6446.43, 80.82467408]
[1577293200, 6429.02, 6467.48, 6430.35, 6455.16, 26.23991271]
[1577289600, 6420.01, 6489, 6480.01, 6430.3, 52.66936882]
[1577286000, 6478.42, 6489, 6479.06, 6483.34, 18.31842583]
[1577282400, 6465.48, 6488.91, 6475.15, 6479.08, 14.98873037]
[1577278800, 6475, 6514.07, 6507.71, 6479.14, 21.22886653]
[1577275200, 6470, 6536.86, 6500.04, 6508.13, 32.58530649]
[1577271600, 6499.52, 6520.89, 6513.67, 6505.92, 12.02899634]
[1577268000, 6496.52, 6527.15, 6513.02, 6519.07, 36.54229875]
[1577264400, 6511.02, 6548.29, 6537.58, 6513.25, 15.790729]
[1577260800, 6530.7, 6550, 6536.45, 6541.15, 23.20905822]
[1577257200, 6504.8, 6549.99, 6521, 6544.5, 12.47246683]
[1577253600, 6520, 6530.14, 6524.43, 6520.05, 2.77114241]
[1577250000, 6520.58, 6539.97, 6539.96, 6526.3, 3.19917833]
[1577246400, 6520, 6546.55, 6520, 6533, 1.3942868]
[1577242800, 6511.63, 6535.78, 6528.1, 6520.79, 2.93357775]
[1577239200, 6526.56, 6543.26, 6539.03, 6528.1, 5.0319882]
[1577235600, 6512.09, 6541.43, 6531.23, 6536.58, 5.03092571]
[1577232000, 6530.05, 6559.14, 6544.21, 6530.19, 6.87190572]
[1577228400, 6502.99, 6550, 6536.16, 6550, 19.24468774]
[1577224800, 6512.36, 6553.86, 6543.66, 6536.16, 11.82168281]
[1577221200, 6509.73, 6553.77, 6511.78, 6543.7, 11.82738387]
[1577217600, 6501.02, 6564.56, 6532.72, 6511.76, 22.94504413]
[1577214000, 6475, 6555.17, 6497.96, 6539.75, 46.21450537]
[1577210400, 6460.41, 6532.97, 6520.65, 6496.94, 90.94601423]
[1577206800, 6515.01, 6592.36, 6584.2, 6517.47, 30.7689086]
[1577203200, 6510.98, 6586.65, 6559.23, 6586.65, 63.59343135]
[1577199600, 6532.12, 6639.33, 6633.6, 6564.98, 91.23530263]
[1577196000, 6624, 6713.83, 6659.49, 6639.21, 93.64235677]
[1577192400, 6637.93, 6676, 6642.68, 6659.5, 29.40172458]
[1577188800, 6632.87, 6664.48, 6659, 6642.69, 24.9327926]
[1577185200, 6634.34, 6686.88, 6686.78, 6659.21, 64.81828417]
[1577181600, 6641.51, 6689, 6655, 6686.78, 43.41648946]
[1577178000, 6610.3, 6676.24, 6640, 6661.2, 96.14177084]
[1577174400, 6520, 6662.76, 6548.18, 6640.01, 69.80683715]
[1577170800, 6530.06, 6611.91, 6607.28, 6551.89, 45.80072071]
[1577167200, 6605.15, 6620.57, 6616.61, 6611.45, 6.3092102]
[1577163600, 6593.27, 6613.7, 6597.62, 6607.22, 9.00071653]
[1577160000, 6590.75, 6607.69, 6594.02, 6597.61, 15.07666247]
[1577156400, 6590.75, 6612.89, 6605.69, 6590.75, 13.19469895]
[1577152800, 6587.46, 6614.53, 6587.46, 6605.68, 10.1910524]
[1577149200, 6575.98, 6601.84, 6591.31, 6588.52, 13.52485717]
[1577145600, 6571.95, 6603.83, 6600, 6591.02, 25.52441482]
[1577142000, 6578.96, 6621.78, 6579.83, 6602.95, 34.67929403]
[1577138400, 6555, 6612.16, 6600.15, 6586.33, 44.32639741]
[1577134800, 6571.95, 6678.72, 6676.92, 6604.13, 107.42129237]
[1577131200, 6670, 6700.13, 6700.12, 6673.72, 22.76566376]
[1577127600, 6664.41, 6705.53, 6669.09, 6703.56, 51.79526856]
[1577124000, 6640, 6728.29, 6675.13, 6676.21, 85.28607849]
[1577120400, 6640, 6823.15, 6787.89, 6666.28, 190.84825685]
[1577116800, 6781.45, 6943.13, 6846.33, 6797.04, 172.41838436]
[1577113200, 6830, 6870, 6840.49, 6846.4, 50.60946273]
[1577109600, 6756.97, 6849.9, 6801.2, 6841, 72.52468294]
[1577106000, 6784.02, 6869, 6833.03, 6791, 101.87365023]
[1577102400, 6810.04, 6842.31, 6840.01, 6835.1, 56.74799624]
[1577098800, 6790, 6842.49, 6795.62, 6840.04, 60.47254158]
[1577095200, 6792.99, 6814.94, 6803.07, 6795.62, 56.95825463]
[1577091600, 6778.23, 6809.89, 6801.38, 6808.97, 39.70213139]
[1577088000, 6775, 6810, 6779.01, 6801.38, 69.33092151]
[1577084400, 6746.34, 6789.77, 6749.19, 6780, 55.92220556]
[1577080800, 6735.2, 6824.2, 6817.19, 6750, 65.34731502]
[1577077200, 6810.38, 6855.25, 6839.99, 6814.25, 28.00789019]
[1577073600, 6834.77, 6860, 6860, 6839.98, 27.86699405]
[1577070000, 6831.45, 6866.44, 6831.45, 6860, 12.01685294]
[1577066400, 6822.67, 6897.37, 6880, 6834.54, 22.93078589]
[1577062800, 6810.01, 6895.3, 6816.77, 6881.15, 58.00754553]
[1577059200, 6788.13, 6892.85, 6788.13, 6816.79, 166.66128216]
[1577055600, 6684.14, 6793.98, 6686.08, 6780.54, 137.24471718]
[1577052000, 6661.01, 6701.41, 6682.86, 6684.03, 37.73738392]
[1577048400, 6668, 6702, 6697.89, 6683.17, 42.15043254]
[1577044800, 6678.7, 6738.93, 6688.38, 6700, 69.13132476]
[1577041200, 6660.64, 6742.97, 6683.39, 6688.49, 206.97995644]
[1577037600, 6610, 6709.13, 6614.73, 6688.85, 150.81461107]
[1577034000, 6513.14, 6665.76, 6528.7, 6614.67, 213.44521828]
[1577030400, 6474.06, 6570, 6492.96, 6533.28, 99.64976032]
[1577026800, 6474.84, 6504.99, 6477, 6492.75, 20.32124538]
[1577023200, 6471.69, 6485.84, 6476.93, 6477.68, 23.63596489]
[1577019600, 6469.77, 6497.35, 6484.19, 6475.51, 26.73488654]
[1577016000, 6468.01, 6484.2, 6471.89, 6484.2, 69.94435414]
[1577012400, 6471.63, 6490.08, 6479.07, 6471.9, 19.65515007]
[1577008800, 6475.05, 6499.99, 6477.97, 6483.35, 24.54930687]
[1577005200, 6474.84, 6482, 6478, 6478.19, 7.32442117]
[1577001600, 6463.72, 6505, 6495.11, 6474.64, 21.91000314]
[1576998000, 6445.21, 6497.42, 6447.63, 6497.42, 11.12808418]
[1576994400, 6440, 6454.79, 6454.79, 6446, 3.76598775]
[1576990800, 6449.48, 6461.16, 6460.29, 6449.51, 3.76417922]
[1576987200, 6451.2, 6461.81, 6454.52, 6460.29, 1.97146788]
[1576983600, 6451.78, 6464.03, 6460.5, 6454.71, 1.13553506]
[1576980000, 6456.96, 6465.16, 6457.85, 6462.44, 3.17224037]
[1576976400, 6448.08, 6459.94, 6450, 6459.91, 9.89785122]
[1576972800, 6444.83, 6456.49, 6451.46, 6450, 10.16304277]
[1576969200, 6450, 6460.94, 6459.46, 6456.48, 11.13611298]
[1576965600, 6441.36, 6461.5, 6449.15, 6453.87, 11.18310189]
[1576962000, 6433.14, 6485.6, 6462.67, 6449.15, 20.94376565]
[1576958400, 6454.87, 6463.53, 6459.02, 6463.53, 20.18737714]
[1576954800, 6452.95, 6464.37, 6464.37, 6459.03, 22.34115083]
[1576951200, 6458.39, 6466.1, 6465.81, 6464.37, 9.03803265]
[1576947600, 6453.87, 6473.19, 6453.87, 6465.11, 27.84689996]
[1576944000, 6452.01, 6458, 6452.82, 6453.86, 15.60629844]
[1576940400, 6441.85, 6457.99, 6450.36, 6455.62, 15.40512843]
[1576936800, 6433.22, 6455.46, 6440, 6451.04, 15.23000776]
[1576933200, 6436.92, 6461.97, 6458.62, 6439.99, 14.93926329]
[1576929600, 6448.99, 6467.11, 6461.97, 6461.95, 16.97310064]
[1576926000, 6447, 6468.51, 6447.9, 6466.1, 20.80015687]
[1576922400, 6432.82, 6450, 6436.05, 6450, 93.79563841]
[1576918800, 6426.63, 6457.81, 6455.01, 6436.05, 33.63291564]
[1576915200, 6445.21, 6456.86, 6445.21, 6455.01, 10.03193359]
[1576911600, 6441.58, 6455.58, 6451.23, 6445, 18.45886631]
[1576908000, 6450.04, 6474.78, 6472.04, 6453.22, 6.58306005]
[1576904400, 6460.61, 6475.56, 6461.56, 6474.67, 4.31090588]
[1576900800, 6460.7, 6485.6, 6472.93, 6467.16, 1.72099986]
[1576897200, 6468.59, 6483.22, 6481.05, 6475.03, 6.72189971]
[1576893600, 6466.13, 6485.6, 6466.41, 6482.72, 7.61120028]
[1576890000, 6464.98, 6485.57, 6480.99, 6469.72, 9.07502829]
[1576886400, 6473.95, 6497.11, 6495.69, 6485.57, 11.66733997]
