[1556006400, 4925.18, 4968.96, 4932.63, 4938.28, 145.07311196]
[1556002800, 4918.58, 4944.11, 4929.29, 4928.87, 73.03013792]
[1555999200, 4911.25, 4942.63, 4928.14, 4930.8, 95.89394583]
[1555995600, 4900, 4940.17, 4905, 4928.14, 69.53506667]
[1555992000, 4830.8, 4999.94, 4834.04, 4905, 252.10324836]
[1555988400, 4806.37, 4845.89, 4806.37, 4835.35, 20.53643342]
[1555984800, 4788.32, 4812.87, 4788.32, 4806.34, 54.01570929]
[1555981200, 4780.14, 4794.45, 4787.25, 4790.74, 8.20156145]
[1555977600, 4776.8, 4794.8, 4789.16, 4788.17, 3.73345269]
[1555974000, 4777.61, 4799.99, 4799.5, 4789.16, 9.24557197]
[1555970400, 4785.01, 4799.99, 4792.84, 4799.99, 15.3305682]
[1555966800, 4770, 4796.52, 4778.97, 4790.02, 29.86143561]
[1555963200, 4769.07, 4799.99, 4787.35, 4778.76, 71.63102035]
[1555959600, 4764.4, 4840.26, 4803, 4787.35, 96.0960346]
[1555956000, 4764.01, 4815, 4764.01, 4802.02, 131.9820606]
[1555952400, 4713.24, 4772.63, 4714.53, 4771.83, 66.696301]
[1555948800, 4700.4, 4725.87, 4718.28, 4714.53, 40.00164757]
[1555945200, 4710.16, 4792.02, 4733.01, 4719.85, 135.99712936]
[1555941600, 4711.07, 4738.01, 4712.85, 4733.01, 32.6563765]
[1555938000, 4714.46, 4727.99, 4726.9, 4716.86, 41.80318443]
[1555934400, 4720.12, 4729.99, 4724.09, 4726.76, 27.26691319]
[1555930800, 4720.41, 4729.99, 4725.41, 4720.52, 39.68303397]
[1555927200, 4715.91, 4725.41, 4719.07, 4725.4, 95.01471174]
[1555923600, 4700, 4719.07, 4712.47, 4719.06, 21.76853346]
[1555920000, 4706, 4717, 4706, 4712.48, 22.49451241]
[1555916400, 4705.05, 4717.41, 4714.08, 4706.78, 21.08836204]
[1555912800, 4695.01, 4714.56, 4705.22, 4714.56, 15.23602745]
[1555909200, 4695.94, 4711.7, 4705.93, 4702.22, 11.00272765]
[1555905600, 4686.54, 4712.67, 4686.55, 4711.64, 4.55107315]
[1555902000, 4683, 4705.09, 4700.45, 4687.74, 4.62657491]
[1555898400, 4694.86, 4709.89, 4698.03, 4697.13, 3.38106116]
[1555894800, 4693.61, 4719.99, 4719.98, 4697.23, 4.65186514]
[1555891200, 4718.13, 4727.1, 4723, 4719.98, 28.02200774]
[1555887600, 4706.57, 4729.02, 4718.99, 4724.09, 13.63826069]
[1555884000, 4704.55, 4721.39, 4708.8, 4719, 12.83162404]
[1555880400, 4677.89, 4717.9, 4684.86, 4708.81, 36.1496164]
[1555876800, 4675.74, 4700, 4687.91, 4681.37, 31.30448451]
[1555873200, 4675, 4691.09, 4679.2, 4690, 30.37238944]
[1555869600, 4671, 4705.06, 4702.96, 4677.99, 18.62002689]
[1555866000, 4690.02, 4710.53, 4710.53, 4697.53, 14.27065848]
[1555862400, 4700.19, 4712.13, 4705.28, 4710.54, 14.38918497]
[1555858800, 4697.41, 4707.41, 4704.43, 4705.28, 16.91390777]
[1555855200, 4690.31, 4704.99, 4703.09, 4704.43, 9.96021936]
[1555851600, 4681.75, 4705.13, 4681.75, 4697.36, 24.05073994]
[1555848000, 4662.24, 4702.44, 4702.44, 4686.31, 46.30558205]
[1555844400, 4692.77, 4706.35, 4700.38, 4695.26, 16.93970282]
[1555840800, 4676.89, 4711.97, 4680.01, 4698.48, 28.23511865]
[1555837200, 4680, 4729.09, 4729.09, 4680.01, 62.60644302]
[1555833600, 4707, 4744.25, 4741.03, 4729.09, 25.62765311]
[1555830000, 4737.66, 4746, 4737.66, 4741.01, 10.05939669]
[1555826400, 4735, 4740.59, 4739.28, 4738.62, 6.31243499]
[1555822800, 4735, 4746, 4745.99, 4736.55, 8.13347225]
[1555819200, 4742.14, 4750.01, 4750.01, 4745.99, 3.95388317]
[1555815600, 4750, 4750.01, 4750.01, 4750, 1.29788421]
[1555812000, 4749.26, 4750.01, 4749.26, 4750.01, 2.93079042]
[1555808400, 4745.15, 4750.01, 4750.01, 4745.29, 3.87424734]
[1555804800, 4738.34, 4759.34, 4740, 4750, 20.75260758]
[1555801200, 4713.61, 4740, 4721.58, 4740, 8.1679505]
[1555797600, 4691.35, 4726.69, 4691.35, 4722.13, 16.64727129]
[1555794000, 4688.01, 4739.12, 4739.12, 4696.45, 63.99663076]
[1555790400, 4733.99, 4749.99, 4742.47, 4733.99, 22.28631555]
[1555786800, 4734, 4743, 4735.46, 4737.51, 12.90077801]
[1555783200, 4734.09, 4743.01, 4743, 4734.95, 23.84647149]
[1555779600, 4743, 4758.09, 4752.69, 4743, 29.14979238]
[1555776000, 4743, 4757.79, 4743.01, 4757.6, 22.46390233]
[1555772400, 4731.36, 4754.89, 4738.32, 4743.01, 43.56307507]
[1555768800, 4727.23, 4744.17, 4738.65, 4731.43, 14.8114269]
[1555765200, 4734, 4744.26, 4740, 4736.88, 17.18129522]
[1555761600, 4726.71, 4747.86, 4728.4, 4740, 20.22160043]
[1555758000, 4725.13, 4739.43, 4735.01, 4732.94, 23.97603938]
[1555754400, 4724.28, 4741.87, 4741.87, 4738.1, 27.00931202]
[1555750800, 4737, 4757.68, 4742.71, 4739.06, 21.69524169]
[1555747200, 4735.95, 4764.98, 4749.99, 4739.94, 62.63361729]
[1555743600, 4738, 4749.99, 4738.28, 4749.99, 38.99430828]
[1555740000, 4733.29, 4747, 4737.49, 4739.12, 24.70357101]
[1555736400, 4728.07, 4737.5, 4737, 4737.49, 15.4729527]
[1555732800, 4714.3, 4735.45, 4720.75, 4731.88, 10.79190045]
[1555729200, 4712.92, 4724.38, 4718.46, 4721.23, 2.74364796]
[1555725600, 4712.92, 4734.6, 4725.26, 4716.56, 8.86110673]
[1555722000, 4712.92, 4725.26, 4712.93, 4725.26, 3.37607026]
[1555718400, 4704.95, 4722.75, 4705.03, 4712.93, 6.42398202]
[1555714800, 4696.19, 4711, 4696.19, 4706.56, 8.68010796]
[1555711200, 4689.1, 4710.56, 4699.02, 4695.72, 19.57703906]
[1555707600, 4690.73, 4712.21, 4697.01, 4699.01, 22.83280136]
[1555704000, 4691.35, 4728.41, 4724.41, 4695.83, 26.08539512]
[1555700400, 4701.6, 4728.67, 4716.22, 4721, 29.63392858]
[1555696800, 4693.01, 4718.99, 4700.92, 4717.5, 30.00141023]
[1555693200, 4688.01, 4707.49, 4699.53, 4700.01, 23.73521505]
[1555689600, 4691, 4758.71, 4708.46, 4694.8, 80.37665165]
[1555686000, 4671.99, 4710.92, 4678.05, 4709.95, 32.87274225]
[1555682400, 4668.17, 4682.61, 4681.9, 4672.27, 26.7790245]
[1555678800, 4670.15, 4682.27, 4676.75, 4676.03, 13.82789788]
[1555675200, 4670.15, 4691.39, 4685.35, 4674.42, 39.63625273]
[1555671600, 4676.88, 4694.55, 4676.88, 4686.54, 27.73229229]
[1555668000, 4670.15, 4690.69, 4684.46, 4681.37, 37.941603]
[1555664400, 4670.94, 4688.32, 4679.99, 4684.44, 24.36755733]
[1555660800, 4658.75, 4680, 4679.06, 4679.99, 26.06514829]
[1555657200, 4665.58, 4679.18, 4673.85, 4679.18, 31.54876788]
[1555653600, 4661.08, 4673.93, 4661.33, 4673.93, 16.06145436]
[1555650000, 4654.22, 4673.12, 4673.12, 4663.63, 18.46716673]
[1555646400, 4647.48, 4673.85, 4657.55, 4670, 11.2900701]
[1555642800, 4638.77, 4664.74, 4646.1, 4664.74, 18.63910851]
[1555639200, 4630.66, 4666.47, 4644, 4652.36, 17.44110012]
[1555635600, 4645.05, 4697.64, 4697.64, 4645.05, 76.02490673]
[1555632000, 4690.21, 4705.54, 4700.01, 4693.69, 7.55566537]
[1555628400, 4674.58, 4710, 4710, 4699.38, 37.21471216]
[1555624800, 4710, 4734.12, 4721.42, 4711.99, 23.57227952]
[1555621200, 4720.04, 4737.5, 4725.1, 4723.85, 32.800841]
[1555617600, 4710, 4737.5, 4717.2, 4725.05, 43.53037936]
[1555614000, 4697.85, 4730, 4700.01, 4720.52, 65.01173159]
[1555610400, 4693, 4711, 4694.93, 4702.99, 37.33175212]
[1555606800, 4687.09, 4711, 4691.57, 4691.22, 91.21223686]
[1555603200, 4662.11, 4692, 4674.71, 4691.99, 36.67373745]
[1555599600, 4668.6, 4704.5, 4680, 4679.89, 96.24186549]
[1555596000, 4661, 4683.01, 4683.01, 4675.01, 53.19082288]
[1555592400, 4673, 4690, 4675.22, 4683.01, 59.94920174]
[1555588800, 4659.01, 4675.23, 4659.01, 4675.22, 29.06504333]
[1555585200, 4650, 4668.51, 4663.59, 4659.01, 24.53465741]
[1555581600, 4663.22, 4679.36, 4667.1, 4668.31, 63.90533112]
[1555578000, 4648.64, 4678, 4665.36, 4667.11, 63.00871848]
[1555574400, 4657.85, 4687.53, 4679.69, 4669.44, 121.70640806]
[1555570800, 4665, 4679.79, 4666.65, 4679.6, 58.93351174]
[1555567200, 4652.57, 4670.29, 4658.14, 4669.73, 35.8006281]
[1555563600, 4652, 4673.41, 4673.41, 4662.83, 20.39164635]
[1555560000, 4665, 4691, 4675.3, 4677.64, 21.25211958]
[1555556400, 4656.9, 4675.16, 4663.76, 4671.15, 6.03354595]
[1555552800, 4654.13, 4674.5, 4667.19, 4663.57, 5.74121839]
[1555549200, 4629.51, 4675, 4630.91, 4662.24, 95.36670032]
[1555545600, 4627.02, 4644.81, 4629.26, 4634.99, 24.77094207]
[1555542000, 4615, 4634.76, 4624.04, 4629.26, 21.64650098]
[1555538400, 4615.25, 4635.53, 4632.05, 4628.47, 24.83145207]
[1555534800, 4620, 4639.46, 4625.62, 4635.52, 45.49320664]
[1555531200, 4618.43, 4640, 4629.98, 4625.14, 42.2167305]
[1555527600, 4615.03, 4629.99, 4625.64, 4629.98, 61.20064606]
[1555524000, 4612, 4629.89, 4625.59, 4626.13, 31.56502829]
[1555520400, 4613.22, 4629.99, 4623.7, 4625.59, 111.44516761]
[1555516800, 4606.26, 4624.99, 4615.68, 4621.11, 35.4206316]
[1555513200, 4611.2, 4628.94, 4617.49, 4617.68, 47.48038028]
[1555509600, 4603, 4618.66, 4613.23, 4618.18, 34.70291496]
[1555506000, 4600, 4624.79, 4600.83, 4617.52, 54.49931381]
[1555502400, 4585, 4662.1, 4650.6, 4605.91, 87.84056036]
[1555498800, 4626.5, 4661.63, 4626.66, 4649.43, 102.86819019]
[1555495200, 4600.23, 4629.99, 4616.96, 4626.64, 85.02751692]
[1555491600, 4598.42, 4618.73, 4604.64, 4617.18, 41.76283873]
[1555488000, 4594.39, 4618.84, 4614.35, 4605.87, 80.43356042]
[1555484400, 4599.83, 4616.33, 4610, 4614.34, 35.70300701]
[1555480800, 4601.98, 4624.99, 4623.98, 4610, 30.07356777]
[1555477200, 4605, 4624.99, 4624.98, 4616.59, 33.81475808]
[1555473600, 4614.04, 4624.99, 4624.99, 4624.99, 25.28725593]
[1555470000, 4605.21, 4625.8, 4622.27, 4624.99, 78.43467808]
[1555466400, 4620.26, 4637.4, 4624.74, 4623.28, 4.82424912]
[1555462800, 4598.7, 4640.45, 4635.3, 4623, 13.86279909]
[1555459200, 4612.7, 4666.25, 4617.47, 4631.52, 34.37063005]
[1555455600, 4604.17, 4620, 4609.84, 4617.46, 17.87974728]
[1555452000, 4595.43, 4616.75, 4613.72, 4610.06, 21.37141113]
[1555448400, 4593.6, 4616.05, 4600.92, 4613.89, 42.70646178]
[1555444800, 4590, 4611.73, 4606.09, 4595.06, 49.95270568]
[1555441200, 4589.92, 4618, 4589.92, 4600.36, 76.63989347]
[1555437600, 4583.64, 4629, 4618.8, 4589.92, 76.32856655]
[1555434000, 4510, 4630.27, 4512.83, 4618.81, 203.53211133]
[1555430400, 4501.6, 4519, 4506.34, 4512.61, 48.07836189]
[1555426800, 4473.49, 4517.45, 4479.9, 4507.34, 46.03896245]
[1555423200, 4446.47, 4484.43, 4466.25, 4479.9, 96.74916115]
[1555419600, 4461.23, 4480.3, 4462.41, 4466.43, 75.53338522]
[1555416000, 4461, 4498.22, 4490.95, 4462.41, 46.36670233]
[1555412400, 4478.12, 4495.56, 4483.57, 4490.6, 91.92000877]
[1555408800, 4482.18, 4511.13, 4511.13, 4483.09, 59.2038372]
[1555405200, 4489.11, 4513, 4495.08, 4511.13, 50.2029316]
[1555401600, 4488.18, 4506.5, 4495.4, 4495.19, 81.30321062]
[1555398000, 4486.57, 4498.27, 4490.36, 4492.18, 54.59731787]
[1555394400, 4486.55, 4500.83, 4499.18, 4489.98, 35.78981566]
[1555390800, 4473.68, 4509.98, 4478.24, 4500.15, 15.42830686]
[1555387200, 4473.53, 4488.08, 4473.53, 4480.86, 7.52957169]
[1555383600, 4463.78, 4481.94, 4469.94, 4480.14, 4.76193485]
[1555380000, 4463.23, 4480.6, 4480.6, 4469.81, 13.05073192]
[1555376400, 4471.31, 4486.9, 4477.22, 4473.84, 8.92595554]
[1555372800, 4455, 4479.47, 4461.89, 4470.51, 11.0500952]
[1555369200, 4463.82, 4481.7, 4466.85, 4463.82, 36.45548006]
[1555365600, 4448.96, 4475.33, 4450.71, 4466.84, 49.81941284]
[1555362000, 4437.87, 4465.07, 4445.75, 4454.82, 86.36414527]
[1555358400, 4400, 4453.51, 4439.06, 4448.99, 163.7021432]
[1555354800, 4421.16, 4482.44, 4476.95, 4444.9, 78.88705194]
[1555351200, 4460, 4493.64, 4476.22, 4476.52, 79.91188033]
[1555347600, 4432.89, 4548.66, 4548.01, 4483.85, 181.13504436]
[1555344000, 4548, 4572.61, 4569.12, 4548.01, 51.84342456]
[1555340400, 4560, 4573.6, 4563.34, 4568.01, 46.28379258]
[1555336800, 4548.3, 4580.08, 4555.53, 4562.81, 57.10129786]
[1555333200, 4547.11, 4561.89, 4555.83, 4559.13, 60.9612103]
[1555329600, 4530.28, 4560.62, 4547.17, 4560.62, 48.16029386]
[1555326000, 4545, 4557.87, 4551.76, 4546.12, 46.41314975]
[1555322400, 4550, 4569.9, 4569.9, 4552.06, 43.83294831]
[1555318800, 4558.46, 4569.92, 4561.17, 4567.94, 38.11926713]
[1555315200, 4552.49, 4571.87, 4565.86, 4561.58, 56.85124127]
[1555311600, 4541.53, 4573.18, 4573.18, 4567.91, 101.26935546]
[1555308000, 4570, 4582.88, 4580.15, 4573.38, 39.10260383]
[1555304400, 4570.14, 4589.14, 4587.83, 4580.15, 16.10401965]
[1555300800, 4565.9, 4589.7, 4569.32, 4589, 21.44208488]
[1555297200, 4558.74, 4571.81, 4571.81, 4568.14, 4.39365059]
[1555293600, 4563.88, 4578.69, 4574.28, 4568.92, 17.57684794]
[1555290000, 4559.73, 4589.99, 4559.73, 4574.81, 58.75376245]
[1555286400, 4555.63, 4576.83, 4567.97, 4565.64, 28.92858347]
