[1569686400, 7388.16, 7456.6, 7407.54, 7430, 57.48563594]
[1569682800, 7343.56, 7413.1, 7404.57, 7413.09, 50.10358713]
[1569679200, 7401, 7449.78, 7441.08, 7404.57, 20.36549558]
[1569675600, 7381, 7443.22, 7416.16, 7442.28, 24.06360743]
[1569672000, 7381.45, 7470.01, 7470.01, 7419.49, 63.98990694]
[1569668400, 7451.88, 7509.51, 7507.02, 7470, 45.35388208]
[1569664800, 7500.01, 7563, 7546.96, 7507.03, 55.94260274]
[1569661200, 7508.01, 7545.82, 7512.75, 7545.03, 43.49393102]
[1569657600, 7508.34, 7549.96, 7549.96, 7515.86, 46.10998502]
[1569654000, 7474.52, 7550, 7476.02, 7549.98, 44.22115359]
[1569650400, 7471.79, 7486.95, 7483.39, 7478.57, 24.19603039]
[1569646800, 7476, 7500, 7500, 7483.4, 21.34851064]
[1569643200, 7479.89, 7507.38, 7486.79, 7501.68, 11.52639604]
[1569639600, 7468.64, 7500, 7494.97, 7491.85, 9.25573099]
[1569636000, 7455.02, 7494.75, 7486.12, 7494.18, 7.90742663]
[1569632400, 7486.11, 7518.06, 7515.99, 7486.12, 8.16377825]
[1569628800, 7486.12, 7520, 7495.1, 7516, 15.41942698]
[1569625200, 7469.56, 7513.38, 7494.84, 7495.1, 23.31396752]
[1569621600, 7496.63, 7574.97, 7533.47, 7499.99, 98.95843143]
[1569618000, 7376.01, 7575.75, 7377.74, 7539.68, 180.82323481]
[1569614400, 7309.13, 7414.11, 7330.01, 7384.83, 65.95453237]
[1569610800, 7330.01, 7380, 7355.75, 7330.01, 63.76820682]
[1569607200, 7346.26, 7382.53, 7355.03, 7355.74, 35.6034499]
[1569603600, 7314, 7371.58, 7342.35, 7359.93, 65.02591942]
[1569600000, 7275.81, 7374.28, 7300.67, 7346.92, 112.52933193]
[1569596400, 7155.08, 7321.12, 7286.4, 7300.67, 184.25578494]
[1569592800, 7280, 7420, 7319.26, 7292.74, 176.31211691]
[1569589200, 7316.04, 7360, 7317.64, 7319.26, 58.19655276]
[1569585600, 7280, 7359.51, 7308.96, 7318, 65.05709445]
[1569582000, 7284, 7388.39, 7382.79, 7312.36, 90.09858759]
[1569578400, 7365.04, 7400, 7370, 7382.79, 131.53444567]
[1569574800, 7342.01, 7396.82, 7384.55, 7370, 57.87497647]
[1569571200, 7377.5, 7436.15, 7380.75, 7384.55, 73.88300017]
[1569567600, 7363.54, 7424.93, 7363.54, 7380.75, 83.74978354]
[1569564000, 7308.77, 7368.33, 7313.33, 7363.53, 86.9653707]
[1569560400, 7290.47, 7325, 7321.02, 7313.33, 38.84226165]
[1569556800, 7304.3, 7360, 7338.27, 7321.78, 52.87629676]
[1569553200, 7325.61, 7373.93, 7325.87, 7336.57, 8.84744236]
[1569549600, 7304.27, 7357.71, 7329.99, 7324.51, 13.21743851]
[1569546000, 7282.16, 7343.5, 7302.57, 7329.99, 22.96331585]
[1569542400, 7292, 7422.48, 7381.41, 7309.36, 41.25054984]
[1569538800, 7376.83, 7453.49, 7437.96, 7377.53, 36.52187224]
[1569535200, 7350.07, 7445, 7409.27, 7443.66, 46.14364334]
[1569531600, 7338.75, 7421.98, 7415.01, 7409.76, 87.61958218]
[1569528000, 7397, 7475, 7442.2, 7415, 100.3160461]
[1569524400, 7361, 7446.33, 7426.51, 7442.1, 154.29721411]
[1569520800, 7233.93, 7471.89, 7249, 7437.64, 250.48703897]
[1569517200, 7176.98, 7297.03, 7263.83, 7250, 249.3319139]
[1569513600, 7085, 7350, 7246.88, 7263.59, 905.35539534]
[1569510000, 7199.96, 7533.19, 7497.98, 7246.88, 410.5821524]
[1569506400, 7423.01, 7685.82, 7547.72, 7508.65, 267.34893277]
[1569502800, 7350.01, 7720.65, 7715.16, 7552.02, 488.40899736]
[1569499200, 7696.35, 7740.18, 7700, 7718.84, 68.28668531]
[1569495600, 7700, 7755.13, 7753, 7700, 92.11882958]
[1569492000, 7720, 7761.85, 7743.18, 7753, 124.01052495]
[1569488400, 7712.52, 7768.05, 7719.06, 7747.15, 93.80397922]
[1569484800, 7666, 7722.48, 7675.61, 7719.35, 98.08890855]
[1569481200, 7666, 7696.46, 7673.49, 7675.81, 61.1004905]
[1569477600, 7669.26, 7722.55, 7670.64, 7678.9, 74.47701022]
[1569474000, 7643.79, 7696.93, 7648.39, 7670.64, 38.13104349]
[1569470400, 7617.35, 7664.69, 7640.29, 7648.39, 11.29595712]
[1569466800, 7633.1, 7661.53, 7649.77, 7649.94, 9.75011166]
[1569463200, 7612.06, 7662.33, 7633.73, 7650.02, 8.84931661]
[1569459600, 7625.59, 7691.47, 7668.17, 7637.23, 7.19709384]
[1569456000, 7668.17, 7730.7, 7722.06, 7668.18, 13.67270475]
[1569452400, 7612.06, 7742.03, 7713.46, 7724.21, 73.04920729]
[1569448800, 7712.74, 7927.26, 7875.01, 7719, 157.57320399]
[1569445200, 7754.74, 7883.87, 7799.65, 7879.96, 105.28308604]
[1569441600, 7635.23, 7845.84, 7646, 7798, 194.74915512]
[1569438000, 7611.7, 7654.09, 7630.82, 7646.5, 58.61229312]
[1569434400, 7611.22, 7676, 7660.02, 7640.64, 67.70097153]
[1569430800, 7625.53, 7692, 7633.87, 7663.41, 108.32951786]
[1569427200, 7510.91, 7646.85, 7597.3, 7637.37, 143.10026216]
[1569423600, 7587.63, 7707.6, 7667.42, 7587.63, 116.75273197]
[1569420000, 7662.52, 7709, 7662.52, 7672.07, 111.04328956]
[1569416400, 7555, 7691.71, 7575, 7662.42, 129.69042234]
[1569412800, 7524.89, 7628.9, 7612.4, 7580.83, 175.81038683]
[1569409200, 7575.65, 7712.81, 7696.67, 7619.82, 166.37446104]
[1569405600, 7645, 7726.12, 7662.44, 7686.49, 184.29764436]
[1569402000, 7527.42, 7662.44, 7527.43, 7662.44, 221.70401568]
[1569398400, 7482.02, 7641.99, 7598.95, 7531.21, 314.40318543]
[1569394800, 7581.01, 7760.19, 7760, 7602.87, 351.12700675]
[1569391200, 7760, 7803.36, 7773.57, 7760.04, 113.4613603]
[1569387600, 7724, 7804.38, 7787.38, 7773.6, 78.59924892]
[1569384000, 7700, 7857.28, 7827.24, 7804.69, 79.33313451]
[1569380400, 7810.07, 7883.74, 7846.33, 7834.18, 23.72210662]
[1569376800, 7836, 7976.77, 7933.42, 7860.94, 40.59878089]
[1569373200, 7897.03, 7986.39, 7937.91, 7933.43, 23.11184312]
[1569369600, 7806.2, 7998.79, 7814.93, 7947.57, 61.22116052]
[1569366000, 7781.01, 8034.91, 7930.93, 7815.26, 133.42422401]
[1569362400, 7866, 8050, 7901.04, 7933.67, 281.87830892]
[1569358800, 7821.03, 8076.64, 7870.73, 7909.18, 377.82117115]
[1569355200, 7500, 9095, 7928.33, 7871.99, 2054.72824695]
[1569351600, 7500, 8043.48, 7851.16, 7989.67, 1917.51485436]
[1569348000, 7830.42, 8610, 8604, 7897.45, 1138.32211934]
[1569344400, 8575.04, 8638.22, 8610.08, 8604, 131.35710693]
[1569340800, 8601.37, 8732.31, 8657.95, 8618.43, 101.04703962]
[1569337200, 8550.01, 8719, 8660.92, 8660.56, 345.52246812]
[1569333600, 8651.68, 8759.66, 8756.45, 8664.09, 188.95878105]
[1569330000, 8719, 8806.76, 8801.85, 8760.22, 122.26347772]
[1569326400, 8782.03, 8843.48, 8839.32, 8806.77, 53.15336738]
[1569322800, 8829, 8885.86, 8860.21, 8841.68, 63.23127523]
[1569319200, 8841.52, 8868.73, 8864.24, 8863.54, 35.30012664]
[1569315600, 8817, 8869.56, 8854.96, 8868.99, 39.95364237]
[1569312000, 8836, 8889.07, 8882.09, 8858.95, 41.97107027]
[1569308400, 8858.76, 8892.12, 8877.77, 8885.72, 39.41504845]
[1569304800, 8874.96, 8918.26, 8883.78, 8877.77, 46.05288273]
[1569301200, 8852.49, 8885.32, 8853.05, 8884.22, 15.05245248]
[1569297600, 8830, 8873.05, 8836.46, 8853.05, 8.9691055]
[1569294000, 8818.98, 8856.39, 8850, 8836.44, 8.47546991]
[1569290400, 8815.65, 8876.57, 8860.25, 8846.57, 8.14806719]
[1569286800, 8852.32, 8899.95, 8860.8, 8853.77, 8.86980982]
[1569283200, 8746.25, 8860.81, 8821.81, 8860.81, 59.05859047]
[1569279600, 8803.58, 8851.01, 8843.66, 8818.65, 12.73110098]
[1569276000, 8759, 8872.45, 8868.4, 8850.77, 88.24831094]
[1569272400, 8781, 8945.29, 8890.45, 8872.77, 278.33221746]
[1569268800, 8883.33, 8934.95, 8913.61, 8890.45, 51.37670448]
[1569265200, 8910.42, 8954.23, 8942.04, 8921.8, 39.32377713]
[1569261600, 8899, 8950, 8899.99, 8943.65, 42.26332558]
[1569258000, 8899.01, 8953.39, 8932.98, 8900, 104.48856696]
[1569254400, 8900.49, 9000, 8988.36, 8932.99, 59.08096401]
[1569250800, 8974.79, 9049.48, 9014.92, 8993.53, 57.2011476]
[1569247200, 8825, 9049.49, 9015.22, 9024.83, 200.28350228]
[1569243600, 9000.01, 9044.81, 9039, 9015.22, 48.56432203]
[1569240000, 8976.31, 9044.91, 9040, 9039.39, 93.00151515]
[1569236400, 9030.07, 9061.92, 9031.41, 9045.25, 25.47978317]
[1569232800, 9020.1, 9084.01, 9084, 9037.85, 83.49065869]
[1569229200, 9056.75, 9104.93, 9060, 9084.01, 39.06050906]
[1569225600, 9034.08, 9070.62, 9034.12, 9056.69, 35.44487035]
[1569222000, 9000, 9053.66, 9026.01, 9036.85, 32.47836349]
[1569218400, 8961.06, 9051.9, 9051.9, 9026.01, 98.71031688]
[1569214800, 9039, 9058.74, 9053.03, 9043.99, 12.42149236]
[1569211200, 9048.96, 9070.47, 9049.1, 9058.28, 3.89328801]
[1569207600, 9035, 9062.13, 9062.13, 9047.81, 5.03479047]
[1569204000, 9058.54, 9074.09, 9074.09, 9062.14, 1.03760798]
[1569200400, 9048.81, 9086.06, 9075.92, 9074.09, 5.41387447]
[1569196800, 9030, 9135.45, 9122.01, 9076.02, 28.23512863]
[1569193200, 9122, 9149.99, 9123.25, 9124.32, 14.72096864]
[1569189600, 9113.41, 9149.87, 9139.02, 9123.26, 13.05247148]
[1569186000, 9090.45, 9144.84, 9099.06, 9139.02, 21.11712202]
[1569182400, 9070.81, 9117.32, 9075.05, 9100, 22.27252062]
[1569178800, 9056.33, 9079.42, 9063.5, 9079.03, 15.82524636]
[1569175200, 9046.97, 9085, 9079.3, 9064, 17.94392788]
[1569171600, 9065.02, 9100, 9092.55, 9077.79, 20.62497095]
[1569168000, 9067.91, 9109, 9075.08, 9092.55, 24.09215894]
[1569164400, 9057.43, 9082.32, 9069.49, 9082.29, 12.25925589]
[1569160800, 9032.56, 9074.61, 9065.78, 9069.54, 21.57797554]
[1569157200, 9027.25, 9126.93, 9113.52, 9066.58, 42.33022925]
[1569153600, 9088.57, 9139.01, 9088.58, 9118.99, 28.5806948]
[1569150000, 9074.02, 9105, 9079.01, 9092, 11.13721363]
[1569146400, 9073.36, 9106.72, 9096.01, 9084.05, 14.489365]
[1569142800, 9068.64, 9097.92, 9092.68, 9097.09, 11.45906826]
[1569139200, 9092.11, 9161.81, 9112.71, 9097.92, 32.45881558]
[1569135600, 9015.61, 9130.77, 9017.59, 9119.49, 37.57073383]
[1569132000, 9007.55, 9046.44, 9035.01, 9021.77, 17.91119007]
[1569128400, 8971.88, 9047.09, 8983.54, 9035, 10.9937794]
[1569124800, 8956.99, 8994.4, 8971.54, 8978.37, 11.72194251]
[1569121200, 8971.55, 9011.44, 9002.41, 8971.55, 5.9128157]
[1569117600, 8973.69, 9022.53, 8986.31, 9001.63, 6.66379757]
[1569114000, 8961, 9043.98, 9041.62, 8986.31, 63.62280914]
[1569110400, 9033.43, 9076.47, 9065.78, 9041.83, 6.34482985]
[1569106800, 9060.67, 9087, 9062.9, 9067.95, 5.48549323]
[1569103200, 9043.75, 9090, 9070.04, 9069.91, 16.06894333]
[1569099600, 9050.74, 9080.34, 9060.01, 9072.21, 9.26821049]
[1569096000, 9053.76, 9109, 9102.99, 9060.01, 16.11146653]
[1569092400, 9070.62, 9106.57, 9075.98, 9102.41, 9.8288817]
[1569088800, 9055, 9090.27, 9060, 9075.6, 9.40699964]
[1569085200, 9051.52, 9083.37, 9082.02, 9060, 15.91790894]
[1569081600, 9070.01, 9138.45, 9117.99, 9080.04, 18.50888831]
[1569078000, 9072.27, 9140, 9072.27, 9118, 16.19933834]
[1569074400, 9067, 9090, 9089.01, 9078.71, 13.49776604]
[1569070800, 9035.77, 9090, 9060.83, 9089.01, 19.48998098]
[1569067200, 9020, 9138.43, 9138.43, 9069.53, 50.955232]
[1569063600, 9070.01, 9145.98, 9070.01, 9138.43, 24.18918829]
[1569060000, 9065, 9114.76, 9084.69, 9070.01, 28.95202493]
[1569056400, 9070, 9131.58, 9107.01, 9084.69, 23.13195224]
[1569052800, 9077, 9152.17, 9147.01, 9108.78, 39.03918935]
[1569049200, 9134.01, 9164.27, 9134.01, 9152.71, 13.53334042]
[1569045600, 9058, 9178.87, 9170.09, 9134.01, 59.88308796]
[1569042000, 9161.24, 9188.65, 9165.86, 9169.99, 4.82353437]
[1569038400, 9160.19, 9197.52, 9197.52, 9161.18, 4.64110178]
[1569034800, 9190, 9207.7, 9200, 9193.02, 3.57704146]
[1569031200, 9200, 9229, 9218.5, 9200, 1.30014726]
[1569027600, 9214.1, 9238.01, 9225.16, 9221.13, 7.01251367]
[1569024000, 9214.61, 9241.73, 9236.73, 9230.67, 6.66136346]
[1569020400, 9197.33, 9242, 9197.33, 9239.28, 25.1738036]
[1569016800, 9191.01, 9210, 9191.01, 9197.33, 6.62404653]
[1569013200, 9131, 9207.37, 9207.36, 9191.01, 40.53272623]
[1569009600, 9202.01, 9223.85, 9214.63, 9207.36, 13.51059533]
[1569006000, 9214.49, 9240, 9230, 9214.49, 14.29503688]
[1569002400, 9187.02, 9236.95, 9191.81, 9233.27, 17.28879005]
[1568998800, 9162, 9233, 9177.77, 9192.73, 35.85542444]
[1568995200, 9177.77, 9260.97, 9260.34, 9179.87, 50.91489703]
[1568991600, 9220.05, 9266.48, 9249.79, 9259.01, 24.8870101]
[1568988000, 9230.11, 9263.39, 9242.94, 9249.79, 63.15753691]
[1568984400, 9230.37, 9284.57, 9281.99, 9242.94, 72.91337127]
[1568980800, 9237.19, 9282, 9238.31, 9282, 47.81504486]
[1568977200, 9194.54, 9239, 9216.93, 9238.31, 29.62431088]
[1568973600, 9181.99, 9228.25, 9181.99, 9216.92, 23.94627093]
[1568970000, 9172, 9199.8, 9180.71, 9182, 43.91980343]
[1568966400, 9172.06, 9233.39, 9202.88, 9180.58, 35.45377429]
