[1557446400, 5441.89, 5487.92, 5474.34, 5441.89, 35.79713435]
[1557442800, 5450.53, 5520.5, 5505, 5481.99, 88.04954589]
[1557439200, 5450.01, 5503.82, 5459, 5501.1, 57.58103781]
[1557435600, 5425.41, 5510.26, 5429.4, 5458.99, 191.93006859]
[1557432000, 5409.02, 5448.5, 5417.1, 5431.25, 87.03205117]
[1557428400, 5388.99, 5420, 5401.01, 5417.1, 53.52422466]
[1557424800, 5388.34, 5420, 5404.5, 5401.01, 62.42849921]
[1557421200, 5387.48, 5417.92, 5405.65, 5404.32, 87.98301668]
[1557417600, 5349, 5407, 5349, 5406.99, 72.88989489]
[1557414000, 5340, 5372.8, 5346.32, 5349, 102.8226396]
[1557410400, 5333.29, 5366.72, 5361.81, 5350, 88.67042507]
[1557406800, 5324.29, 5371, 5369.02, 5360, 107.33870163]
[1557403200, 5360, 5406.98, 5400.02, 5369, 83.15464581]
[1557399600, 5390, 5433.18, 5421.01, 5402.9, 102.54153888]
[1557396000, 5412.01, 5435.7, 5412.01, 5421.06, 80.82851364]
[1557392400, 5372.46, 5424.23, 5423.43, 5412.02, 79.90137282]
[1557388800, 5413.08, 5443.31, 5417.86, 5422.91, 104.18442266]
[1557385200, 5401.03, 5433.59, 5420.4, 5419, 125.62672012]
[1557381600, 5373.78, 5433.64, 5400.2, 5422.77, 88.14822085]
[1557378000, 5382.07, 5416.65, 5389.98, 5400.2, 150.44578132]
[1557374400, 5372.54, 5389.99, 5381.95, 5389.99, 60.35957239]
[1557370800, 5372.87, 5396.59, 5394.9, 5381.96, 27.22556695]
[1557367200, 5379.09, 5403.06, 5400, 5394.89, 13.91782178]
[1557363600, 5369.36, 5422.61, 5369.36, 5401.61, 63.83272316]
[1557360000, 5297.46, 5395.54, 5302, 5369.36, 152.20274487]
[1557356400, 5220.5, 5342, 5305.85, 5302, 189.08959221]
[1557352800, 5262.3, 5311.33, 5279.21, 5301.96, 53.91282288]
[1557349200, 5260.92, 5280.86, 5275.98, 5278.13, 26.84567116]
[1557345600, 5252.71, 5281.69, 5275.95, 5279.2, 34.53440935]
[1557342000, 5246.19, 5282.74, 5255.88, 5275.72, 35.33187949]
[1557338400, 5232.41, 5270, 5263.44, 5262.72, 46.60170385]
[1557334800, 5241.18, 5267.5, 5250.01, 5263.31, 47.268698]
[1557331200, 5250, 5279.43, 5261.67, 5251.8, 39.82821404]
[1557327600, 5234.11, 5285.01, 5243, 5261.79, 334.48680501]
[1557324000, 5206.35, 5249.05, 5242, 5246.66, 45.60331253]
[1557320400, 5220.22, 5244.04, 5230.1, 5242, 55.4980671]
[1557316800, 5220.67, 5251.04, 5223.04, 5234.97, 88.09664492]
[1557313200, 5204, 5244.9, 5216.75, 5227.14, 77.10810682]
[1557309600, 5189, 5220, 5189.11, 5217.48, 55.56121829]
[1557306000, 5184.53, 5199, 5189.06, 5189.49, 62.97512449]
[1557302400, 5184.24, 5221.28, 5207.24, 5188.97, 65.71262378]
[1557298800, 5200.01, 5221.62, 5205.26, 5212, 69.57574793]
[1557295200, 5180.78, 5221.28, 5185, 5208.72, 70.22458909]
[1557291600, 5171.21, 5194.88, 5189, 5187.02, 21.96760411]
[1557288000, 5167.03, 5194.49, 5174.16, 5194.13, 17.89574996]
[1557284400, 5157.31, 5180.31, 5180.31, 5173.18, 14.07941099]
[1557280800, 5167.45, 5192.49, 5179.8, 5180.32, 10.59878269]
[1557277200, 5158.6, 5186.7, 5165.7, 5181.02, 21.14996431]
[1557273600, 5080, 5177.78, 5141.28, 5161.97, 75.51329236]
[1557270000, 5119.63, 5278, 5265.98, 5147.32, 99.90952091]
[1557266400, 5250.11, 5274.85, 5267.51, 5267.99, 27.60422946]
[1557262800, 5229.45, 5268.99, 5240, 5267.52, 33.7746633]
[1557259200, 5225, 5258.97, 5234.98, 5242.93, 43.68904682]
[1557255600, 5201, 5271.68, 5266.78, 5235, 109.45283979]
[1557252000, 5252.93, 5281.69, 5280.18, 5267.29, 59.69848283]
[1557248400, 5274.87, 5292, 5280.98, 5280.18, 58.86041194]
[1557244800, 5243.68, 5282, 5248, 5281, 61.6594756]
[1557241200, 5215.08, 5248, 5215.62, 5248, 142.71336798]
[1557237600, 5156.44, 5328.99, 5320.03, 5215.65, 237.74573603]
[1557234000, 5260.71, 5322, 5281.51, 5320.03, 100.01651208]
[1557230400, 5266.75, 5288.84, 5270.72, 5287.5, 79.73741767]
[1557226800, 5240.8, 5274.99, 5272.35, 5270.88, 84.56289094]
[1557223200, 5259.15, 5290.56, 5281.03, 5272.03, 103.71046674]
[1557219600, 5241.55, 5296.65, 5250.53, 5281.03, 70.94752733]
[1557216000, 5245, 5259.99, 5250.04, 5250.54, 95.39655708]
[1557212400, 5223.41, 5255.69, 5243, 5254.84, 120.33968382]
[1557208800, 5234, 5260, 5242.42, 5242.69, 77.74675409]
[1557205200, 5236.59, 5268.5, 5237.61, 5237.89, 43.91513497]
[1557201600, 5212.6, 5260.07, 5250, 5245.67, 64.78094751]
[1557198000, 5240.02, 5300, 5259.99, 5250.82, 80.74379032]
[1557194400, 5135.24, 5259, 5136.43, 5259, 235.68763303]
[1557190800, 5133.65, 5158.98, 5133.65, 5139.33, 23.88916728]
[1557187200, 5080.99, 5135.62, 5080.99, 5129.76, 34.6097236]
[1557183600, 5077.03, 5098.17, 5093.51, 5080.91, 11.19552855]
[1557180000, 5080.99, 5110, 5081, 5096.85, 26.64491092]
[1557176400, 5073.11, 5098.98, 5091.26, 5081, 24.43980721]
[1557172800, 5068.01, 5124.97, 5124.96, 5092.56, 47.12938923]
[1557169200, 5108.54, 5135.62, 5127.68, 5124.96, 38.02727662]
[1557165600, 5090.32, 5128.7, 5095.51, 5127.69, 49.0913501]
[1557162000, 5087.01, 5110.01, 5093.53, 5095.51, 54.93772007]
[1557158400, 5060.28, 5109.81, 5060.28, 5099.86, 90.39241928]
[1557154800, 5053.58, 5072.6, 5060.03, 5060.28, 37.66934453]
[1557151200, 5044.01, 5072.77, 5048.43, 5063.11, 52.06171569]
[1557147600, 5025.01, 5049.93, 5025.01, 5048.44, 38.71973233]
[1557144000, 5026.9, 5048.01, 5048.01, 5030.9, 24.00170092]
[1557140400, 5026.07, 5053.32, 5026.07, 5048.01, 49.27071442]
[1557136800, 5022.05, 5057.98, 5036.94, 5030, 48.71837094]
[1557133200, 5011.76, 5046.29, 5013.84, 5036.94, 50.51039922]
[1557129600, 4988.08, 5033.25, 4995.03, 5013.85, 78.18978089]
[1557126000, 4992.18, 5039.07, 5028.66, 5000.38, 76.32498944]
[1557122400, 5005.52, 5056.58, 5054.76, 5028.7, 67.56870108]
[1557118800, 5047.78, 5064.58, 5059.99, 5051.94, 29.25136363]
[1557115200, 5015.01, 5060, 5031.91, 5060, 31.95521973]
[1557111600, 5023, 5040.78, 5025.76, 5031.14, 13.44425482]
[1557108000, 5014.99, 5042.77, 5024.84, 5026.06, 9.77399398]
[1557104400, 4990, 5086.74, 5066.72, 5021.29, 80.15014127]
[1557100800, 5053.99, 5120.6, 5109.65, 5066.9, 32.02462134]
[1557097200, 5101.56, 5128.3, 5101.56, 5110.87, 13.04471094]
[1557093600, 5100.13, 5142.15, 5133.69, 5101.56, 28.17318111]
[1557090000, 5125.67, 5169, 5143.34, 5139.05, 45.15057603]
[1557086400, 5095.51, 5143.35, 5096.58, 5143.35, 42.70221076]
[1557082800, 5092.53, 5117, 5098.99, 5096.74, 33.56380316]
[1557079200, 5031.01, 5100, 5066.99, 5098.99, 58.72767934]
[1557075600, 5066.62, 5100.98, 5096.55, 5066.62, 37.44451084]
[1557072000, 5075, 5105.27, 5099.03, 5097.51, 37.26090609]
[1557068400, 5093.11, 5113.68, 5112.37, 5104.96, 25.39892805]
[1557064800, 5088, 5120, 5120, 5112.38, 39.41473629]
[1557061200, 5107.7, 5137.56, 5120, 5119.89, 38.20846223]
[1557057600, 5097.55, 5120, 5097.83, 5119.2, 25.562139]
[1557054000, 5095, 5120, 5119.73, 5097.61, 23.43117448]
[1557050400, 5079.78, 5120, 5090.03, 5119.7, 43.59303987]
[1557046800, 5090, 5111.66, 5105.52, 5091.06, 28.49208508]
[1557043200, 5066.62, 5110, 5090.03, 5105.62, 33.81353819]
[1557039600, 5081, 5126.95, 5124.6, 5087.6, 24.38285313]
[1557036000, 5110.24, 5140.4, 5128.28, 5124.6, 24.00823493]
[1557032400, 5109.74, 5137.61, 5109.74, 5131.75, 16.00758337]
[1557028800, 5094.99, 5131.34, 5131.33, 5109.75, 9.73474424]
[1557025200, 5112.88, 5138.01, 5121.01, 5135.31, 13.86049997]
[1557021600, 5116.66, 5146.2, 5117.86, 5126.15, 20.06785295]
[1557018000, 5110.27, 5140.65, 5140.25, 5116.72, 5.95322876]
[1557014400, 5082.3, 5163.88, 5160.63, 5141.55, 78.31496326]
[1557010800, 5155, 5183.01, 5174.99, 5160.82, 132.98353507]
[1557007200, 5113.76, 5186, 5160.66, 5175, 111.96093303]
[1557003600, 5078.99, 5184.46, 5078.99, 5161.1, 180.81732488]
[1557000000, 5010, 5079, 5010.67, 5078.99, 61.75922712]
[1556996400, 4987.33, 5015, 4993.74, 5010, 52.8539874]
[1556992800, 4974, 4995, 4989.28, 4993.74, 21.77476416]
[1556989200, 4967.29, 4997.51, 4972.4, 4993.06, 30.35410365]
[1556985600, 4939.13, 4985, 4956.01, 4977.76, 39.24065969]
[1556982000, 4949.17, 4981.6, 4969.1, 4956, 46.67188892]
[1556978400, 4925, 4988.71, 4975, 4969.01, 127.22951947]
[1556974800, 4939.32, 5100, 5089.53, 4970.52, 221.36471453]
[1556971200, 5082, 5113.31, 5104.03, 5094.97, 48.2430636]
[1556967600, 5095.07, 5118.57, 5095.57, 5105.03, 30.45884658]
[1556964000, 5070.67, 5113.14, 5100, 5095.56, 102.54705888]
[1556960400, 5100, 5129, 5113.3, 5100, 34.08171001]
[1556956800, 5086.72, 5130.02, 5130.02, 5113.3, 64.84408512]
[1556953200, 5104.37, 5141.44, 5104.37, 5130.01, 42.9188753]
[1556949600, 5073.25, 5104.38, 5086.41, 5104.38, 18.53490909]
[1556946000, 5071.17, 5101.97, 5091, 5085.32, 19.77438597]
[1556942400, 5055.84, 5110.24, 5110.24, 5091.47, 21.77082954]
[1556938800, 5089.99, 5141.42, 5131.17, 5104.16, 14.09548277]
[1556935200, 5120.92, 5158.98, 5153.67, 5132.69, 11.41760788]
[1556931600, 5091, 5175.9, 5100.02, 5151.97, 29.31559061]
[1556928000, 5043.14, 5125.18, 5049.74, 5108.16, 44.66375112]
[1556924400, 5037.39, 5061.21, 5061.21, 5048.02, 24.42658206]
[1556920800, 5031.58, 5083.23, 5082.3, 5061.22, 33.107501]
[1556917200, 5059.04, 5084.39, 5073.01, 5082.3, 48.02589843]
[1556913600, 5055.86, 5089.98, 5061.47, 5073.07, 54.99689483]
[1556910000, 5054.65, 5080.23, 5073.46, 5059.78, 40.08300457]
[1556906400, 5041.53, 5088.18, 5060, 5080.75, 59.56480065]
[1556902800, 5012.01, 5090, 5075.44, 5055.28, 338.0643355]
[1556899200, 5076, 5118.6, 5103.03, 5076.31, 86.92576808]
[1556895600, 5076.98, 5125.49, 5117.28, 5110.88, 112.98256755]
[1556892000, 5107.37, 5167.69, 5145.92, 5122.34, 186.83382615]
[1556888400, 5118.13, 5158.28, 5118.53, 5145.92, 86.64458339]
[1556884800, 5097.89, 5150, 5110.45, 5118.28, 165.07723206]
[1556881200, 5074.66, 5125, 5074.66, 5110.45, 112.5540041]
[1556877600, 5062.55, 5179.76, 5175.63, 5077, 434.30470829]
[1556874000, 5064.81, 5184.99, 5080.77, 5180, 308.87134774]
[1556870400, 4975.01, 5117, 4999.96, 5084.39, 356.91327451]
[1556866800, 4944.66, 5008, 4949.74, 4999.87, 178.53562604]
[1556863200, 4889.16, 4978, 4914.05, 4949.82, 243.4184385]
[1556859600, 4896.92, 4924, 4920, 4914.05, 38.45611532]
[1556856000, 4884.61, 4924, 4893.12, 4920.01, 47.59215808]
[1556852400, 4881.38, 4897.3, 4895.73, 4892.88, 17.22985467]
[1556848800, 4854.13, 4897.3, 4865.22, 4895.84, 20.81176372]
[1556845200, 4840, 4869, 4845, 4862.06, 8.17104494]
[1556841600, 4810.12, 4845, 4825.71, 4845, 13.83368125]
[1556838000, 4817.62, 4841.09, 4840, 4830, 41.79513085]
[1556834400, 4840.01, 4851.06, 4849.39, 4841.8, 23.2104889]
[1556830800, 4842.1, 4858, 4843, 4843.06, 38.63257402]
[1556827200, 4829.61, 4848, 4840.59, 4842.54, 67.96514094]
[1556823600, 4824.02, 4853.01, 4826.87, 4840.6, 101.03439704]
[1556820000, 4825.42, 4839.99, 4832.11, 4826.88, 33.95539265]
[1556816400, 4814.71, 4843.04, 4814.71, 4828.65, 59.07172981]
[1556812800, 4806.85, 4850, 4843.1, 4814.57, 55.97710353]
[1556809200, 4811.48, 4847.89, 4812.24, 4844.51, 86.76707181]
[1556805600, 4795.59, 4827.85, 4799.99, 4812.02, 79.69590532]
[1556802000, 4775, 4799.99, 4798.92, 4799.99, 64.07780202]
[1556798400, 4789, 4805, 4797.33, 4800.42, 64.26018847]
[1556794800, 4786.03, 4799.95, 4787.42, 4797.34, 70.81672461]
[1556791200, 4777.55, 4797, 4781.8, 4786.1, 46.0871114]
[1556787600, 4769, 4799.99, 4793.5, 4784.24, 64.64112426]
[1556784000, 4760.83, 4799.99, 4764.37, 4793.49, 99.28497154]
[1556780400, 4755.01, 4779.99, 4755.83, 4764.37, 112.02640182]
[1556776800, 4745.01, 4758.1, 4751.41, 4756.79, 23.29160462]
[1556773200, 4738.78, 4755.01, 4745, 4747.01, 11.33430135]
[1556769600, 4735.43, 4753.21, 4753.2, 4745, 12.65049175]
[1556766000, 4745.13, 4753.27, 4747.3, 4753.2, 5.89844304]
[1556762400, 4744.37, 4756.78, 4745.42, 4746.19, 11.04049924]
[1556758800, 4737.06, 4748.15, 4742.2, 4745.3, 4.21947597]
[1556755200, 4741.11, 4759.97, 4746.6, 4742.03, 7.41539275]
[1556751600, 4728.94, 4752.01, 4731.41, 4751.9, 16.50341468]
[1556748000, 4726.63, 4742.15, 4734.1, 4730.87, 17.22546588]
[1556744400, 4728.24, 4750, 4746.2, 4737.47, 15.45409163]
[1556740800, 4737.53, 4752.13, 4739.17, 4745.69, 16.24953824]
[1556737200, 4720.8, 4748.98, 4741.11, 4740.76, 17.95487122]
[1556733600, 4712.01, 4759.99, 4757, 4745.8, 51.67953505]
[1556730000, 4705.11, 4759.99, 4711.45, 4757, 48.91579361]
[1556726400, 4708.98, 4719.78, 4715.09, 4711.52, 21.04859907]
