[1556726400, 4708.98, 4719.78, 4715.09, 4711.52, 21.04859907]
[1556722800, 4705, 4715.16, 4706.33, 4715.16, 23.57480664]
[1556719200, 4705, 4718.85, 4718.63, 4706.34, 22.89940398]
[1556715600, 4709.5, 4725.36, 4725.01, 4719.2, 21.21568523]
[1556712000, 4713.14, 4740.55, 4740.01, 4723.47, 48.73061703]
[1556708400, 4723.99, 4745.82, 4723.99, 4741.09, 30.25385148]
[1556704800, 4720, 4729.33, 4728.71, 4724, 31.13801467]
[1556701200, 4713.57, 4733.23, 4720.81, 4728.72, 43.29550386]
[1556697600, 4720.8, 4741.69, 4741.45, 4721.07, 31.01131411]
[1556694000, 4741.2, 4750, 4749.96, 4741.46, 64.12723292]
[1556690400, 4744, 4750.3, 4749.76, 4749.99, 24.09477531]
[1556686800, 4737.66, 4754.27, 4742.05, 4749.81, 19.89392869]
[1556683200, 4733.3, 4751.82, 4739.77, 4741.42, 10.04178474]
[1556679600, 4729.32, 4754, 4751.98, 4737.86, 17.79834152]
[1556676000, 4729.87, 4757.35, 4730, 4751.97, 23.63938925]
[1556672400, 4726.67, 4740, 4734.01, 4730, 15.61332783]
[1556668800, 4703.01, 4744.99, 4703.87, 4734.02, 19.55398067]
[1556665200, 4700, 4722.31, 4717.13, 4704, 15.46982405]
[1556661600, 4697.08, 4726.21, 4697.53, 4717, 39.17518677]
[1556658000, 4675.26, 4700.31, 4681.5, 4700.31, 44.82623173]
[1556654400, 4670.01, 4686.36, 4674.95, 4681.5, 32.11896908]
[1556650800, 4673.27, 4690.25, 4688.31, 4674, 36.74550273]
[1556647200, 4671, 4690.08, 4671, 4687.79, 31.79976734]
[1556643600, 4665.57, 4692.15, 4687.87, 4672.98, 37.6439389]
[1556640000, 4673.62, 4709.3, 4705.78, 4687.02, 61.85013195]
[1556636400, 4690, 4712.03, 4704.81, 4707.79, 63.45343569]
[1556632800, 4680, 4718.04, 4683.41, 4704.52, 109.83061639]
[1556629200, 4640, 4700, 4647.47, 4686.75, 127.07616914]
[1556625600, 4630, 4649.99, 4645.39, 4647.47, 66.93123947]
[1556622000, 4627.66, 4645.39, 4632.49, 4645.38, 46.99311471]
[1556618400, 4598, 4638.02, 4598.8, 4632.49, 85.65549777]
[1556614800, 4590.23, 4612.81, 4612.45, 4597.16, 64.80988665]
[1556611200, 4599.26, 4614.72, 4609.93, 4612.84, 44.19805072]
[1556607600, 4600, 4610.04, 4604.01, 4609.93, 34.22373271]
[1556604000, 4589.06, 4605, 4591.53, 4604, 29.46409413]
[1556600400, 4585.56, 4602, 4585.56, 4596.54, 12.57607543]
[1556596800, 4582.26, 4600.56, 4598.12, 4587.44, 9.2273801]
[1556593200, 4591.72, 4605, 4604.99, 4600.48, 3.79839441]
[1556589600, 4596.94, 4613.61, 4610, 4605, 11.92668454]
[1556586000, 4600, 4613.73, 4603.32, 4610, 18.75743714]
[1556582400, 4594.91, 4609.99, 4601.35, 4602.18, 4.51944735]
[1556578800, 4575.74, 4607.94, 4579.41, 4601.79, 19.13696749]
[1556575200, 4568.85, 4593.35, 4591.3, 4579.55, 47.27615195]
[1556571600, 4584.76, 4596.99, 4585.23, 4591.22, 28.51088202]
[1556568000, 4583.78, 4612, 4611.95, 4589.38, 112.12163099]
[1556564400, 4604.51, 4614, 4609.08, 4611.94, 42.91304236]
[1556560800, 4595, 4614.68, 4611.91, 4613.68, 40.5338247]
[1556557200, 4606, 4630.8, 4612.69, 4608.57, 52.36191596]
[1556553600, 4605, 4632.74, 4607.71, 4615.56, 47.38344766]
[1556550000, 4600, 4630.18, 4624, 4607.71, 45.44899582]
[1556546400, 4603.52, 4634.99, 4603.52, 4625.95, 41.55086232]
[1556542800, 4553.34, 4610.76, 4601, 4608.51, 76.60287825]
[1556539200, 4590, 4629.01, 4629.01, 4601.21, 70.53734731]
[1556535600, 4615.33, 4630.13, 4615.33, 4629, 35.91865109]
[1556532000, 4603.82, 4632, 4624.94, 4616.62, 70.42201556]
[1556528400, 4610.01, 4638.59, 4631.07, 4624.94, 38.34441535]
[1556524800, 4627, 4637.05, 4632.66, 4631.07, 50.54840358]
[1556521200, 4628.93, 4648.92, 4646.11, 4628.93, 105.96337891]
[1556517600, 4638.43, 4649.98, 4644.87, 4646.07, 48.40912841]
[1556514000, 4636.91, 4649.25, 4647.01, 4645.38, 21.21972739]
[1556510400, 4634.13, 4649, 4635.47, 4646.25, 6.61712956]
[1556506800, 4633.43, 4643.59, 4639.34, 4635.4, 26.19042788]
[1556503200, 4636.05, 4639.99, 4639.99, 4639.34, 5.77316149]
[1556499600, 4636.89, 4639.99, 4639, 4639.98, 27.72968289]
[1556496000, 4617.74, 4639, 4633.01, 4639, 8.30797222]
[1556492400, 4612, 4633.57, 4628.15, 4633.01, 22.78675953]
[1556488800, 4600.97, 4628.92, 4609.56, 4627.46, 14.79136123]
[1556485200, 4588.01, 4612, 4607.36, 4606.29, 46.8648258]
[1556481600, 4604.78, 4630, 4621.17, 4607.36, 40.04177895]
[1556478000, 4585.2, 4644.95, 4644.88, 4621.18, 87.83762457]
[1556474400, 4637, 4651.84, 4650.41, 4644.98, 23.63740421]
[1556470800, 4642.01, 4665.18, 4657.98, 4651.47, 27.14301057]
[1556467200, 4655, 4670.3, 4667.56, 4661.2, 19.06993661]
[1556463600, 4643.25, 4675.71, 4647.17, 4670.49, 29.03525465]
[1556460000, 4642.01, 4666.05, 4642.1, 4646.45, 21.2649189]
[1556456400, 4641.66, 4682.64, 4680.96, 4642.01, 48.30411349]
[1556452800, 4678, 4693.01, 4693.01, 4680.96, 17.90214683]
[1556449200, 4672.5, 4695.56, 4679.99, 4693.01, 29.69952716]
[1556445600, 4656.71, 4680.8, 4661.72, 4673, 16.57065886]
[1556442000, 4653.09, 4667.96, 4658, 4658.52, 14.08509246]
[1556438400, 4648.89, 4661.74, 4653.06, 4660.17, 18.8000348]
[1556434800, 4647.14, 4658.38, 4651.79, 4652.07, 11.92684053]
[1556431200, 4633.19, 4652.89, 4645.36, 4651.43, 7.01306707]
[1556427600, 4633.98, 4648.91, 4642.5, 4644.44, 11.5339718]
[1556424000, 4637.67, 4647.66, 4647.66, 4642.54, 5.55620979]
[1556420400, 4637.57, 4648.81, 4641.02, 4647.66, 6.31905154]
[1556416800, 4633.78, 4661.04, 4661.04, 4641.02, 11.21666967]
[1556413200, 4655.95, 4665.87, 4664.51, 4658.14, 15.15966135]
[1556409600, 4649.37, 4666.39, 4652.92, 4663, 4.14526237]
[1556406000, 4644.48, 4679.99, 4679.99, 4653.69, 44.06648524]
[1556402400, 4674.29, 4684.15, 4675.13, 4675.75, 31.34523365]
[1556398800, 4669.11, 4688.12, 4670.61, 4675.13, 31.75378903]
[1556395200, 4658.51, 4680.7, 4678.44, 4674.03, 26.29585991]
[1556391600, 4644.03, 4684.97, 4648.45, 4678.53, 46.43382839]
[1556388000, 4645.02, 4652.01, 4647.77, 4647.58, 20.22974121]
[1556384400, 4613.54, 4650.37, 4650.36, 4650, 188.282281]
[1556380800, 4630.88, 4650.99, 4630.88, 4650.98, 27.95799141]
[1556377200, 4631.29, 4648, 4644.6, 4631.29, 31.81883126]
[1556373600, 4634.87, 4657.2, 4635.9, 4640.45, 45.09187323]
[1556370000, 4625.75, 4640.98, 4632.06, 4635.15, 19.29162177]
[1556366400, 4624.54, 4641.47, 4638, 4629.86, 34.77598105]
[1556362800, 4633.72, 4640.34, 4637.02, 4639.05, 20.89864357]
[1556359200, 4625.03, 4639.49, 4627, 4637.97, 28.76161765]
[1556355600, 4626.79, 4644.43, 4636.87, 4626.79, 26.01635782]
[1556352000, 4633.29, 4656.96, 4653.71, 4642.2, 32.82283753]
[1556348400, 4630.53, 4655.23, 4646.52, 4653.87, 50.20802675]
[1556344800, 4624.99, 4646.53, 4624.99, 4642.53, 15.91743076]
[1556341200, 4603.71, 4627.9, 4615.12, 4625, 7.66309725]
[1556337600, 4600, 4620.6, 4620.6, 4616.33, 9.8119846]
[1556334000, 4618.57, 4638.52, 4622.38, 4620.65, 8.09906189]
[1556330400, 4618.61, 4637.04, 4624.72, 4620.92, 3.81034428]
[1556326800, 4617, 4630.01, 4630.01, 4623.71, 11.04323271]
[1556323200, 4629, 4641.77, 4630.02, 4630.01, 17.26741881]
[1556319600, 4613.98, 4630.84, 4625, 4629.2, 34.73736299]
[1556316000, 4600.09, 4650, 4600.1, 4627.14, 64.98449194]
[1556312400, 4569.23, 4604.32, 4575.75, 4600.09, 64.37744402]
[1556308800, 4562.69, 4597, 4569.76, 4583.21, 60.1691994]
[1556305200, 4543.75, 4579.81, 4551.45, 4562.28, 54.93002618]
[1556301600, 4550, 4585, 4575.7, 4551.46, 43.28999451]
[1556298000, 4556.02, 4597.48, 4580.88, 4577.54, 58.68301256]
[1556294400, 4531.32, 4615.48, 4611.2, 4580, 168.75798657]
[1556290800, 4603, 4641.49, 4635.26, 4616.13, 59.09357582]
[1556287200, 4625.73, 4642.1, 4637.29, 4631.57, 46.11891465]
[1556283600, 4635.13, 4658.59, 4654.66, 4639.99, 51.84969265]
[1556280000, 4620.2, 4657, 4637.1, 4650.66, 80.02248707]
[1556276400, 4623, 4652.89, 4642.15, 4637.1, 78.80647947]
[1556272800, 4640, 4674.33, 4647.55, 4642.15, 113.01252521]
[1556269200, 4641, 4673.5, 4660, 4647.66, 91.92884473]
[1556265600, 4629.9, 4678.14, 4643.99, 4660.22, 93.82765457]
[1556262000, 4630.24, 4664.19, 4650.01, 4640.24, 70.24654062]
[1556258400, 4625, 4686.31, 4671.6, 4650.01, 73.91959236]
[1556254800, 4661, 4695.77, 4661.77, 4671.61, 58.73529191]
[1556251200, 4660.21, 4710.99, 4679.45, 4662.22, 28.34421221]
[1556247600, 4670.88, 4702.25, 4698.53, 4679.86, 9.66933456]
[1556244000, 4609.73, 4747.11, 4627.34, 4694.83, 44.40870849]
[1556240400, 4607.12, 4645.36, 4608.6, 4622.69, 24.2269781]
[1556236800, 4554.85, 4617.66, 4612.8, 4606, 55.18268749]
[1556233200, 4581.2, 4641.69, 4610, 4623.55, 83.87882198]
[1556229600, 4500, 4852, 4852, 4609.99, 750.51266288]
[1556226000, 4852, 4950, 4946.76, 4856.2, 78.08921917]
[1556222400, 4925.12, 4946.78, 4930.99, 4938.22, 33.4183942]
[1556218800, 4930.5, 4956.7, 4947.69, 4934.97, 30.03051713]
[1556215200, 4937.6, 4948.64, 4939.01, 4947.29, 33.28575887]
[1556211600, 4922.28, 4941.96, 4922.28, 4941.84, 60.42260252]
[1556208000, 4901.8, 4926.88, 4906.96, 4922.26, 39.32681446]
[1556204400, 4892.28, 4913.68, 4898.2, 4903.49, 60.5321973]
[1556200800, 4886.49, 4910.14, 4910.12, 4898.2, 56.134855]
[1556197200, 4901.14, 4919.16, 4919.16, 4910.14, 43.60556186]
[1556193600, 4910.17, 4939.04, 4926.63, 4919.36, 101.95260205]
[1556190000, 4891, 4927.13, 4914.21, 4926.01, 51.0189676]
[1556186400, 4870.19, 4914.26, 4870.19, 4912.61, 84.77308038]
[1556182800, 4840, 4888.18, 4880.81, 4877.89, 101.88692514]
[1556179200, 4864.93, 4890.67, 4877.76, 4880.91, 69.14007617]
[1556175600, 4845.8, 4885.06, 4850.98, 4878.38, 46.71367831]
[1556172000, 4842, 4878.94, 4878.94, 4850.98, 79.50757868]
[1556168400, 4862.48, 4879.42, 4878, 4875.13, 29.42692219]
[1556164800, 4876.9, 4894.48, 4881.54, 4878.01, 8.46144135]
[1556161200, 4862.7, 4882.73, 4875.34, 4881.54, 5.17652995]
[1556157600, 4875.36, 4905, 4899.3, 4875.36, 5.50177756]
[1556154000, 4895.89, 4901.75, 4899.04, 4899.53, 5.8992179]
[1556150400, 4885.21, 4905.6, 4887.34, 4899.02, 26.58950266]
[1556146800, 4867, 4893.14, 4885.22, 4885.08, 33.38812816]
[1556143200, 4874.09, 4889.63, 4874.11, 4885.22, 25.96901404]
[1556139600, 4862.42, 4887.98, 4887.98, 4879.85, 35.28156545]
[1556136000, 4873.75, 4896.4, 4882.78, 4883.96, 58.12578915]
[1556132400, 4850.72, 4889.11, 4850.78, 4874.02, 59.39656153]
[1556128800, 4825.21, 4868.89, 4865, 4853, 79.25454113]
[1556125200, 4865, 4893.61, 4884.37, 4865, 66.24557154]
[1556121600, 4868.21, 4896.1, 4887.48, 4890.3, 59.00835127]
[1556118000, 4887.45, 4905, 4887.45, 4889.26, 79.53369391]
[1556114400, 4870, 4895.09, 4872.26, 4887.46, 89.35966562]
[1556110800, 4872.22, 4908.29, 4887.09, 4874.38, 95.34101534]
[1556107200, 4861, 4891.26, 4861.7, 4885.19, 79.25900835]
[1556103600, 4829.9, 4878.94, 4842.84, 4861.04, 119.64620057]
[1556100000, 4832.25, 4893.57, 4887.46, 4840.74, 117.79962898]
[1556096400, 4880, 4906.26, 4901, 4884, 80.16852613]
[1556092800, 4850.18, 4908.23, 4880.01, 4901, 166.7165311]
[1556089200, 4850, 5010.93, 5000.1, 4880.01, 215.10620408]
[1556085600, 4992.15, 5025.76, 4999.99, 5000.21, 94.03104172]
[1556082000, 4974.7, 5000, 4992.81, 5000, 32.12139632]
[1556078400, 4967.52, 5010, 4978.82, 4993.01, 60.59619028]
[1556074800, 4960.52, 4982.33, 4960.57, 4979.02, 3.95832231]
[1556071200, 4942.8, 4967.15, 4957.58, 4961.22, 9.22295049]
[1556067600, 4906.99, 4966.88, 4949.43, 4949.12, 50.30509134]
[1556064000, 4942.11, 4960, 4942.11, 4949.49, 14.97502974]
[1556060400, 4942.08, 4973.39, 4963.94, 4942.12, 27.95684854]
[1556056800, 4920, 4976.66, 4967.89, 4964.5, 71.34057316]
[1556053200, 4967.89, 4989.31, 4979.32, 4967.99, 38.23775481]
[1556049600, 4967.22, 4995.71, 4995.59, 4979.34, 83.14098284]
[1556046000, 4978.09, 5012.73, 5011.35, 4995.59, 130.28662728]
[1556042400, 4999.5, 5017.06, 4999.5, 5011.59, 69.99754104]
[1556038800, 4978.42, 5022.12, 4988.28, 4999.51, 151.26052407]
[1556035200, 4968.48, 4990, 4975.93, 4988.28, 102.22920787]
[1556031600, 4960, 4998.23, 4985.33, 4976.64, 132.50610319]
[1556028000, 4976.54, 5000, 4982, 4991.58, 100.12652558]
[1556024400, 4961.53, 4992, 4974.61, 4982.01, 112.49794539]
[1556020800, 4943.09, 4978.92, 4945, 4974.62, 90.93202832]
[1556017200, 4931.51, 4950, 4948.01, 4945, 70.23903566]
[1556013600, 4922.94, 4949, 4928.21, 4948, 71.13553647]
[1556010000, 4907, 4939.27, 4930.13, 4928.21, 110.02782371]
[1556006400, 4925.18, 4968.96, 4932.63, 4938.28, 145.07311196]
