[1572566400, 8177.58, 8219.65, 8208.37, 8203.9, 11.74962214]
[1572562800, 8188.49, 8229, 8190.7, 8221.47, 20.66522497]
[1572559200, 8175, 8229, 8205.4, 8197.61, 19.69106171]
[1572555600, 8131, 8270.71, 8253.4, 8210.12, 116.09847354]
[1572552000, 8215.23, 8311.08, 8295, 8260.37, 61.5186852]
[1572548400, 8288, 8324.96, 8305.38, 8295.01, 23.69798916]
[1572544800, 8288.01, 8339.94, 8318.76, 8308.81, 35.59450455]
[1572541200, 8300.02, 8330.2, 8320.22, 8325.42, 27.69420974]
[1572537600, 8282.68, 8326.33, 8282.68, 8321.32, 40.48276469]
[1572534000, 8275, 8357, 8328.33, 8285.95, 45.22897459]
[1572530400, 8296.75, 8364.35, 8361.03, 8324.05, 64.31665936]
[1572526800, 8336.77, 8391.99, 8370.37, 8361.01, 40.97534009]
[1572523200, 8192.25, 8457.76, 8192.25, 8371.94, 258.92539506]
[1572519600, 8137.48, 8210, 8159, 8194.61, 69.91239896]
[1572516000, 8032.11, 8158.98, 8118.91, 8158.98, 177.08291953]
[1572512400, 8107, 8180.7, 8174.27, 8112.88, 83.98115429]
[1572508800, 8150.62, 8200.17, 8168, 8180.61, 31.93251547]
[1572505200, 8158, 8190.23, 8178.89, 8167.59, 24.61908253]
[1572501600, 8167.25, 8265, 8230.4, 8174.06, 25.13544836]
[1572498000, 8145.02, 8245.18, 8155, 8230.4, 8.36716397]
[1572494400, 8145.59, 8170, 8167.23, 8155.01, 2.37820262]
[1572490800, 8148.98, 8193.27, 8161.91, 8162.03, 1.99259456]
[1572487200, 8135.39, 8180.48, 8137.11, 8160.99, 9.60324142]
[1572483600, 8135.39, 8210.24, 8205.98, 8139.75, 14.99219612]
[1572480000, 8201.65, 8267.79, 8220.01, 8201.65, 15.05913073]
[1572476400, 8217.24, 8275, 8271.29, 8220.02, 24.44021926]
[1572472800, 8162.26, 8273.92, 8222.81, 8271.29, 60.35166769]
[1572469200, 8205.24, 8249.94, 8249.93, 8223.77, 29.51865372]
[1572465600, 8229.15, 8282.7, 8266.8, 8241.98, 29.05932937]
[1572462000, 8230.02, 8276.9, 8251.14, 8273.7, 41.93609801]
[1572458400, 8206.57, 8254.5, 8206.57, 8254.48, 45.09129641]
[1572454800, 8150.88, 8222.82, 8153.25, 8214.7, 53.51192917]
[1572451200, 8122.77, 8246.02, 8190, 8150.77, 131.59379084]
[1572447600, 8103, 8219, 8196.54, 8199, 87.03505255]
[1572444000, 8131, 8224.53, 8160.47, 8186.48, 58.83032396]
[1572440400, 8136.38, 8237.72, 8222.21, 8160.5, 47.04135317]
[1572436800, 8185, 8264.62, 8204.97, 8215.81, 51.79678619]
[1572433200, 8119.54, 8215.37, 8203.25, 8207.29, 192.75027712]
[1572429600, 8149, 8320.01, 8315.87, 8207.61, 160.58046505]
[1572426000, 8285.6, 8339.11, 8293.56, 8315.87, 44.4898991]
[1572422400, 8255, 8323.41, 8259.84, 8293.87, 46.73598657]
[1572418800, 8255, 8337.18, 8313.17, 8255, 64.13236341]
[1572415200, 8290.41, 8333.7, 8291.67, 8310.2, 39.36724093]
[1572411600, 8265.58, 8349.15, 8349.15, 8296.13, 69.38559318]
[1572408000, 8321.99, 8408.95, 8364.18, 8349.15, 23.42533826]
[1572404400, 8355.05, 8402.23, 8398.76, 8375.12, 15.10659928]
[1572400800, 8377.54, 8476.09, 8468, 8400.86, 3.40159674]
[1572397200, 8355.84, 8467.15, 8438.99, 8466.56, 18.41671959]
[1572393600, 8361.01, 8498.2, 8498.06, 8437.31, 49.2348029]
[1572390000, 8476.26, 8520, 8519.97, 8493.11, 18.71318843]
[1572386400, 8488.88, 8520, 8494.81, 8514.73, 24.76804347]
[1572382800, 8463.54, 8510.68, 8496.99, 8495.09, 38.99359541]
[1572379200, 8312.09, 8541, 8334, 8496.99, 180.16782757]
[1572375600, 8189, 8470, 8439.84, 8318.48, 242.06758092]
[1572372000, 8400.01, 8473.46, 8407.22, 8439.84, 32.63932387]
[1572368400, 8371, 8440, 8396.01, 8402.97, 35.78551364]
[1572364800, 8383.07, 8441, 8439.84, 8396.01, 67.81955524]
[1572361200, 8410.5, 8455.01, 8455, 8439.85, 36.48874864]
[1572357600, 8408.01, 8461.16, 8426.79, 8455, 32.21884473]
[1572354000, 8377.62, 8504.42, 8483.49, 8434.71, 99.45956337]
[1572350400, 8470, 8550, 8530, 8483.36, 53.61103734]
[1572346800, 8480, 8544.09, 8542.11, 8529.18, 52.75824087]
[1572343200, 8473.15, 8580.13, 8473.15, 8542.49, 92.74582506]
[1572339600, 8452.38, 8516.56, 8515.25, 8479.39, 43.79074513]
[1572336000, 8486.28, 8548.82, 8528.55, 8515.7, 43.97545468]
[1572332400, 8503.3, 8564.01, 8513.79, 8528.55, 51.391052]
[1572328800, 8457.51, 8549, 8483.38, 8514.29, 44.49275672]
[1572325200, 8430.4, 8614.05, 8499.76, 8471.04, 71.26311128]
[1572321600, 8382.4, 8530.64, 8382.4, 8499.96, 16.55364421]
[1572318000, 8341.4, 8396.25, 8352.41, 8388.55, 3.59486185]
[1572314400, 8332.42, 8382.09, 8374.31, 8352.43, 7.63000608]
[1572310800, 8331.59, 8397.95, 8362.82, 8381.18, 9.04013686]
[1572307200, 8300, 8387.73, 8302.03, 8370.21, 27.3377997]
[1572303600, 8291.01, 8560.01, 8527.19, 8300, 157.02963005]
[1572300000, 8485.46, 8547.47, 8539.01, 8530.18, 29.88738469]
[1572296400, 8502.49, 8562.89, 8522.41, 8536.09, 53.02844561]
[1572292800, 8460.77, 8527.96, 8483.09, 8522.61, 42.09408327]
[1572289200, 8440, 8509.99, 8448.63, 8487.67, 32.33325023]
[1572285600, 8440, 8567.97, 8450.68, 8440, 66.70634343]
[1572282000, 8425.42, 8465, 8448.04, 8450.68, 45.54584235]
[1572278400, 8422.73, 8484.5, 8474.46, 8442.56, 50.27384075]
[1572274800, 8409, 8485.99, 8412.72, 8474.65, 42.42081713]
[1572271200, 8399.99, 8456.36, 8451.55, 8415, 41.95150688]
[1572267600, 8389.84, 8500, 8424.18, 8447.21, 58.88261021]
[1572264000, 8341.01, 8484.66, 8480.01, 8425.43, 62.43903869]
[1572260400, 8416.41, 8508.85, 8490.58, 8484.76, 59.61822962]
[1572256800, 8300, 8533.31, 8375.03, 8490.56, 162.82359879]
[1572253200, 8278.54, 8384.75, 8300, 8382.8, 88.57478964]
[1572249600, 8282.51, 8489, 8472.9, 8300, 187.97923884]
[1572246000, 8317.32, 8487.93, 8398.77, 8479.45, 95.64971789]
[1572242400, 8302, 8648.97, 8644.02, 8400, 237.53136371]
[1572238800, 8648.27, 8724.35, 8672.17, 8648.97, 23.89026738]
[1572235200, 8600.02, 8698.2, 8669.72, 8671.03, 23.29314499]
[1572231600, 8655, 8777.1, 8777.08, 8657.06, 25.68049948]
[1572228000, 8668.32, 8788.95, 8755.24, 8773.04, 23.90224167]
[1572224400, 8668.24, 8890.44, 8718.18, 8776.28, 78.73971617]
[1572220800, 8558.05, 8726.32, 8580.35, 8718.18, 35.94808226]
[1572217200, 8505.68, 8639.69, 8605.13, 8580.35, 118.1674592]
[1572213600, 8580, 8747.46, 8666.01, 8604.51, 83.14586666]
[1572210000, 8560, 8770.13, 8641.93, 8667, 96.56276982]
[1572206400, 8581.01, 8795.17, 8795.17, 8669.71, 198.17450964]
[1572202800, 8685, 8826.54, 8695.99, 8795.79, 101.75549456]
[1572199200, 8660, 8744.9, 8704.48, 8697.84, 76.91333361]
[1572195600, 8600.16, 8765, 8747.1, 8706, 152.87643592]
[1572192000, 8501, 8820, 8612.22, 8747.1, 276.71603781]
[1572188400, 8536.02, 8679.39, 8617.82, 8600.01, 112.59338012]
[1572184800, 8461, 8644.99, 8516, 8590.58, 101.14168251]
[1572181200, 8407.11, 8599, 8407.64, 8515.99, 89.21309272]
[1572177600, 8331.87, 8436.02, 8357.5, 8419.8, 39.15803975]
[1572174000, 8326.98, 8700, 8467.01, 8356.12, 461.55946615]
[1572170400, 8334.85, 8504.34, 8334.85, 8479.31, 136.8870439]
[1572166800, 8259.78, 8396.46, 8336.55, 8334.85, 66.22474644]
[1572163200, 8240.01, 8380.19, 8240.02, 8336.63, 54.19094366]
[1572159600, 8239, 8306.99, 8284, 8250.88, 32.52921864]
[1572156000, 8243.91, 8288, 8284.3, 8288, 15.42418789]
[1572152400, 8211.01, 8315.89, 8211.46, 8284.31, 43.1632627]
[1572148800, 8188.68, 8237.39, 8237.39, 8211.46, 7.83510472]
[1572145200, 8216.14, 8284.83, 8255.7, 8237.39, 15.86455602]
[1572141600, 8229.14, 8272.68, 8256.24, 8270.99, 4.39458375]
[1572138000, 8187, 8321.49, 8305.4, 8244.44, 25.1017976]
[1572134400, 8242.15, 8448.99, 8313.87, 8320.83, 85.78122249]
[1572130800, 8221.73, 8365.24, 8252.54, 8313.89, 37.61007655]
[1572127200, 8227.21, 8334.52, 8302.75, 8251.41, 41.75921612]
[1572123600, 8144.62, 8321.51, 8191.48, 8321.36, 89.65629434]
[1572120000, 8057.73, 8212.51, 8057.73, 8199.87, 94.49140712]
[1572116400, 8000.41, 8200, 8116.16, 8061.65, 84.43484933]
[1572112800, 8000.41, 8198.82, 8169.15, 8113.69, 79.86615541]
[1572109200, 8127, 8216.8, 8215.89, 8169.12, 29.9511258]
[1572105600, 8099.61, 8263.8, 8226.78, 8220, 105.74031668]
[1572102000, 8188.04, 8339.98, 8190.8, 8235.05, 90.90677227]
[1572098400, 8100, 8236.05, 8150, 8181.26, 72.70440016]
[1572094800, 8121.01, 8285.93, 8262.65, 8150, 103.5263549]
[1572091200, 8213, 8450, 8213.09, 8282.36, 175.92961152]
[1572087600, 8201, 8338.27, 8285.65, 8213.06, 106.21773998]
[1572084000, 8012.5, 8320, 8051.49, 8290.19, 209.3890606]
[1572080400, 7799.98, 8173, 8150.26, 8051.29, 482.50905361]
[1572076800, 8116.2, 8356.82, 8332.35, 8150.27, 207.59734939]
[1572073200, 8225.03, 8662.17, 8528, 8357.17, 248.19958019]
[1572069600, 8480, 8657.3, 8628.24, 8528.01, 211.05246859]
[1572066000, 8600, 8840.71, 8626.21, 8616.66, 155.16886135]
[1572062400, 8510, 8679.67, 8550.01, 8622.61, 87.52409213]
[1572058800, 8251, 8693.72, 8465.38, 8550, 185.18321029]
[1572055200, 8451, 9250, 9039.37, 8464.71, 349.25982931]
[1572051600, 8288.65, 9430, 8288.65, 9069.68, 806.40594682]
[1572048000, 7793.26, 8443, 7810.64, 8298.95, 459.44859209]
[1572044400, 7752.04, 7824.15, 7762.28, 7810.59, 90.78095854]
[1572040800, 7737.77, 7856.57, 7750.03, 7762.42, 75.92205145]
[1572037200, 7730, 7798.08, 7739, 7753.65, 68.89751839]
[1572033600, 7735, 7827.05, 7800, 7739, 133.7052141]
[1572030000, 7677.21, 7814.7, 7780.8, 7800, 191.92892188]
[1572026400, 7601.91, 7800, 7650.81, 7786.7, 212.75235414]
[1572022800, 7580.03, 7949.18, 7587, 7660.69, 929.70953843]
[1572019200, 7477.54, 7688.02, 7477.54, 7587, 654.08103967]
[1572015600, 6929.13, 7725, 6930.21, 7477.86, 797.74772505]
[1572012000, 6912.6, 6949.99, 6935.89, 6935.39, 85.72616731]
[1572008400, 6880.72, 6938.98, 6892.61, 6935.99, 120.27042243]
[1572004800, 6838.93, 6908, 6838.93, 6895.32, 88.98279895]
[1572001200, 6830.27, 6894.8, 6850, 6838.24, 109.44772465]
[1571997600, 6726.01, 6874.89, 6726.01, 6853.38, 132.58432461]
[1571994000, 6717.51, 6735.27, 6723.01, 6728.75, 32.41468023]
[1571990400, 6721.64, 6755.69, 6737.04, 6723.01, 36.52143329]
[1571986800, 6721.65, 6748.55, 6721.8, 6739.99, 49.57497745]
[1571983200, 6720.13, 6742.71, 6720.61, 6721.81, 31.31344617]
[1571979600, 6675, 6729.11, 6708.29, 6720.61, 34.29486267]
[1571976000, 6702.28, 6722.11, 6719.5, 6714.44, 21.49842789]
[1571972400, 6712.02, 6722.11, 6716.59, 6722.11, 4.58256976]
[1571968800, 6709.68, 6722.11, 6721.87, 6711.22, 4.01042115]
[1571965200, 6699.9, 6722.11, 6704, 6721.88, 4.20128991]
[1571961600, 6698.21, 6712.23, 6700, 6704, 16.37471458]
[1571958000, 6700, 6742.56, 6729.15, 6700.01, 29.17769147]
[1571954400, 6710.43, 6734.62, 6715.8, 6733.46, 17.10594061]
[1571950800, 6710.01, 6726.8, 6722.53, 6714.79, 37.72658009]
[1571947200, 6722.42, 6750.22, 6749.01, 6724.26, 25.89009819]
[1571943600, 6714.6, 6749.97, 6730.33, 6749.97, 31.90681035]
[1571940000, 6708.21, 6737.24, 6713.24, 6725.18, 47.3635817]
[1571936400, 6702, 6741.07, 6734.86, 6713.24, 43.98819033]
[1571932800, 6713.96, 6740.87, 6718.44, 6737.6, 44.43276061]
[1571929200, 6705, 6750.22, 6738.06, 6723.49, 55.80240868]
[1571925600, 6727.24, 6769.99, 6732.8, 6743.52, 104.10413314]
[1571922000, 6708.2, 6737.37, 6710.7, 6733.22, 61.29754419]
[1571918400, 6701.16, 6733.89, 6704.01, 6714.86, 35.39832966]
[1571914800, 6692.03, 6715.61, 6711.66, 6704.01, 50.42005565]
[1571911200, 6702.92, 6734.16, 6720, 6712.81, 52.39125866]
[1571907600, 6715, 6748.87, 6722.18, 6720.01, 93.88877303]
[1571904000, 6667.9, 6727, 6682.16, 6722.44, 63.61176574]
[1571900400, 6624.99, 6697.74, 6624.99, 6682.65, 54.07170895]
[1571896800, 6621, 6684.93, 6684.93, 6625, 70.69147381]
[1571893200, 6673, 6690.11, 6673, 6684.94, 36.35080755]
[1571889600, 6661, 6692.48, 6678.28, 6676.54, 23.52351064]
[1571886000, 6661, 6691.4, 6687.49, 6674.62, 9.52200082]
[1571882400, 6668.01, 6693.16, 6692.46, 6687.49, 9.59927788]
[1571878800, 6680.01, 6725.72, 6714.6, 6693.23, 15.35794247]
[1571875200, 6709.98, 6749.98, 6729.82, 6720.83, 11.43613005]
[1571871600, 6671.21, 6728.71, 6679.95, 6726.53, 18.69590915]
[1571868000, 6661.03, 6720.08, 6686.53, 6685.05, 81.93507176]
[1571864400, 6681.71, 6754.95, 6741.31, 6692.14, 98.29432035]
[1571860800, 6718.18, 6757.24, 6745.91, 6748.88, 58.16803248]
[1571857200, 6742, 6789.09, 6769.12, 6750.44, 102.42435744]
[1571853600, 6743.19, 6776.89, 6760.25, 6769.22, 81.91613865]
[1571850000, 6725.53, 6773, 6741.47, 6772.51, 69.26241095]
[1571846400, 6600.01, 6759.89, 6691.41, 6742.46, 302.05363391]
