[1550966400, 3631.01, 3640, 3631.01, 3638.52, 39.47761539]
[1550962800, 3630.17, 3641, 3637.15, 3631, 23.92427705]
[1550959200, 3625.01, 3639.99, 3629.56, 3637.15, 60.79648238]
[1550955600, 3628, 3650, 3648.44, 3628.45, 96.09067624]
[1550952000, 3620, 3662.04, 3620.01, 3648.43, 98.44615527]
[1550948400, 3608.49, 3645.24, 3608.49, 3620, 124.0534185]
[1550944800, 3599.99, 3649.99, 3600, 3608.5, 238.12394061]
[1550941200, 3474.42, 3600, 3489.99, 3600, 344.58354772]
[1550937600, 3468.84, 3489.99, 3468.96, 3489.99, 80.48597447]
[1550934000, 3463.55, 3476.4, 3476.36, 3468.97, 32.5661161]
[1550930400, 3472.1, 3478.1, 3474.88, 3476.39, 25.37526569]
[1550926800, 3472.02, 3478.82, 3478.76, 3474.89, 25.01580957]
[1550923200, 3471.2, 3478.82, 3476.79, 3478.76, 19.59598564]
[1550919600, 3472.59, 3478.02, 3473.98, 3473.54, 26.80875297]
[1550916000, 3465.57, 3473.98, 3465.99, 3473.98, 20.90205346]
[1550912400, 3445, 3465.99, 3461.15, 3465.98, 23.17381668]
[1550908800, 3450, 3467.58, 3464.42, 3461.99, 19.00568224]
[1550905200, 3461.46, 3467.98, 3461.81, 3463.53, 15.70903973]
[1550901600, 3442.45, 3468.36, 3463.4, 3461.81, 29.77485114]
[1550898000, 3458.35, 3465.31, 3463.16, 3463.41, 5.71271472]
[1550894400, 3461.7, 3474, 3473.99, 3463.89, 5.28101087]
[1550890800, 3470, 3474, 3473.01, 3473.2, 4.54442935]
[1550887200, 3466.17, 3473.42, 3471.15, 3473, 3.95390805]
[1550883600, 3461.68, 3473.35, 3461.69, 3471.14, 8.23958009]
[1550880000, 3449, 3471.64, 3471.63, 3460.68, 121.4344281]
[1550876400, 3471.63, 3482.53, 3481.72, 3471.75, 48.89203889]
[1550872800, 3480.24, 3485, 3482.49, 3481.17, 20.85315844]
[1550869200, 3469.8, 3482.55, 3471.01, 3482.5, 19.4846662]
[1550865600, 3471, 3479.01, 3475.06, 3471.02, 20.14990731]
[1550862000, 3472.93, 3482.5, 3478.58, 3475.06, 73.76622141]
[1550858400, 3476.5, 3482.4, 3476.65, 3478.58, 60.04676446]
[1550854800, 3463.01, 3476.66, 3466.53, 3476.66, 69.46943611]
[1550851200, 3464.12, 3476.21, 3470.28, 3466.52, 54.99372223]
[1550847600, 3459, 3484.76, 3482.65, 3470.28, 92.26182107]
[1550844000, 3472.72, 3488.94, 3487.01, 3482.65, 58.03378235]
[1550840400, 3474.45, 3489.12, 3474.46, 3487, 71.25328479]
[1550836800, 3464.37, 3482.19, 3464.37, 3474.46, 64.51089735]
[1550833200, 3456.41, 3465.54, 3462.68, 3464.38, 71.47027925]
[1550829600, 3455, 3464.3, 3457.98, 3463.02, 104.8236426]
[1550826000, 3456.35, 3465, 3462.39, 3457.98, 106.58699863]
[1550822400, 3434.01, 3465, 3434.54, 3462.39, 101.08634275]
[1550818800, 3428.16, 3444.17, 3443.94, 3435.11, 50.9050544]
[1550815200, 3442, 3449.99, 3449.99, 3444.3, 26.05795413]
[1550811600, 3448.74, 3449.99, 3448.75, 3449.99, 15.54774432]
[1550808000, 3448.74, 3449, 3448.99, 3448.75, 6.9225164]
[1550804400, 3448.79, 3449, 3448.8, 3449, 5.09713859]
[1550800800, 3443.86, 3448.8, 3444.64, 3448.79, 107.94088073]
[1550797200, 3440.18, 3446.83, 3440.35, 3444.63, 39.2527324]
[1550793600, 3440.01, 3445.23, 3440.02, 3440.34, 25.79469782]
[1550790000, 3435, 3440.03, 3435.01, 3440.02, 16.54745612]
[1550786400, 3435, 3444.99, 3444.16, 3435, 30.39450757]
[1550782800, 3436.21, 3446.99, 3437.13, 3443.08, 25.88120324]
[1550779200, 3433.84, 3442, 3433.84, 3438.71, 32.7411886]
[1550775600, 3427.62, 3438.41, 3429.54, 3433.83, 47.06060154]
[1550772000, 3428.57, 3442.91, 3442.91, 3429.52, 57.93409775]
[1550768400, 3431.51, 3445, 3432.47, 3442.91, 47.64183438]
[1550764800, 3430, 3440.53, 3439.46, 3433.07, 57.87578115]
[1550761200, 3433.01, 3467.62, 3445.3, 3439.45, 167.31972409]
[1550757600, 3443.21, 3449.49, 3446.33, 3445.31, 72.30105473]
[1550754000, 3430.38, 3450, 3438, 3447.56, 61.19489212]
[1550750400, 3435, 3444.11, 3441.43, 3438.03, 48.57093935]
[1550746800, 3416.03, 3461.94, 3438.13, 3441.21, 225.6618935]
[1550743200, 3435.89, 3451.3, 3444.1, 3438.14, 77.59551229]
[1550739600, 3419.76, 3464.07, 3454.04, 3444.68, 124.97998032]
[1550736000, 3454.03, 3476.08, 3474.63, 3454.04, 93.54267888]
[1550732400, 3466.12, 3478.11, 3466.93, 3474.62, 63.83738339]
[1550728800, 3463.01, 3499, 3482.99, 3466.93, 103.69015414]
[1550725200, 3463, 3483, 3463.43, 3483, 19.67933661]
[1550721600, 3462.65, 3474.82, 3472.39, 3463.41, 6.69894508]
[1550718000, 3459.05, 3471.27, 3460.66, 3471.27, 14.82658414]
[1550714400, 3456.3, 3462, 3458.33, 3460.02, 16.1935489]
[1550710800, 3455.18, 3463.27, 3461.94, 3458.8, 11.09961186]
[1550707200, 3454.11, 3474.8, 3474.8, 3462.33, 25.90285659]
[1550703600, 3460.95, 3474.8, 3465, 3474.79, 57.57956651]
[1550700000, 3453.29, 3466.89, 3454.79, 3465.01, 32.41507136]
[1550696400, 3451.95, 3476, 3467, 3451.95, 59.66927219]
[1550692800, 3457.51, 3470, 3459.38, 3466.99, 70.53020957]
[1550689200, 3448.13, 3459.99, 3453, 3459.38, 89.6057626]
[1550685600, 3440.16, 3454.04, 3454.04, 3453, 73.78174325]
[1550682000, 3448.16, 3469.24, 3456.74, 3454.04, 61.26253485]
[1550678400, 3446.78, 3461, 3453.98, 3456.74, 50.02183228]
[1550674800, 3444, 3469.41, 3465.45, 3453.98, 85.50686277]
[1550671200, 3450, 3475.84, 3458.95, 3465.45, 110.69875298]
[1550667600, 3451.82, 3489.5, 3482.14, 3458.93, 91.3495185]
[1550664000, 3471.33, 3484.09, 3471.36, 3482.14, 128.30235021]
[1550660400, 3470, 3478.07, 3476, 3471.37, 67.40664948]
[1550656800, 3450.21, 3489.99, 3452.71, 3476.01, 92.15770006]
[1550653200, 3443.08, 3460.56, 3460.56, 3454.24, 106.48183037]
[1550649600, 3432.28, 3461, 3438.61, 3460.56, 72.40913685]
[1550646000, 3430.21, 3448, 3430.21, 3438.61, 41.46051604]
[1550642400, 3423, 3436.85, 3431, 3430.2, 24.84657762]
[1550638800, 3425.01, 3434.19, 3434.19, 3430.63, 10.09520931]
[1550635200, 3434.19, 3445.41, 3445.4, 3434.2, 5.04257159]
[1550631600, 3441.96, 3445.41, 3441.97, 3445.4, 4.03934109]
[1550628000, 3422.51, 3441.89, 3435.28, 3441.89, 6.98518306]
[1550624400, 3419.54, 3435.76, 3420, 3435.26, 31.2330926]
[1550620800, 3420, 3440.36, 3435.48, 3420.01, 27.06010695]
[1550617200, 3435.48, 3453.5, 3453.5, 3435.48, 44.45367084]
[1550613600, 3431.02, 3455.55, 3431.02, 3450.85, 38.01899167]
[1550610000, 3422.12, 3476.35, 3470.62, 3431.03, 89.00782102]
[1550606400, 3468.42, 3487.99, 3485, 3470, 55.91866858]
[1550602800, 3468.16, 3485, 3468.17, 3485, 58.67815818]
[1550599200, 3458.62, 3473.49, 3470.97, 3468.17, 46.48703771]
[1550595600, 3461, 3486.97, 3480.7, 3471.05, 88.07202203]
[1550592000, 3480, 3499.5, 3493.75, 3480.7, 108.52596843]
[1550588400, 3478.24, 3500, 3486.01, 3496.44, 90.06143613]
[1550584800, 3464.01, 3517.9, 3500, 3486.01, 164.1282646]
[1550581200, 3446, 3500, 3449, 3500, 216.7028321]
[1550577600, 3439.07, 3450, 3439.21, 3449, 99.31390481]
[1550574000, 3426.18, 3440, 3430.98, 3439.32, 117.6826435]
[1550570400, 3420.02, 3439.99, 3424.99, 3431.87, 135.54528467]
[1550566800, 3421, 3449.74, 3444, 3425, 149.1830364]
[1550563200, 3440.49, 3447, 3446.52, 3444.01, 86.05746306]
[1550559600, 3432, 3447.59, 3434.21, 3446.51, 93.93692324]
[1550556000, 3421.65, 3434.88, 3428, 3434.29, 35.26629921]
[1550552400, 3420, 3438.99, 3429.46, 3427.87, 30.04119624]
[1550548800, 3423.61, 3430, 3423.62, 3429.46, 9.25890783]
[1550545200, 3410.66, 3426.07, 3412.95, 3422.67, 5.94316643]
[1550541600, 3410.01, 3430, 3421.91, 3410.01, 5.16851439]
[1550538000, 3402.1, 3474.04, 3473.84, 3420, 39.7507451]
[1550534400, 3421.99, 3480.67, 3422, 3473.7, 93.46364158]
[1550530800, 3410, 3425.54, 3411.57, 3421.99, 30.9675592]
[1550527200, 3371.06, 3411.57, 3406, 3411.57, 145.73454987]
[1550523600, 3405.99, 3425, 3420.83, 3406.01, 56.62352077]
[1550520000, 3410, 3422.98, 3421.34, 3420.17, 96.50039962]
[1550516400, 3421.18, 3440.04, 3440.01, 3422.27, 96.87091255]
[1550512800, 3419.99, 3445, 3420, 3440.01, 122.22968112]
[1550509200, 3395.05, 3430, 3420, 3419.99, 168.27424607]
[1550505600, 3368.04, 3461.84, 3372.01, 3420.01, 265.10488829]
[1550502000, 3344.34, 3372.01, 3365, 3372.01, 119.02916083]
[1550498400, 3346.21, 3383.93, 3355.58, 3365.01, 170.94271574]
[1550494800, 3289.61, 3376.69, 3301.05, 3353.01, 208.16539879]
[1550491200, 3275, 3309.9, 3277.34, 3301.05, 141.3081446]
[1550487600, 3264.98, 3283.1, 3264.98, 3277.33, 97.23836911]
[1550484000, 3264, 3290.39, 3281.02, 3264.98, 122.3539727]
[1550480400, 3274.28, 3288.31, 3274.28, 3280.02, 76.80628685]
[1550476800, 3271, 3287.79, 3271.01, 3275.71, 52.12351669]
[1550473200, 3268, 3299.32, 3268, 3271.01, 167.10982891]
[1550469600, 3249.06, 3269.8, 3253.59, 3268, 92.28456798]
[1550466000, 3240, 3254.54, 3248.58, 3254.02, 16.31559616]
[1550462400, 3244.98, 3259.99, 3258, 3250, 11.40406814]
[1550458800, 3244.98, 3263, 3244.98, 3258, 36.31117939]
[1550455200, 3219.17, 3244.99, 3228, 3244.99, 38.48157487]
[1550451600, 3210.5, 3297, 3240, 3228.01, 161.50346867]
[1550448000, 3207.11, 3240, 3213.92, 3239.99, 68.90219502]
[1550444400, 3194.01, 3220, 3194.02, 3214.74, 65.45276858]
[1550440800, 3180.39, 3199.5, 3180.39, 3194.02, 27.06595887]
[1550437200, 3172.09, 3193.68, 3172.68, 3179.82, 39.15599138]
[1550433600, 3171.35, 3173.57, 3171.53, 3172.69, 18.12435605]
[1550430000, 3171.11, 3173.79, 3172.92, 3171.54, 19.87114337]
[1550426400, 3172, 3175, 3174.33, 3172.93, 18.34812322]
[1550422800, 3171.85, 3175, 3172.71, 3174.3, 30.99820619]
[1550419200, 3170.02, 3174.86, 3171.22, 3172.7, 28.65615379]
[1550415600, 3170.03, 3175.98, 3175.66, 3171.21, 28.4651992]
[1550412000, 3168.98, 3176.5, 3168.99, 3175.68, 30.68250679]
[1550408400, 3166, 3175.66, 3175.66, 3168.99, 56.30405024]
[1550404800, 3175.65, 3184.47, 3184.47, 3175.65, 82.64115667]
[1550401200, 3182.16, 3190.24, 3185.81, 3184.46, 26.9334773]
[1550397600, 3179.99, 3241.48, 3189.98, 3185.81, 205.90605916]
[1550394000, 3184.98, 3189.99, 3184.99, 3189.99, 42.68128025]
[1550390400, 3183.83, 3184.99, 3183.84, 3184.99, 28.27446696]
[1550386800, 3179.99, 3183.84, 3180, 3183.84, 6.81323788]
[1550383200, 3179.99, 3180, 3179.99, 3179.99, 3.55866139]
[1550379600, 3179.99, 3180, 3180, 3179.99, 6.20806899]
[1550376000, 3179.99, 3180, 3179.99, 3180, 2.60868466]
[1550372400, 3179.99, 3180, 3180, 3180, 4.5247994]
[1550368800, 3177.57, 3180, 3178.24, 3180, 4.28548131]
[1550365200, 3176.65, 3180.26, 3178.01, 3178.51, 6.94699906]
[1550361600, 3178, 3180.9, 3178.01, 3178.01, 9.09546617]
[1550358000, 3178, 3183.83, 3183.83, 3178, 17.87064752]
[1550354400, 3182.08, 3185.06, 3185.05, 3183.92, 15.34266772]
[1550350800, 3184.75, 3189, 3188.99, 3185.05, 21.23263637]
[1550347200, 3185, 3188.99, 3185.18, 3188.99, 25.78600918]
[1550343600, 3185, 3185.18, 3185.16, 3185.18, 16.01846264]
[1550340000, 3182.22, 3188.89, 3187.01, 3185.15, 30.83165109]
[1550336400, 3184.04, 3190.65, 3189.55, 3185.34, 23.49020378]
[1550332800, 3186.8, 3191.45, 3190.87, 3189.56, 32.44091818]
[1550329200, 3186.8, 3195.01, 3195.01, 3190.88, 27.2704816]
[1550325600, 3188.26, 3195.62, 3189.06, 3195, 20.18498267]
[1550322000, 3181.94, 3189.06, 3181.94, 3189.06, 22.98104344]
[1550318400, 3178.75, 3188, 3182.02, 3180.52, 34.93992716]
[1550314800, 3180.02, 3183.4, 3182.39, 3182.03, 20.81437434]
[1550311200, 3180.21, 3185, 3182.77, 3182.49, 34.49537749]
[1550307600, 3180, 3182.8, 3181.96, 3182.77, 23.34106346]
[1550304000, 3178, 3182, 3178, 3181.93, 22.41871785]
[1550300400, 3172.72, 3178, 3172.72, 3178, 12.27221546]
[1550296800, 3169.98, 3173, 3169.99, 3172.72, 24.86337255]
[1550293200, 3169.98, 3169.99, 3169.98, 3169.98, 6.4440474]
[1550289600, 3169.98, 3169.99, 3169.99, 3169.99, 29.80654648]
[1550286000, 3169.98, 3169.99, 3169.99, 3169.98, 14.8409804]
[1550282400, 3169.97, 3169.99, 3169.97, 3169.98, 3.40922139]
[1550278800, 3168.02, 3169.99, 3168.02, 3169.99, 14.99911201]
[1550275200, 3168, 3169.11, 3169.11, 3168.01, 9.78828185]
[1550271600, 3163.67, 3169.11, 3167.13, 3169.1, 12.67974155]
[1550268000, 3161.09, 3168.52, 3166.47, 3167.13, 19.13028534]
[1550264400, 3161.07, 3169.85, 3162.08, 3166.49, 39.58546523]
[1550260800, 3161.07, 3168.95, 3162.35, 3162.08, 35.74265842]
[1550257200, 3160.85, 3169.79, 3167.01, 3162.35, 51.06876332]
[1550253600, 3167, 3170.01, 3168.45, 3167.01, 32.82449606]
[1550250000, 3165, 3173, 3165, 3167.09, 44.32262536]
[1550246400, 3162.26, 3166.18, 3162.26, 3165, 42.1797293]
