[1560326400, 7029, 7063.35, 7063.34, 7047.67, 36.00839234]
[1560322800, 7014.96, 7074.81, 7021.05, 7066.07, 37.61607872]
[1560319200, 7017.55, 7042, 7038.75, 7024.93, 34.15517863]
[1560315600, 7021.82, 7054.01, 7053.63, 7041.97, 34.86794374]
[1560312000, 7034.38, 7068.49, 7053.79, 7050.64, 10.74848471]
[1560308400, 7036.14, 7129, 7091.99, 7053.87, 23.50880804]
[1560304800, 6942.17, 7106.76, 6943.27, 7091.9, 55.37793875]
[1560301200, 6915.59, 6961.32, 6915.99, 6951.34, 14.43951264]
[1560297600, 6915, 7001.51, 6986.84, 6915.01, 16.55219063]
[1560294000, 6979.96, 7012.5, 6986.96, 6986.85, 25.31093877]
[1560290400, 6979.71, 7012.25, 6987.09, 6979.71, 26.11602422]
[1560286800, 6987.48, 7025, 7004.98, 6999.25, 37.84275275]
[1560283200, 6971.09, 7050, 6980.03, 7005, 135.26484778]
[1560279600, 6949.52, 6985.68, 6959.99, 6985.4, 37.83638738]
[1560276000, 6950, 6999.99, 6970.99, 6960, 53.2119008]
[1560272400, 6938.44, 6986.38, 6949.96, 6971, 47.44157216]
[1560268800, 6829, 6969, 6895, 6949.97, 98.26699537]
[1560265200, 6865, 6910.93, 6899.97, 6895, 47.81321646]
[1560261600, 6865.12, 6929.96, 6917.63, 6898.17, 56.43720575]
[1560258000, 6888.85, 6918.99, 6891.92, 6917.62, 31.58899071]
[1560254400, 6865.47, 6914.22, 6891.52, 6891.91, 50.85632601]
[1560250800, 6850, 6928.16, 6920.28, 6897.43, 87.12546865]
[1560247200, 6867, 7027.32, 7012.91, 6923.48, 150.46863274]
[1560243600, 7012.91, 7052.59, 7034.03, 7012.91, 29.81946006]
[1560240000, 7005.85, 7041.98, 7015.16, 7037.87, 39.87181004]
[1560236400, 6985.14, 7030.41, 7018.28, 7020.47, 52.17321533]
[1560232800, 7012.72, 7032.99, 7032.99, 7018.28, 35.37925042]
[1560229200, 7015.71, 7043.14, 7029.48, 7033.21, 9.2745636]
[1560225600, 7025.29, 7044.68, 7044.68, 7025.29, 11.06602366]
[1560222000, 7022.99, 7044.68, 7034, 7044.68, 4.17993326]
[1560218400, 7030.19, 7057.73, 7048.93, 7035.4, 8.61496806]
[1560214800, 7043.99, 7076.02, 7068.99, 7049.3, 7.0377604]
[1560211200, 7037.77, 7119, 7093.6, 7069, 31.36196377]
[1560207600, 7031.25, 7093.98, 7040.44, 7093.81, 32.38724399]
[1560204000, 7021.59, 7060.61, 7028.99, 7040.63, 24.94307847]
[1560200400, 7000, 7030, 7025.46, 7029, 38.25649239]
[1560196800, 7000, 7082.56, 7052.84, 7029.31, 70.05752391]
[1560193200, 7019.2, 7087.23, 7027.9, 7053.23, 45.74947184]
[1560189600, 7006.84, 7048.6, 7024.99, 7028.76, 45.0547139]
[1560186000, 7000, 7030, 7019.07, 7025, 45.17318024]
[1560182400, 7005.78, 7070, 7028.23, 7021.97, 49.87293588]
[1560178800, 6971.01, 7037.92, 7030, 7035.89, 99.77376783]
[1560175200, 7028.74, 7066, 7035.42, 7030.01, 70.16185352]
[1560171600, 7015.49, 7078.18, 7069, 7036.69, 63.24716887]
[1560168000, 7026.6, 7174.97, 7028.55, 7066.38, 224.96266187]
[1560164400, 6755, 7079, 6790.63, 7038.52, 202.52680801]
[1560160800, 6779.45, 6832.3, 6821.1, 6790.64, 57.40520971]
[1560157200, 6819.81, 6853.84, 6839.2, 6822.08, 39.38750053]
[1560153600, 6837.68, 6865.15, 6851.03, 6839.11, 58.49397417]
[1560150000, 6830.27, 6878.16, 6830.27, 6852.36, 47.46884278]
[1560146400, 6771.83, 6863.49, 6771.83, 6830.26, 37.91460382]
[1560142800, 6755.15, 6784.93, 6780.39, 6771.83, 9.27033557]
[1560139200, 6763.25, 6800, 6794.99, 6780.39, 22.67058461]
[1560135600, 6774.97, 6810, 6783.11, 6792.61, 3.32269674]
[1560132000, 6734.98, 6802.06, 6759.57, 6774.17, 15.94870072]
[1560128400, 6739.56, 6808.2, 6741.96, 6759.57, 8.68158169]
[1560124800, 6659.53, 6786.83, 6781.39, 6738.8, 47.24758938]
[1560121200, 6705.01, 6809.38, 6738.06, 6788.96, 46.1363518]
[1560117600, 6685.93, 6791.55, 6784, 6738.56, 110.3597191]
[1560114000, 6783.9, 6881, 6846.01, 6784.91, 99.57762694]
[1560110400, 6808.87, 6883.43, 6882.61, 6848.74, 31.57914476]
[1560106800, 6806.17, 6891.92, 6810.11, 6881.3, 37.38903058]
[1560103200, 6780.5, 6825.48, 6785.07, 6809.96, 34.34812808]
[1560099600, 6750, 6814.49, 6777.09, 6792.85, 43.67845809]
[1560096000, 6750, 6869.73, 6867.96, 6779.55, 83.45328804]
[1560092400, 6857.13, 6892.24, 6872.75, 6873.94, 27.76458439]
[1560088800, 6821.32, 6885.28, 6873.21, 6872.75, 33.24513075]
[1560085200, 6827.02, 6902.12, 6879.01, 6873.26, 57.16157274]
[1560081600, 6834.53, 6971.7, 6968.51, 6889.17, 98.65213931]
[1560078000, 6967.22, 6995, 6986.73, 6968.68, 12.96657932]
[1560074400, 6965, 6994.99, 6985.98, 6988.46, 15.85266221]
[1560070800, 6981.01, 7010, 7009.04, 6994.22, 22.40994337]
[1560067200, 6994.2, 7034.3, 7011.06, 7001.82, 19.20434527]
[1560063600, 6963.32, 7024.67, 6979.15, 7013.85, 16.18575941]
[1560060000, 6961.03, 6990.17, 6990.17, 6980.23, 3.60418773]
[1560056400, 6973.34, 6991.63, 6973.34, 6989.02, 6.26938153]
[1560052800, 6963.5, 6987.76, 6987.76, 6972.79, 4.29209516]
[1560049200, 6960.08, 6991.49, 6963.33, 6981.69, 3.7093062]
[1560045600, 6954.02, 6980.04, 6980.01, 6964.78, 5.10359475]
[1560042000, 6969.08, 7004.91, 6984.65, 6980.01, 4.08045347]
[1560038400, 6969.44, 7032.44, 7005.45, 6985.14, 10.57925114]
[1560034800, 7005.55, 7043.7, 7029.32, 7005.99, 15.27693305]
[1560031200, 6980, 7033.1, 6982.01, 7031, 31.84922142]
[1560027600, 6957.79, 6999.71, 6957.79, 6982.01, 25.03764674]
[1560024000, 6926.13, 6960.8, 6926.13, 6960.5, 15.98601701]
[1560020400, 6918.2, 6950, 6928.86, 6929.88, 18.11326592]
[1560016800, 6905.01, 6949.03, 6932.78, 6934.53, 30.43350022]
[1560013200, 6870.85, 6949.99, 6942.34, 6938.17, 97.7614423]
[1560009600, 6913.38, 7020, 7015.34, 6935.09, 43.71007375]
[1560006000, 6967.41, 7032.34, 7013.62, 7023.37, 41.91622755]
[1560002400, 7000.59, 7048.09, 7040.53, 7019.13, 21.9500116]
[1559998800, 7000.28, 7049.56, 7029.92, 7040.45, 26.74400244]
[1559995200, 7007.25, 7084.97, 7074.89, 7029.98, 15.79239187]
[1559991600, 7053.02, 7085.05, 7056.7, 7074.88, 12.01317388]
[1559988000, 7053.02, 7099, 7073.3, 7056.94, 18.74644342]
[1559984400, 7037.95, 7077.5, 7052.27, 7066.6, 22.38709562]
[1559980800, 7009.38, 7057.64, 7018.63, 7045.62, 14.5527385]
[1559977200, 6982.72, 7032.6, 6998.3, 7025.04, 17.35745778]
[1559973600, 6987.33, 7037.4, 7030.03, 7001.53, 28.03318165]
[1559970000, 7029.25, 7074.05, 7062.65, 7030.03, 7.35251614]
[1559966400, 7026.39, 7062.44, 7032.82, 7062.4, 7.55900829]
[1559962800, 7040, 7059.3, 7049.78, 7040, 3.62258651]
[1559959200, 7018.88, 7052.75, 7051, 7051.04, 17.74925992]
[1559955600, 7054.9, 7115.03, 7107.72, 7054.9, 7.66897637]
[1559952000, 7055.01, 7122.43, 7070, 7109.19, 11.04289853]
[1559948400, 7070, 7129, 7100.84, 7071.62, 23.89853744]
[1559944800, 7023.52, 7102, 7030.03, 7100.8, 30.45676364]
[1559941200, 6962.29, 7036.97, 6978.48, 7030.03, 45.64959304]
[1559937600, 6961.47, 7079.03, 7047, 6978.48, 82.78786104]
[1559934000, 7029.48, 7166.09, 7160.94, 7047.01, 73.59978341]
[1559930400, 7141.99, 7189.99, 7143.58, 7162.51, 80.95041077]
[1559926800, 7114.63, 7166, 7114.63, 7151.31, 68.113081]
[1559923200, 7012.4, 7167.96, 7039.5, 7120.61, 161.42679716]
[1559919600, 7005.01, 7041.89, 7010.14, 7039.5, 81.47057368]
[1559916000, 7006.57, 7066.52, 7062.98, 7009.22, 43.06035811]
[1559912400, 7007.56, 7065.27, 7007.99, 7062.99, 59.22371056]
[1559908800, 7000.66, 7059.84, 7031.74, 7007.46, 50.12371549]
[1559905200, 7031, 7093.14, 7072.41, 7031.5, 44.96094265]
[1559901600, 7068.57, 7103.84, 7077.05, 7075.63, 53.66490962]
[1559898000, 7055.03, 7101.87, 7087.71, 7077.05, 87.10333209]
[1559894400, 7060.07, 7130.04, 7060.87, 7088.49, 141.43507444]
[1559890800, 7031.26, 7122, 7036.75, 7064.99, 171.87095058]
[1559887200, 6934.23, 7061.57, 6936.02, 7036.75, 127.7598631]
[1559883600, 6907, 6937.98, 6920.81, 6936.46, 22.51858841]
[1559880000, 6900.78, 6943.22, 6934.03, 6918.65, 12.43730924]
[1559876400, 6899.98, 6936.42, 6900, 6933.61, 9.45919401]
[1559872800, 6890.26, 6925, 6919.67, 6899.99, 3.25813158]
[1559869200, 6892.04, 6934.58, 6915.05, 6921.87, 3.63515137]
[1559865600, 6900.99, 6946.11, 6923.78, 6910.38, 32.85731437]
[1559862000, 6849.99, 6941.56, 6853.62, 6923.64, 48.29403314]
[1559858400, 6841, 6872.17, 6866.63, 6852.1, 52.41036901]
[1559854800, 6822.48, 6874.9, 6824.78, 6866.62, 48.9087574]
[1559851200, 6733.78, 6849.99, 6746.42, 6830.87, 75.31278299]
[1559847600, 6712.26, 6766.47, 6746.79, 6746.41, 67.9550713]
[1559844000, 6615, 6788.99, 6788.99, 6745.77, 274.96906744]
[1559840400, 6774.63, 6842, 6838.8, 6788.86, 76.89752478]
[1559836800, 6815.56, 6857.75, 6839.75, 6837.32, 45.7340869]
[1559833200, 6800, 6845.85, 6824.84, 6832.66, 43.32002173]
[1559829600, 6750.69, 6887.1, 6886.41, 6824.84, 104.03232816]
[1559826000, 6801.17, 6895.13, 6881.52, 6884.31, 107.74549881]
[1559822400, 6852.85, 6983.97, 6975.88, 6882.68, 93.71682832]
[1559818800, 6946.82, 6990, 6962, 6980.57, 51.08565308]
[1559815200, 6917.02, 6962.46, 6930.02, 6962, 58.29821875]
[1559811600, 6919.44, 6965, 6958.45, 6929.98, 90.56676839]
[1559808000, 6909.41, 6960, 6917.66, 6959.29, 71.49269651]
[1559804400, 6913.44, 6984.65, 6975.33, 6920.99, 54.3009998]
[1559800800, 6942.69, 6984.98, 6950, 6970.48, 40.74607971]
[1559797200, 6925.46, 6985.26, 6982.82, 6950.32, 25.27723026]
[1559793600, 6962.21, 7009.96, 7006.6, 6982.83, 12.06597507]
[1559790000, 6970.6, 7010, 6970.61, 7006.6, 4.76038809]
[1559786400, 6960, 7000.17, 6987.83, 6970.61, 22.88637945]
[1559782800, 6943.76, 7005.43, 6945.78, 6985.55, 30.59320799]
[1559779200, 6923.15, 6972.7, 6934.49, 6948.38, 17.9574156]
[1559775600, 6930, 6985, 6940.64, 6930, 24.58078919]
[1559772000, 6865, 6954.89, 6904.27, 6954.62, 31.4637872]
[1559768400, 6795.76, 6918.5, 6899.98, 6904.29, 63.10254301]
[1559764800, 6846.18, 7071.2, 6950.74, 6897.23, 171.06472599]
[1559761200, 6925.28, 6997.37, 6928, 6958.03, 56.87686999]
[1559757600, 6902.87, 6965.29, 6950.75, 6928, 82.38467975]
[1559754000, 6884.84, 6984.49, 6918.14, 6957.07, 87.31945419]
[1559750400, 6801.2, 6930, 6801.21, 6912.68, 127.74691328]
[1559746800, 6751.65, 6861.35, 6832.03, 6814.24, 140.4423267]
[1559743200, 6795.15, 6930.04, 6906.86, 6837.98, 126.9201767]
[1559739600, 6878.17, 6923.14, 6887.99, 6906.42, 58.71556585]
[1559736000, 6881, 6944.44, 6933.17, 6895.34, 79.66030852]
[1559732400, 6902.89, 7019.72, 7000, 6938.63, 91.49331306]
[1559728800, 6900.98, 7037.97, 6930.1, 6997.17, 104.60161761]
[1559725200, 6900.96, 6958.14, 6933.76, 6930.4, 55.23283062]
[1559721600, 6912.4, 6975, 6959.34, 6938.91, 83.2984899]
[1559718000, 6879.74, 6968.89, 6895.12, 6960, 112.65565157]
[1559714400, 6835.98, 6913.1, 6888.52, 6895.12, 88.25480631]
[1559710800, 6884.17, 6950, 6926.03, 6884.17, 43.9921848]
[1559707200, 6895.08, 6952.78, 6931.43, 6922.39, 22.57776944]
[1559703600, 6921.87, 6972.3, 6969.08, 6929.6, 13.15679209]
[1559700000, 6885.01, 7001.35, 6890.09, 6969.41, 56.13951201]
[1559696400, 6871.48, 6918.95, 6894.79, 6891.09, 9.66050052]
[1559692800, 6816.54, 6924.07, 6822.06, 6887.25, 63.01454216]
[1559689200, 6771.14, 6825.25, 6800.12, 6817.39, 32.85932321]
[1559685600, 6611.02, 6817.97, 6624.36, 6801.67, 120.19765464]
[1559682000, 6611, 6858.98, 6810, 6624.38, 209.80570658]
[1559678400, 6726.69, 6820, 6752.97, 6810.01, 115.01629647]
[1559674800, 6675, 6826.84, 6808.43, 6755.47, 302.43227496]
[1559671200, 6753.3, 6868.98, 6755.63, 6808.42, 189.87673475]
[1559667600, 6742.29, 7056.98, 7042, 6753.23, 526.1387571]
[1559664000, 7020.01, 7092.23, 7064.28, 7040.33, 62.47247301]
[1559660400, 7053.09, 7124.85, 7092.21, 7071.7, 64.02705094]
[1559656800, 7089.34, 7133.92, 7132, 7091.96, 58.62983828]
[1559653200, 7067.02, 7146.35, 7072.59, 7134.24, 138.66624126]
[1559649600, 7001, 7075, 7038.66, 7074.99, 72.44537394]
[1559646000, 7016.64, 7087.19, 7074.26, 7040, 97.60027727]
[1559642400, 7055.05, 7100, 7071.94, 7074.27, 83.8955358]
[1559638800, 7025.92, 7092.3, 7065.42, 7071.94, 118.55988345]
[1559635200, 6987.84, 7074.71, 6987.84, 7065.84, 242.37783239]
[1559631600, 6876, 7000, 6959.85, 6989, 324.82076116]
[1559628000, 6930.71, 7060, 7059.99, 6959.1, 251.7053225]
[1559624400, 7048.74, 7121, 7098.38, 7069.8, 154.49729812]
[1559620800, 7002, 7112.76, 7041.23, 7094.57, 105.27797351]
[1559617200, 7023.16, 7157.76, 7150.05, 7024.05, 46.6859763]
[1559613600, 7081.89, 7163.36, 7119.08, 7157.77, 50.57038291]
[1559610000, 7071.01, 7165.87, 7095.73, 7119.09, 70.89696456]
[1559606400, 6917.29, 7231.45, 7231.45, 7095.71, 604.27404316]
