[1576886400, 6473.95, 6497.11, 6495.69, 6485.57, 11.66733997]
[1576882800, 6480.71, 6498.47, 6496.02, 6492.48, 14.83529395]
[1576879200, 6479.99, 6506.22, 6497.9, 6491.71, 111.02526292]
[1576875600, 6495, 6516.11, 6516.11, 6497.88, 33.78451578]
[1576872000, 6493.69, 6525, 6500.58, 6516.11, 50.86040842]
[1576868400, 6493.07, 6517.55, 6509.73, 6506.53, 20.4556157]
[1576864800, 6478.98, 6520.5, 6488.67, 6509.21, 60.59933612]
[1576861200, 6455.22, 6499.58, 6467.91, 6493.61, 40.41772939]
[1576857600, 6433.95, 6476.35, 6459.52, 6467.66, 112.42662461]
[1576854000, 6450, 6515, 6491.92, 6459.98, 59.21783279]
[1576850400, 6453.49, 6496.9, 6473.71, 6495.36, 45.94965584]
[1576846800, 6456.13, 6492.5, 6471.3, 6476.44, 135.48558945]
[1576843200, 6431.92, 6486.47, 6439.48, 6473.12, 113.160822]
[1576839600, 6423.48, 6444, 6425.37, 6442.76, 36.96052435]
[1576836000, 6395.77, 6430.98, 6414.63, 6427.41, 67.34731587]
[1576832400, 6410.15, 6437.68, 6410.15, 6419.87, 44.98719312]
[1576828800, 6385, 6450, 6429.87, 6410.16, 47.01601237]
[1576825200, 6400.03, 6435.44, 6401.14, 6429.89, 44.04032807]
[1576821600, 6375.02, 6414.68, 6380, 6404.3, 24.18803779]
[1576818000, 6380.01, 6414.87, 6414.29, 6386.2, 8.97848131]
[1576814400, 6409.75, 6422.87, 6416.49, 6414.29, 5.71166331]
[1576810800, 6408.87, 6426.95, 6414.69, 6419.38, 3.532156]
[1576807200, 6390.03, 6418.63, 6390.16, 6409.02, 2.87395518]
[1576803600, 6381.46, 6411.52, 6410.47, 6396.01, 4.03368306]
[1576800000, 6375, 6441.88, 6430.21, 6409.54, 37.27599252]
[1576796400, 6421.27, 6443.94, 6432.67, 6430.22, 12.51827659]
[1576792800, 6415.01, 6442.58, 6439.18, 6438.98, 24.0151443]
[1576789200, 6421.34, 6453.54, 6440.64, 6439.19, 20.47198499]
[1576785600, 6431.17, 6460, 6457.5, 6445.76, 45.65211257]
[1576782000, 6431.42, 6459, 6442.13, 6459, 29.3113789]
[1576778400, 6406.98, 6456.49, 6420.98, 6446.33, 26.47985937]
[1576774800, 6401.01, 6439.1, 6425.77, 6422.31, 37.23557725]
[1576771200, 6407.86, 6455.56, 6434.77, 6425.77, 37.32765018]
[1576767600, 6401.01, 6460, 6401.55, 6439.83, 48.89117439]
[1576764000, 6367.21, 6405, 6376.91, 6405, 57.22193262]
[1576760400, 6357.23, 6510, 6462.81, 6383.08, 136.39251136]
[1576756800, 6424.1, 6498.85, 6437.59, 6462.81, 100.3287806]
[1576753200, 6405, 6456.11, 6435.64, 6437.59, 86.98775992]
[1576749600, 6391.14, 6468.76, 6398, 6435.64, 131.10366721]
[1576746000, 6319.63, 6427.76, 6365.36, 6398, 141.49515511]
[1576742400, 6362.82, 6402.5, 6372.46, 6365.37, 61.00027113]
[1576738800, 6371.05, 6424.6, 6420.76, 6372.45, 99.44063244]
[1576735200, 6405.45, 6460.81, 6450.39, 6420.74, 40.86934777]
[1576731600, 6415.03, 6457.02, 6432.55, 6451.29, 46.33597656]
[1576728000, 6432.55, 6459.12, 6456.78, 6432.55, 8.33659172]
[1576724400, 6444.11, 6466.17, 6451.3, 6453.82, 5.0062877]
[1576720800, 6436.55, 6480.57, 6453.17, 6443.48, 3.72793445]
[1576717200, 6432.32, 6530, 6524.5, 6456.46, 37.79635783]
[1576713600, 6505.09, 6639.69, 6556.97, 6530, 93.34763631]
[1576710000, 6522.8, 6715, 6713.85, 6559.74, 329.69228379]
[1576706400, 6421.2, 6715, 6421.27, 6697, 230.18688005]
[1576702800, 6415, 6494.46, 6422.82, 6429.17, 168.44746972]
[1576699200, 6272.85, 6519.08, 6293.85, 6415, 533.81432725]
[1576695600, 6189.7, 6294.18, 6196.01, 6294.11, 167.9651231]
[1576692000, 6157.58, 6207.34, 6193.53, 6196.01, 69.0376364]
[1576688400, 6170.01, 6248.3, 6208.47, 6198.98, 117.88663739]
[1576684800, 6116.1, 6236.73, 6152, 6208.47, 156.44751517]
[1576681200, 6035.84, 6198.48, 6035.84, 6151.11, 255.64440277]
[1576677600, 5978.83, 6089.03, 6012.25, 6036.13, 130.21870017]
[1576674000, 5810, 6042.52, 5897.28, 6025.76, 300.3214286]
[1576670400, 5853.64, 5977.91, 5960.6, 5897.19, 211.51245883]
[1576666800, 5951.22, 5997.29, 5990.86, 5964.85, 55.420944]
[1576663200, 5960.01, 5996.89, 5976, 5996.81, 37.74829614]
[1576659600, 5965.67, 5990.21, 5965.68, 5976.05, 54.04866791]
[1576656000, 5952.78, 5991.99, 5953.31, 5968.64, 53.96631816]
[1576652400, 5930.01, 5964.53, 5954.39, 5957.31, 47.55907478]
[1576648800, 5947.69, 6005.91, 5990.01, 5958.94, 55.05830267]
[1576645200, 5980, 6012.22, 6000.01, 5990.01, 26.3801471]
[1576641600, 5992.7, 6042.12, 6010.61, 6000.23, 14.228579]
[1576638000, 6006.86, 6044.08, 6018.05, 6010.61, 12.29023168]
[1576634400, 5980, 6033.19, 5989.93, 6025.08, 12.59473228]
[1576630800, 5963.73, 6000, 5965.94, 5989.55, 34.24176034]
[1576627200, 5930.08, 5970.97, 5946.96, 5965.95, 28.74659074]
[1576623600, 5903, 5951.55, 5917.87, 5946.96, 62.80420119]
[1576620000, 5902.7, 6003.9, 5944, 5917.87, 118.55866841]
[1576616400, 5904.41, 5950, 5920.32, 5945.34, 115.41480269]
[1576612800, 5907.44, 5955.91, 5939.87, 5920.32, 107.31060291]
[1576609200, 5919, 6029.04, 6026.1, 5947.25, 187.98098402]
[1576605600, 6020.08, 6038.27, 6024.18, 6026.1, 60.25314072]
[1576602000, 6012.25, 6051.98, 6050.78, 6029.82, 65.84428077]
[1576598400, 5965.12, 6063.75, 6005.01, 6051.99, 221.09457921]
[1576594800, 6005, 6059.55, 6053.89, 6009.12, 145.09575497]
[1576591200, 6006.01, 6083.39, 6083.37, 6054, 280.15683244]
[1576587600, 6031.1, 6169.81, 6163.04, 6083.39, 188.31508163]
[1576584000, 6159.06, 6219.98, 6219.43, 6164.22, 62.63589804]
[1576580400, 6170.02, 6219.98, 6180.12, 6219.98, 81.25448357]
[1576576800, 6166.23, 6188.88, 6166.23, 6181.12, 63.31593848]
[1576573200, 6166.25, 6181.74, 6168, 6166.25, 49.63218862]
[1576569600, 6158.01, 6172.04, 6164.54, 6167.99, 52.15854771]
[1576566000, 6158, 6172.77, 6170.62, 6167.06, 43.85947737]
[1576562400, 6165.33, 6177.58, 6173.02, 6172.57, 15.06583621]
[1576558800, 6160.7, 6181.38, 6168.85, 6176.99, 11.81747023]
[1576555200, 6149.24, 6172.43, 6168.57, 6170, 12.46545935]
[1576551600, 6137.62, 6180.29, 6175.9, 6168.57, 27.40307267]
[1576548000, 6169, 6180.53, 6175.63, 6179.92, 5.33013219]
[1576544400, 6169.36, 6183.93, 6179, 6174.92, 14.12068499]
[1576540800, 6176.46, 6193.57, 6176.46, 6177.95, 21.84423729]
[1576537200, 6158.5, 6188.38, 6174.47, 6179.91, 63.21696098]
[1576533600, 6163.1, 6187.58, 6170.81, 6178.5, 51.01148397]
[1576530000, 6150.32, 6189.03, 6150.32, 6170.81, 103.01112488]
[1576526400, 6134.54, 6195.8, 6186.64, 6156.94, 109.04756692]
[1576522800, 6171.79, 6215.81, 6202.12, 6186.63, 207.60001717]
[1576519200, 6146, 6373.58, 6366.93, 6202.12, 453.78949828]
[1576515600, 6356.27, 6371.81, 6360.57, 6366.81, 38.241867]
[1576512000, 6350.02, 6364.84, 6351.95, 6362.59, 34.43603528]
[1576508400, 6342.36, 6380.38, 6373.6, 6351.21, 41.84384661]
[1576504800, 6370, 6401.21, 6393.39, 6374.1, 65.10311028]
[1576501200, 6354.88, 6399.66, 6377, 6393.39, 74.60703233]
[1576497600, 6338.09, 6380, 6355, 6377.95, 79.9116923]
[1576494000, 6330.31, 6383.31, 6335, 6358.02, 102.05293077]
[1576490400, 6335, 6359.9, 6341.61, 6338.16, 93.49422884]
[1576486800, 6337, 6350.23, 6347.64, 6341.61, 53.55077314]
[1576483200, 6337, 6354.81, 6338, 6350.23, 43.7781647]
[1576479600, 6333.15, 6364.97, 6351.6, 6341.76, 20.81098417]
[1576476000, 6341.13, 6353.99, 6344.09, 6349.37, 13.11118574]
[1576472400, 6340, 6354.97, 6347.68, 6341.13, 10.33518756]
[1576468800, 6328.02, 6353.77, 6353.77, 6347.78, 5.84938025]
[1576465200, 6349.03, 6373.64, 6362.94, 6351.42, 2.69531501]
[1576461600, 6356.51, 6372.9, 6370.52, 6362.94, 6.07884734]
[1576458000, 6354.09, 6375.43, 6358.99, 6374.89, 4.40064305]
[1576454400, 6342.9, 6406.01, 6398.35, 6360.19, 20.7912119]
[1576450800, 6378.01, 6401.93, 6394.93, 6397.66, 9.55237398]
[1576447200, 6392.52, 6410, 6398.32, 6395.71, 16.35514464]
[1576443600, 6390.65, 6407.41, 6407.41, 6398.39, 20.00697957]
[1576440000, 6388.49, 6410, 6388.74, 6403.51, 15.21193359]
[1576436400, 6383.21, 6400, 6397.89, 6392.31, 19.43243874]
[1576432800, 6378.67, 6400, 6386.47, 6397.89, 11.55173383]
[1576429200, 6370.68, 6403.82, 6376.71, 6388, 28.29812331]
[1576425600, 6366.06, 6407, 6399.99, 6371.74, 21.67216249]
[1576422000, 6386.25, 6408.47, 6400.42, 6399.99, 64.87456896]
[1576418400, 6365.11, 6405.91, 6365.11, 6401.21, 29.49505997]
[1576414800, 6358.32, 6383.77, 6360.46, 6365.11, 18.06027374]
[1576411200, 6350.63, 6425, 6393.64, 6363.33, 69.39568445]
[1576407600, 6380, 6396.01, 6383.63, 6393.1, 13.48071074]
[1576404000, 6376, 6415.35, 6415.34, 6380, 42.35441042]
[1576400400, 6404.99, 6440, 6429.5, 6413.15, 87.70868273]
[1576396800, 6413.87, 6459.53, 6427.82, 6429.96, 29.29942869]
[1576393200, 6330.03, 6472.82, 6347.21, 6429, 53.5401669]
[1576389600, 6330.01, 6349.93, 6343.02, 6347.23, 9.15591173]
[1576386000, 6335.2, 6353.9, 6353.9, 6343.13, 9.53521752]
[1576382400, 6343.81, 6357.74, 6352.08, 6353.84, 5.51581524]
[1576378800, 6338.92, 6358.78, 6358.78, 6349.58, 3.17104667]
[1576375200, 6337.32, 6367, 6340, 6352.86, 7.86461746]
[1576371600, 6320, 6345.09, 6338.43, 6340, 10.31658887]
[1576368000, 6312.62, 6366.48, 6361.96, 6333, 30.52361543]
[1576364400, 6361.02, 6387, 6380.9, 6366.5, 19.97410837]
[1576360800, 6367.66, 6382.19, 6374.29, 6382.19, 12.89608083]
[1576357200, 6362.23, 6382.2, 6368.21, 6380.26, 12.14393983]
[1576353600, 6356.76, 6377.29, 6362.41, 6372.51, 65.35523719]
[1576350000, 6360.14, 6382.66, 6376.43, 6363.81, 17.2881961]
[1576346400, 6337.9, 6388.72, 6362.44, 6380.47, 71.67344676]
[1576342800, 6350.66, 6371.18, 6358.1, 6357.59, 31.04918046]
[1576339200, 6311, 6364.51, 6351.13, 6358.1, 55.28943103]
[1576335600, 6315, 6443.96, 6437.17, 6351.93, 167.5000432]
[1576332000, 6404.94, 6445.18, 6427.52, 6437.72, 30.67630646]
[1576328400, 6422.21, 6446.3, 6437.34, 6427.84, 18.05158964]
[1576324800, 6432.17, 6471.81, 6462.86, 6438.94, 42.02897678]
[1576321200, 6435, 6469.31, 6457.98, 6465.97, 30.71828672]
[1576317600, 6456.63, 6474.16, 6470.67, 6460.96, 17.45588081]
[1576314000, 6447.13, 6481.82, 6467.36, 6474.14, 29.0883398]
[1576310400, 6441, 6529.84, 6526.05, 6467.43, 64.02109062]
[1576306800, 6510.77, 6530.57, 6518.46, 6526.05, 5.15285782]
[1576303200, 6511.16, 6535.88, 6535.88, 6516.16, 11.37315345]
[1576299600, 6526.41, 6537.13, 6532.41, 6535.88, 3.12582337]
[1576296000, 6520.97, 6532.51, 6526.95, 6526.64, 1.83192946]
[1576292400, 6509.37, 6526.96, 6518.15, 6526.95, 4.06306343]
[1576288800, 6515.53, 6536.7, 6536.7, 6518.15, 2.25512741]
[1576285200, 6512.38, 6539.21, 6517.6, 6533, 13.72375387]
[1576281600, 6508.09, 6523.98, 6521.47, 6519.59, 4.36892434]
[1576278000, 6511.49, 6524.97, 6518.07, 6521.47, 6.36102454]
[1576274400, 6500, 6527.04, 6513.96, 6518.07, 13.13919659]
[1576270800, 6510.22, 6530.47, 6526.31, 6516.7, 20.69699111]
[1576267200, 6519.64, 6537.12, 6520.35, 6530.59, 26.0534178]
[1576263600, 6497.32, 6538.24, 6501.41, 6525.36, 31.05585786]
[1576260000, 6500.1, 6549.03, 6540.96, 6500.69, 48.1704068]
[1576256400, 6524.24, 6558.27, 6538.79, 6543, 38.18136854]
[1576252800, 6505, 6565.6, 6523, 6538.79, 165.20505131]
[1576249200, 6479, 6525, 6480.51, 6523.4, 70.65583057]
[1576245600, 6470.65, 6488.37, 6487.41, 6480.5, 65.37455629]
[1576242000, 6467.36, 6487.86, 6469.81, 6486.52, 52.90945751]
[1576238400, 6447.65, 6472.33, 6469.23, 6469.78, 45.17624245]
[1576234800, 6460, 6479.99, 6463.4, 6472.79, 42.07954793]
[1576231200, 6451.19, 6469.5, 6455.42, 6465.83, 39.48354262]
[1576227600, 6455.11, 6469.74, 6460.66, 6456.42, 40.58733437]
[1576224000, 6440, 6490, 6482.39, 6460.66, 38.83029396]
[1576220400, 6450.52, 6487.69, 6453, 6483.54, 53.34886469]
[1576216800, 6447.46, 6457.33, 6457.1, 6453, 8.63103741]
[1576213200, 6454.6, 6471.44, 6468.6, 6457.34, 12.73464027]
[1576209600, 6461.55, 6480.82, 6461.55, 6468.78, 10.33810258]
[1576206000, 6447.66, 6469.77, 6447.67, 6464.73, 15.39497552]
[1576202400, 6433.83, 6450, 6436.11, 6447.67, 5.05080872]
[1576198800, 6431.72, 6442.95, 6440.04, 6436.11, 5.68562363]
[1576195200, 6430.72, 6450, 6430.72, 6442.07, 21.47095754]
[1576191600, 6426, 6445.52, 6431.78, 6433.17, 32.09603888]
[1576188000, 6421.04, 6470.6, 6467.11, 6431.78, 52.80799036]
[1576184400, 6461.18, 6520, 6517.53, 6469.14, 30.07220492]
[1576180800, 6475, 6519.95, 6478.86, 6517.54, 53.45352209]
[1576177200, 6475, 6514, 6501.03, 6482.3, 43.76185644]
[1576173600, 6480, 6521.56, 6481.38, 6504.9, 53.14390461]
[1576170000, 6475, 6494.74, 6477, 6481.36, 36.55101965]
[1576166400, 6460.04, 6494.99, 6469.56, 6477.01, 41.52731078]
