[1548086400, 3125, 3133.03, 3129.99, 3133.02, 70.82882096]
[1548082800, 3125, 3135.69, 3125.01, 3130, 82.91342135]
[1548079200, 3120, 3129.95, 3125.91, 3125, 95.49221108]
[1548075600, 3125, 3140.09, 3127.48, 3125.65, 53.21563172]
[1548072000, 3120.08, 3132.03, 3132.03, 3127.48, 48.48713588]
[1548068400, 3115.49, 3132.03, 3118.29, 3132.03, 52.11143171]
[1548064800, 3109.85, 3125.52, 3110.01, 3118.29, 111.68436395]
[1548061200, 3110, 3122.81, 3112.6, 3110.01, 63.06579662]
[1548057600, 3109, 3112.97, 3110.81, 3112.61, 40.19715172]
[1548054000, 3109.48, 3117.87, 3113.59, 3110.81, 34.26839502]
[1548050400, 3108.85, 3120.19, 3108.86, 3113.58, 24.06015847]
[1548046800, 3104.57, 3108.9, 3108.9, 3108.86, 9.27029254]
[1548043200, 3096.53, 3113.94, 3113.94, 3110.28, 10.55751666]
[1548039600, 3104.34, 3119, 3119, 3115.05, 20.18619132]
[1548036000, 3118.99, 3123.19, 3120, 3119, 2.23862607]
[1548032400, 3120, 3125.99, 3125.99, 3120.01, 6.10677366]
[1548028800, 3123.16, 3125.99, 3123.16, 3125.99, 8.03380964]
[1548025200, 3123.16, 3132.22, 3132.22, 3123.16, 19.30169915]
[1548021600, 3132.21, 3146.58, 3134.33, 3132.22, 76.14360818]
[1548018000, 3122.99, 3134.6, 3123, 3134.33, 29.62109346]
[1548014400, 3107.97, 3125, 3107.98, 3123, 41.7034972]
[1548010800, 3107.88, 3112.86, 3112.86, 3107.98, 29.5373769]
[1548007200, 3086.16, 3122.09, 3115.86, 3112.85, 114.54607473]
[1548003600, 3112.56, 3123.03, 3123.03, 3115.86, 30.11609394]
[1548000000, 3111, 3125.53, 3116.73, 3123.03, 57.01135725]
[1547996400, 3112.91, 3125.34, 3121.81, 3116.73, 49.40906412]
[1547992800, 3121.8, 3126.77, 3121.83, 3121.81, 54.21465994]
[1547989200, 3107, 3122.43, 3107.44, 3121.83, 86.00489603]
[1547985600, 3078.73, 3171.11, 3169.26, 3107.44, 214.50983067]
[1547982000, 3160.74, 3258.92, 3258.16, 3169.26, 140.73416224]
[1547978400, 3252.69, 3259.44, 3257.23, 3258.16, 17.91598824]
[1547974800, 3257, 3265.75, 3260, 3257.29, 15.18800746]
[1547971200, 3258.09, 3259.84, 3258.1, 3259.84, 12.28297284]
[1547967600, 3252.8, 3258.41, 3252.8, 3258.09, 7.5707449]
[1547964000, 3251.5, 3259.02, 3259.02, 3252.81, 5.86597498]
[1547960400, 3259.01, 3260.01, 3260.01, 3259.02, 3.50266759]
[1547956800, 3260, 3261.83, 3260.01, 3260, 1.63240656]
[1547953200, 3260, 3261.83, 3260.01, 3260.01, 0.84360067]
[1547949600, 3260, 3261.83, 3260.23, 3260.01, 4.87374467]
[1547946000, 3252.15, 3261, 3252.15, 3260.23, 6.73612931]
[1547942400, 3249.48, 3253.11, 3253.11, 3252.14, 14.75780502]
[1547938800, 3250.02, 3262.01, 3262, 3253.11, 17.7827142]
[1547935200, 3259.57, 3262.56, 3261.96, 3262.2, 17.63360823]
[1547931600, 3257.89, 3265.02, 3265, 3261.95, 15.2256249]
[1547928000, 3255.14, 3265.75, 3264.13, 3265, 27.17019422]
[1547924400, 3261, 3264.39, 3264.11, 3264.13, 20.50720213]
[1547920800, 3247.1, 3274.95, 3274.41, 3264.11, 38.74166695]
[1547917200, 3269.63, 3274.99, 3272.98, 3274.41, 12.23821509]
[1547913600, 3268.2, 3273, 3270.44, 3272.98, 17.97897373]
[1547910000, 3266.61, 3274, 3269.88, 3270.44, 21.97281418]
[1547906400, 3267.36, 3272.96, 3269.25, 3269.52, 24.24955509]
[1547902800, 3262.58, 3274, 3274, 3269.25, 32.48030297]
[1547899200, 3270.09, 3274, 3272.94, 3273.99, 41.82524859]
[1547895600, 3272.25, 3285, 3283.2, 3272.93, 39.08344925]
[1547892000, 3196.24, 3300, 3196.25, 3281.63, 262.44008529]
[1547888400, 3196, 3196.25, 3196.21, 3196.25, 14.8703926]
[1547884800, 3194.28, 3197.99, 3194.29, 3196.21, 14.26858412]
[1547881200, 3190.44, 3194.49, 3194.49, 3194.28, 7.20952506]
[1547877600, 3191.57, 3194.49, 3191.57, 3194.49, 2.64258747]
[1547874000, 3188.26, 3195.87, 3195.87, 3191.57, 3.41199619]
[1547870400, 3195.33, 3196.49, 3196.48, 3195.87, 2.48778064]
[1547866800, 3194.89, 3196.59, 3194.9, 3196.48, 5.98785085]
[1547863200, 3186.39, 3194.9, 3186.4, 3194.9, 3.12220044]
[1547859600, 3181.28, 3186.67, 3185.04, 3186.4, 5.70681392]
[1547856000, 3179.16, 3189.79, 3185.82, 3185.04, 4.99918686]
[1547852400, 3184, 3186.62, 3184.01, 3185.81, 5.18672167]
[1547848800, 3179.11, 3186.2, 3179.11, 3184, 16.78372629]
[1547845200, 3179.1, 3179.12, 3179.1, 3179.12, 26.88120404]
[1547841600, 3169.99, 3180, 3170, 3179.11, 18.46059572]
[1547838000, 3162.01, 3172.73, 3172.73, 3170, 37.16529041]
[1547834400, 3170.39, 3178.86, 3174.21, 3172.73, 30.67381428]
[1547830800, 3170, 3185.29, 3180.61, 3174.21, 34.70598053]
[1547827200, 3176.46, 3197.28, 3197, 3180.6, 49.48704003]
[1547823600, 3177.06, 3197, 3179.23, 3197, 44.53632757]
[1547820000, 3164.96, 3179.93, 3171.83, 3179.92, 96.61790089]
[1547816400, 3166.98, 3177.94, 3168.54, 3171.83, 67.04563081]
[1547812800, 3159.94, 3185.18, 3178.17, 3169.98, 105.99141681]
[1547809200, 3171.7, 3181.73, 3176.97, 3178.47, 48.62982119]
[1547805600, 3169.65, 3195.7, 3191.48, 3177.31, 60.39985024]
[1547802000, 3188.18, 3198.02, 3191.19, 3191.47, 56.04459975]
[1547798400, 3188.09, 3196.74, 3192.97, 3191.2, 37.91363199]
[1547794800, 3186.18, 3198.03, 3192.9, 3192.45, 31.75552251]
[1547791200, 3183.71, 3198.58, 3185.6, 3192.9, 36.33931273]
[1547787600, 3183.17, 3184.88, 3184.88, 3184.09, 5.97323299]
[1547784000, 3184.88, 3200.54, 3184.89, 3184.89, 38.25742134]
[1547780400, 3184.88, 3191.72, 3191.72, 3184.89, 3.75258705]
[1547776800, 3188.54, 3192.77, 3188.55, 3191.56, 3.2538155]
[1547773200, 3184.83, 3196.62, 3189.79, 3188.55, 5.81786262]
[1547769600, 3189.78, 3200.08, 3198.03, 3189.78, 8.69307083]
[1547766000, 3188.98, 3201, 3188.98, 3199.99, 31.30822326]
[1547762400, 3180.47, 3191.71, 3189.62, 3188.98, 50.30774593]
[1547758800, 3185.32, 3211.25, 3188.09, 3189.62, 41.15368044]
[1547755200, 3187.17, 3193.1, 3193.02, 3188.09, 42.97438163]
[1547751600, 3192, 3199.99, 3196.88, 3193.02, 39.97081789]
[1547748000, 3184.83, 3200.56, 3184.85, 3195.32, 47.65225262]
[1547744400, 3171.35, 3184.84, 3172.48, 3184.84, 42.02990371]
[1547740800, 3167.41, 3211.25, 3186.28, 3172.48, 115.32046356]
[1547737200, 3167.18, 3191.59, 3168.55, 3186.28, 73.48493122]
[1547733600, 3151, 3168.56, 3157.58, 3167.18, 77.5319289]
[1547730000, 3153.26, 3166.08, 3159.26, 3157.89, 65.0624869]
[1547726400, 3153.25, 3163.25, 3163.25, 3159.26, 55.94044705]
[1547722800, 3160, 3164.97, 3163.1, 3163.24, 42.17422468]
[1547719200, 3121, 3164.88, 3160.01, 3163.57, 91.39270928]
[1547715600, 3156.44, 3165.23, 3164.99, 3160.01, 47.69079221]
[1547712000, 3158.89, 3167.69, 3165.8, 3164.57, 33.51993346]
[1547708400, 3159, 3167.98, 3159.01, 3165.81, 29.47441612]
[1547704800, 3152.91, 3161.45, 3154.2, 3159.01, 20.36533155]
[1547701200, 3154.06, 3160.45, 3156.27, 3154.2, 6.72335226]
[1547697600, 3150.08, 3160.2, 3150.09, 3155.55, 12.51049716]
[1547694000, 3138.96, 3150.09, 3138.96, 3150.09, 8.83257541]
[1547690400, 3136.84, 3170.14, 3169.52, 3138.97, 32.64611059]
[1547686800, 3161.32, 3169.52, 3166.67, 3169.52, 10.73084684]
[1547683200, 3157.25, 3176.87, 3168.86, 3157.25, 47.48991918]
[1547679600, 3160.68, 3174.62, 3164.6, 3168.86, 31.5145548]
[1547676000, 3158.52, 3174.62, 3173.28, 3164.61, 38.70227982]
[1547672400, 3162.06, 3186.16, 3162.07, 3171.1, 97.63434592]
[1547668800, 3155.08, 3168.68, 3165.47, 3162.14, 43.29920581]
[1547665200, 3156.45, 3177.46, 3174.46, 3165.47, 46.24255573]
[1547661600, 3166.05, 3191.32, 3178.01, 3174.38, 65.65755467]
[1547658000, 3168.89, 3178.99, 3168.89, 3178.01, 42.17340751]
[1547654400, 3155.08, 3187.63, 3184, 3168.9, 74.74709265]
[1547650800, 3180.51, 3199.14, 3193.16, 3184, 50.77137919]
[1547647200, 3177.54, 3194.78, 3180.16, 3193.24, 89.5526787]
[1547643600, 3171.59, 3204.01, 3204.01, 3178.12, 51.68704005]
[1547640000, 3188.3, 3230, 3188.3, 3204.01, 72.42659806]
[1547636400, 3176.61, 3188.61, 3181.41, 3188.3, 36.38433605]
[1547632800, 3176.09, 3184.86, 3176.28, 3181.42, 63.27402703]
[1547629200, 3171.76, 3180.74, 3172, 3176.28, 87.54497459]
[1547625600, 3152.05, 3180, 3152.11, 3172, 79.03680447]
[1547622000, 3152.05, 3167.2, 3164.07, 3152.11, 34.94633724]
[1547618400, 3161, 3167.39, 3167.39, 3164.07, 15.73479881]
[1547614800, 3161.68, 3168.96, 3164.99, 3167.38, 9.34618491]
[1547611200, 3160.34, 3174.53, 3160.35, 3165.39, 13.67053657]
[1547607600, 3157.48, 3162.36, 3157.86, 3160.35, 2.79684819]
[1547604000, 3140.48, 3165.62, 3159.86, 3157, 50.19832187]
[1547600400, 3154.64, 3159.86, 3155.9, 3159.85, 6.7735194]
[1547596800, 3145.57, 3156.41, 3152.93, 3156.19, 13.8001183]
[1547593200, 3145.97, 3154.44, 3147.35, 3152.94, 18.1073406]
[1547589600, 3138.99, 3151.67, 3140.2, 3147.36, 23.57678265]
[1547586000, 3132, 3146.66, 3134.82, 3140.28, 58.57316503]
[1547582400, 3123.01, 3199.65, 3199.5, 3135.96, 205.3034883]
[1547578800, 3186.5, 3200.16, 3200.16, 3199.5, 57.39490985]
[1547575200, 3197.07, 3200.17, 3199.99, 3200.16, 38.9317701]
[1547571600, 3194.94, 3200, 3199.9, 3199.99, 56.17289679]
[1547568000, 3176.27, 3200, 3187.64, 3199.9, 82.79193556]
[1547564400, 3168.6, 3212.35, 3205.5, 3187.64, 135.95606328]
[1547560800, 3204, 3211.81, 3211.81, 3205.5, 50.9041003]
[1547557200, 3193.36, 3214, 3193.37, 3211.81, 58.69780606]
[1547553600, 3189.19, 3211.05, 3202.99, 3193.37, 106.46646808]
[1547550000, 3198.35, 3208.89, 3203.42, 3202.99, 82.2643337]
[1547546400, 3191.85, 3206.83, 3192.03, 3204.6, 57.73539746]
[1547542800, 3175.69, 3214.5, 3206.43, 3192.03, 112.53568603]
[1547539200, 3203.94, 3209.43, 3207.64, 3206.43, 34.23104083]
[1547535600, 3199.99, 3208.83, 3200, 3207.64, 69.58812504]
[1547532000, 3195.51, 3205.54, 3200.61, 3200, 12.6402259]
[1547528400, 3200.6, 3205.26, 3205.26, 3200.61, 10.08121061]
[1547524800, 3201.5, 3205.26, 3203.9, 3205.26, 11.67918808]
[1547521200, 3203.91, 3208.25, 3207, 3203.91, 14.99951188]
[1547517600, 3207, 3209.11, 3209.11, 3207, 3.22957372]
[1547514000, 3209.1, 3217.99, 3209.34, 3209.11, 12.8358295]
[1547510400, 3207, 3215, 3207.01, 3209.34, 17.38716291]
[1547506800, 3204.8, 3218.89, 3204.81, 3207.01, 16.3962256]
[1547503200, 3198.16, 3209, 3204.18, 3204.81, 26.12705936]
[1547499600, 3192.59, 3218.41, 3217.15, 3204.18, 53.23381469]
[1547496000, 3210.05, 3241, 3222.01, 3217.16, 101.64945763]
[1547492400, 3219.9, 3226.82, 3219.91, 3222.01, 42.64995507]
[1547488800, 3216.05, 3231.85, 3216.22, 3219.91, 63.86466085]
[1547485200, 3203.04, 3216.24, 3203.04, 3216.22, 72.0424529]
[1547481600, 3198.31, 3264, 3215.01, 3203.04, 153.74680921]
[1547478000, 3093.45, 3233.57, 3093.46, 3215.01, 215.30414991]
[1547474400, 3092.32, 3105.31, 3101.01, 3093.46, 75.78540368]
[1547470800, 3100.97, 3109.99, 3105.87, 3101.01, 83.54563745]
[1547467200, 3091, 3111.94, 3091, 3105.87, 124.10822886]
[1547463600, 3090, 3103.03, 3097.65, 3091.05, 67.51593407]
[1547460000, 3096.06, 3123, 3107.48, 3097.75, 87.46875972]
[1547456400, 3086.51, 3107.48, 3103.34, 3107.48, 73.27992581]
[1547452800, 3101, 3106.32, 3106.31, 3103.34, 42.6718167]
[1547449200, 3103.84, 3113.8, 3103.84, 3106.31, 65.63880242]
[1547445600, 3094.27, 3105.51, 3095.43, 3103.82, 36.65499351]
[1547442000, 3088.29, 3098.4, 3089, 3095.43, 40.49266079]
[1547438400, 3082.55, 3088.83, 3082.56, 3088.83, 8.88106876]
[1547434800, 3082.45, 3086.92, 3086.77, 3082.56, 10.93745263]
[1547431200, 3083.41, 3088.19, 3086.85, 3086.77, 21.01379554]
[1547427600, 3081.54, 3089.95, 3081.54, 3086.17, 4.10254094]
[1547424000, 3077.5, 3081.76, 3081, 3081.48, 23.51609656]
[1547420400, 3071.03, 3081.76, 3081.76, 3080.55, 48.72089184]
[1547416800, 3079, 3086.01, 3086.01, 3081.76, 45.33265761]
[1547413200, 3072, 3093.01, 3078, 3086.01, 51.12626463]
[1547409600, 3078, 3079.27, 3079.26, 3078, 47.34909331]
[1547406000, 3079, 3086.67, 3081.75, 3079.27, 53.89356322]
[1547402400, 3081, 3095.78, 3087.44, 3081.75, 52.08628857]
[1547398800, 3064.3, 3098.02, 3078.96, 3087.45, 60.20220857]
[1547395200, 3053.03, 3176, 3176, 3080.45, 311.029077]
[1547391600, 3170.3, 3176.74, 3175.5, 3175.99, 43.82246799]
[1547388000, 3175.49, 3183.47, 3183.47, 3175.5, 24.08205674]
[1547384400, 3180.54, 3187.35, 3183.34, 3183.47, 36.45707981]
[1547380800, 3167, 3193, 3179.27, 3183.34, 89.20456104]
[1547377200, 3177.92, 3179.28, 3177.93, 3179.28, 24.83720695]
[1547373600, 3174.01, 3179.99, 3177, 3177.93, 20.88403096]
[1547370000, 3170, 3177, 3170.95, 3177, 18.76350743]
[1547366400, 3170, 3175, 3174.99, 3173.88, 8.64576005]
