[1576166400, 6460.04, 6494.99, 6469.56, 6477.01, 41.52731078]
[1576162800, 6431.58, 6473.27, 6446.03, 6473.27, 61.19957397]
[1576159200, 6413.61, 6484.99, 6459.71, 6444.78, 57.89250953]
[1576155600, 6440.03, 6468.82, 6453.4, 6459.71, 70.68929285]
[1576152000, 6450.02, 6483.37, 6455.24, 6450.61, 44.66618272]
[1576148400, 6427.69, 6474.8, 6427.69, 6454.23, 47.32103958]
[1576144800, 6414.09, 6479.19, 6442.98, 6427.18, 56.58124149]
[1576141200, 6412.75, 6448.97, 6412.76, 6444.53, 42.35514872]
[1576137600, 6380.7, 6419.68, 6417.87, 6412.75, 43.89243835]
[1576134000, 6419.7, 6445.97, 6442, 6419.7, 25.38475417]
[1576130400, 6425.87, 6444.91, 6436.99, 6441.75, 17.46297707]
[1576126800, 6411.09, 6437.61, 6418.07, 6434.78, 12.11532337]
[1576123200, 6415.43, 6439.91, 6435.96, 6415.43, 3.87116611]
[1576119600, 6422.87, 6447.35, 6425.96, 6435.43, 8.24313708]
[1576116000, 6416.05, 6448.79, 6420.81, 6431.26, 13.71629213]
[1576112400, 6355.46, 6426.25, 6416.99, 6425.36, 26.70559975]
[1576108800, 6384.87, 6550, 6473.91, 6412.87, 94.54112369]
[1576105200, 6466.77, 6475.22, 6466.77, 6475.13, 16.43376651]
[1576101600, 6449.94, 6475, 6463.67, 6468.96, 32.02467531]
[1576098000, 6443.05, 6471.72, 6443.15, 6468.99, 23.8328523]
[1576094400, 6443.15, 6473.19, 6468.78, 6443.15, 35.4313116]
[1576090800, 6468.38, 6494.88, 6476.76, 6469.06, 28.36629496]
[1576087200, 6476.7, 6499.63, 6489.59, 6482.08, 44.91866449]
[1576083600, 6468.95, 6499.64, 6479.99, 6493.61, 43.91098701]
[1576080000, 6462.9, 6509.99, 6479.25, 6479.99, 96.31294308]
[1576076400, 6433.75, 6537.13, 6533.01, 6479.25, 149.3300846]
[1576072800, 6525.76, 6549.99, 6538.65, 6535.86, 31.3458274]
[1576069200, 6526.73, 6561.7, 6557.14, 6543.33, 28.29805814]
[1576065600, 6537.44, 6560, 6541.5, 6560, 66.74174886]
[1576062000, 6523.17, 6545.01, 6523.18, 6541.73, 35.80675948]
[1576058400, 6506.97, 6543.8, 6536.41, 6528.97, 49.02015855]
[1576054800, 6520.43, 6549.95, 6522.41, 6539.97, 40.76070445]
[1576051200, 6520, 6536.32, 6524.88, 6522.41, 22.83757141]
[1576047600, 6515, 6528.74, 6515.2, 6524.88, 18.77814179]
[1576044000, 6486.58, 6518.84, 6500, 6515.2, 23.58657934]
[1576040400, 6499, 6527.24, 6511.34, 6502.55, 10.04407197]
[1576036800, 6502.99, 6527.09, 6503.54, 6519.91, 7.4472348]
[1576033200, 6496.09, 6540.24, 6534.22, 6509.21, 7.79430685]
[1576029600, 6534.2, 6559, 6559, 6534.98, 5.58070317]
[1576026000, 6530.37, 6559, 6530.37, 6559, 4.53097511]
[1576022400, 6514.99, 6540.16, 6521.53, 6530.38, 7.48294131]
[1576018800, 6516.03, 6543.07, 6533.41, 6522.25, 14.32705993]
[1576015200, 6517.34, 6549.07, 6523.83, 6541.79, 18.25843065]
[1576011600, 6504.54, 6530, 6504.54, 6523.8, 26.71654672]
[1576008000, 6490.12, 6530.3, 6525.05, 6511.5, 35.46021754]
[1576004400, 6500.36, 6530.97, 6525.65, 6528.16, 48.71331914]
[1576000800, 6470, 6530.98, 6480.22, 6530.98, 45.03238107]
[1575997200, 6469.85, 6550.33, 6537.72, 6480.22, 78.21303063]
[1575993600, 6512, 6556.32, 6530.17, 6540.59, 60.98184747]
[1575990000, 6520.37, 6610.77, 6587.18, 6535.13, 99.82335477]
[1575986400, 6561.92, 6645, 6616.23, 6587.84, 67.53016866]
[1575982800, 6615.02, 6647.01, 6647.01, 6620.06, 23.53735608]
[1575979200, 6615.03, 6650.56, 6626.68, 6647.01, 55.55791607]
[1575975600, 6623.41, 6659.98, 6632.99, 6623.41, 53.02119883]
[1575972000, 6613.09, 6653.17, 6613.09, 6635.36, 42.98809616]
[1575968400, 6599.99, 6632.41, 6599.99, 6615, 47.99664086]
[1575964800, 6585.81, 6642.58, 6642.58, 6600, 49.81412208]
[1575961200, 6628.22, 6653.38, 6641.22, 6642.58, 34.75353665]
[1575957600, 6631.87, 6658.43, 6637.2, 6646.53, 22.64916342]
[1575954000, 6628.31, 6661.33, 6661.33, 6640.61, 15.50358341]
[1575950400, 6653.43, 6671.24, 6665, 6661.33, 10.64307499]
[1575946800, 6653.18, 6674.45, 6660.01, 6665.93, 2.96467197]
[1575943200, 6645.63, 6667.48, 6649.04, 6660, 5.16699867]
[1575939600, 6624.17, 6689.69, 6632.14, 6649.04, 24.4092367]
[1575936000, 6615, 6642.61, 6631.42, 6637.66, 11.57211918]
[1575932400, 6624, 6650.22, 6626.55, 6638.6, 28.92161007]
[1575928800, 6617, 6655.96, 6654.83, 6625.83, 29.41576947]
[1575925200, 6595, 6665.37, 6599, 6664.66, 49.57407351]
[1575921600, 6582, 6674.99, 6660.85, 6599.99, 134.32507057]
[1575918000, 6653.9, 6748.31, 6743.5, 6664, 60.34182682]
[1575914400, 6735.59, 6749.59, 6735.59, 6743.5, 22.77991989]
[1575910800, 6695, 6740.48, 6702, 6735.58, 61.69330548]
[1575907200, 6690.03, 6732.35, 6706.15, 6702.01, 118.52061799]
[1575903600, 6646.11, 6911, 6820.98, 6705.58, 391.41360403]
[1575900000, 6781.5, 6825, 6788, 6820.98, 59.0985058]
[1575896400, 6775, 6814.5, 6775.01, 6789.22, 81.42695132]
[1575892800, 6745, 6799, 6755.99, 6778.27, 90.27407419]
[1575889200, 6757.28, 6787.84, 6772.02, 6760.57, 81.219617]
[1575885600, 6745.82, 6782.27, 6755.1, 6778.13, 35.092015]
[1575882000, 6755.11, 6772.51, 6757, 6760.82, 32.70869213]
[1575878400, 6741.07, 6773, 6768.69, 6760.24, 60.55807141]
[1575874800, 6764.15, 6804.75, 6803.55, 6769.9, 26.97685667]
[1575871200, 6770, 6819.07, 6780, 6803.52, 16.40647626]
[1575867600, 6780, 6812.49, 6801.16, 6780.98, 8.2404147]
[1575864000, 6801, 6821.42, 6804.99, 6803.04, 3.13845561]
[1575860400, 6786.47, 6821.85, 6801.41, 6804.9, 2.1032269]
[1575856800, 6776, 6808.94, 6783.72, 6801.06, 22.74657648]
[1575853200, 6779.82, 6823.41, 6820.01, 6786.12, 27.20712999]
[1575849600, 6803.7, 6838.67, 6808.15, 6823.42, 5.93684885]
[1575846000, 6804.79, 6839.99, 6839.91, 6809.48, 8.49261888]
[1575842400, 6820.02, 6840, 6834, 6839.92, 11.55655807]
[1575838800, 6822.24, 6839.93, 6822.25, 6834.57, 15.089511]
[1575835200, 6809.64, 6828.76, 6810.27, 6822.25, 19.77581828]
[1575831600, 6803.37, 6822.27, 6822.07, 6810.27, 27.43505498]
[1575828000, 6802.63, 6846, 6825.28, 6818, 57.15458029]
[1575824400, 6816.42, 6831.44, 6817.95, 6825.31, 19.27449463]
[1575820800, 6815.02, 6849, 6843.28, 6820.5, 21.08348975]
[1575817200, 6815.67, 6864.67, 6818.69, 6845.04, 49.87704388]
[1575813600, 6809.1, 6821.02, 6816.71, 6818.69, 15.69668844]
[1575810000, 6799, 6824.67, 6799, 6816.7, 13.18422293]
[1575806400, 6796, 6822.15, 6812.36, 6799, 17.16135039]
[1575802800, 6789.73, 6835, 6789.81, 6815.26, 35.34429379]
[1575799200, 6774.97, 6804.86, 6791.55, 6794.52, 14.64763966]
[1575795600, 6741.77, 6799, 6746.52, 6795.01, 20.17858037]
[1575792000, 6721.3, 6747.21, 6740.16, 6740.24, 8.57394908]
[1575788400, 6740.79, 6764.74, 6755.72, 6743.09, 10.93606473]
[1575784800, 6730.02, 6760.24, 6732.01, 6746.6, 3.42531424]
[1575781200, 6730.03, 6740.01, 6732.33, 6732.01, 12.47536025]
[1575777600, 6693.9, 6735.47, 6698.95, 6721.95, 1.24638933]
[1575774000, 6695.02, 6709.1, 6707.02, 6709.1, 4.88032144]
[1575770400, 6689.98, 6742.78, 6736.89, 6707.02, 23.88260086]
[1575766800, 6722.84, 6771.86, 6770, 6735.8, 21.29763061]
[1575763200, 6742.64, 6800, 6787.66, 6774.99, 16.14377374]
[1575759600, 6784.24, 6822.71, 6814.97, 6792.7, 12.40706626]
[1575756000, 6783.32, 6819.98, 6783.32, 6819.96, 7.33509199]
[1575752400, 6782.62, 6799.93, 6795.23, 6789.07, 9.5720423]
[1575748800, 6794.54, 6818.36, 6811.95, 6795.94, 10.15534104]
[1575745200, 6779.09, 6822.46, 6781.08, 6811.11, 15.91921905]
[1575741600, 6775.01, 6806.77, 6801.01, 6780.97, 22.23834526]
[1575738000, 6801, 6816.22, 6803.11, 6801, 13.64358753]
[1575734400, 6801, 6823.23, 6805.66, 6806.65, 16.23633161]
[1575730800, 6801.83, 6834.31, 6829.18, 6806.76, 26.04028982]
[1575727200, 6805.31, 6844.79, 6810.08, 6829.18, 21.14663299]
[1575723600, 6801.03, 6823.57, 6812.96, 6812.38, 14.91233387]
[1575720000, 6812.95, 6843.55, 6822.63, 6812.95, 33.94130146]
[1575716400, 6806.02, 6837.01, 6806.03, 6822.53, 21.41784555]
[1575712800, 6777.37, 6820.01, 6797.41, 6810, 45.84248847]
[1575709200, 6786.28, 6809.64, 6799, 6797.74, 17.33898785]
[1575705600, 6770.1, 6838.11, 6813, 6799.99, 37.49643022]
[1575702000, 6805, 6829.87, 6825.26, 6813, 6.05331722]
[1575698400, 6820.9, 6853, 6852.11, 6829.88, 15.71440217]
[1575694800, 6828.89, 6868.99, 6850.69, 6855.53, 10.05789049]
[1575691200, 6823.3, 6890.18, 6823.3, 6849.94, 44.21595336]
[1575687600, 6814, 6848.17, 6848.17, 6817.86, 3.11811958]
[1575684000, 6804.35, 6848.18, 6807.58, 6848.17, 4.81023368]
[1575680400, 6799.19, 6822.35, 6813.94, 6807.58, 39.37606767]
[1575676800, 6800.29, 6848.18, 6825.01, 6811.02, 43.44287384]
[1575673200, 6771.63, 6848.74, 6808.59, 6832.54, 61.72702783]
[1575669600, 6760.09, 6828.88, 6760.53, 6808.83, 50.11462149]
[1575666000, 6730.76, 6774.59, 6730.76, 6764.48, 21.52928074]
[1575662400, 6727.14, 6747, 6736.54, 6737.74, 28.93736713]
[1575658800, 6707.02, 6754.97, 6743.88, 6738.74, 53.25378929]
[1575655200, 6708.75, 6810.68, 6759.25, 6748.9, 66.94462027]
[1575651600, 6694.92, 6889.99, 6709.61, 6759.24, 257.70238996]
[1575648000, 6678, 6720, 6679.31, 6709.61, 52.08587125]
[1575644400, 6673.7, 6719, 6680.28, 6681.91, 80.25433271]
[1575640800, 6640.62, 6683.99, 6640.63, 6680.28, 40.91654723]
[1575637200, 6634.96, 6668.74, 6651.04, 6640.62, 56.58363659]
[1575633600, 6635, 6669.79, 6640.78, 6655.02, 37.09809633]
[1575630000, 6603.1, 6645.17, 6623.53, 6640.78, 27.69801157]
[1575626400, 6620, 6678.36, 6674.81, 6620, 39.805559]
[1575622800, 6592.97, 6729.36, 6636.47, 6673.88, 146.60837729]
[1575619200, 6622.51, 6650.74, 6649, 6635, 25.88730201]
[1575615600, 6632.24, 6657.62, 6641.44, 6649, 37.04914622]
[1575612000, 6623.3, 6666.7, 6666.14, 6644.01, 14.07850442]
[1575608400, 6653.55, 6682.17, 6674.96, 6670, 4.77911112]
[1575604800, 6631.14, 6676.28, 6647, 6674.95, 5.47351267]
[1575601200, 6638.36, 6685.09, 6667.74, 6650.36, 8.23336581]
[1575597600, 6652.94, 6700, 6683.3, 6671.67, 5.86497408]
[1575594000, 6638.28, 6694.98, 6649.46, 6680.46, 4.42961457]
[1575590400, 6602.24, 6668.11, 6668.11, 6655.84, 26.40278916]
[1575586800, 6653.52, 6704, 6674.72, 6668.1, 24.63452315]
[1575583200, 6644.39, 6689, 6655, 6674.82, 45.65614596]
[1575579600, 6630, 6675.13, 6659.41, 6655, 20.89010945]
[1575576000, 6648.96, 6695.82, 6654.71, 6660.24, 28.337597]
[1575572400, 6637.53, 6690, 6637.53, 6654.66, 34.62781646]
[1575568800, 6606.87, 6670, 6619.24, 6643.06, 41.53324785]
[1575565200, 6550, 6636.4, 6586.39, 6619.23, 112.47337287]
[1575561600, 6576.42, 6633.45, 6623.52, 6586.4, 40.95322206]
[1575558000, 6606, 6679.93, 6674.21, 6623.5, 68.63793561]
[1575554400, 6655.98, 6684.26, 6657.54, 6679.95, 50.57905567]
[1575550800, 6651.58, 6750, 6703.85, 6662.1, 167.3899441]
[1575547200, 6651.79, 6739.83, 6651.79, 6708.42, 109.41046924]
[1575543600, 6644.7, 6689.45, 6660, 6657.06, 67.62392958]
[1575540000, 6600.25, 6660, 6600.77, 6660, 49.5915854]
[1575536400, 6600, 6716.16, 6613.69, 6604.98, 76.39200282]
[1575532800, 6581.31, 6626.49, 6596.46, 6618.19, 32.52055248]
[1575529200, 6558.89, 6616.82, 6595.74, 6600.46, 33.0450545]
[1575525600, 6577.7, 6626.8, 6614.66, 6595.74, 29.71555007]
[1575522000, 6498.23, 6635.1, 6500.86, 6608.58, 66.44893475]
[1575518400, 6465, 6650, 6514.05, 6506.78, 106.07396452]
[1575514800, 6487.36, 6517.47, 6512.51, 6515.7, 11.35105347]
[1575511200, 6501.22, 6532.52, 6522.28, 6506.74, 2.82487751]
[1575507600, 6510.94, 6541.77, 6516.51, 6524.02, 7.65721035]
[1575504000, 6476.1, 6524.37, 6494.08, 6520.3, 59.45507895]
[1575500400, 6483.59, 6565.17, 6523.74, 6497.52, 60.59813095]
[1575496800, 6476.1, 6532.95, 6491.24, 6525, 36.39195913]
[1575493200, 6410, 6594.22, 6490.95, 6494.36, 206.62926185]
[1575489600, 6438.02, 6775.61, 6770.58, 6503.09, 362.55716581]
[1575486000, 6762, 6779.9, 6762, 6770.57, 61.38294164]
[1575482400, 6746.36, 6770.02, 6749.09, 6762.01, 105.33944709]
[1575478800, 6740.3, 6766.76, 6747.54, 6747.77, 61.18039492]
[1575475200, 6725.47, 6779.46, 6741.8, 6748.31, 61.04129743]
[1575471600, 6711.11, 6765, 6730.32, 6743.81, 99.66033737]
[1575468000, 6686.62, 6788.68, 6751.13, 6731.45, 137.71479303]
[1575464400, 6512, 7029, 6528.04, 6763.75, 608.11188935]
[1575460800, 6515.87, 6545.74, 6517.9, 6529.77, 51.56859986]
[1575457200, 6506.99, 6540, 6534.17, 6517.88, 50.84450658]
[1575453600, 6500.83, 6539, 6513.27, 6538.99, 35.41638638]
[1575450000, 6484.05, 6524.99, 6492.59, 6513.3, 66.00439959]
[1575446400, 6402, 6523.47, 6448.72, 6493.99, 122.9622988]
