[1568966400, 9172.06, 9233.39, 9202.88, 9180.58, 35.45377429]
[1568962800, 9200, 9223.79, 9206.43, 9207.88, 29.63801609]
[1568959200, 9201.06, 9229.5, 9210.01, 9206.17, 50.56111069]
[1568955600, 9205.31, 9252.15, 9252.14, 9210.01, 27.71253999]
[1568952000, 9235.12, 9259.65, 9257.74, 9252.14, 17.97737749]
[1568948400, 9225.68, 9277.98, 9225.68, 9256.26, 5.67032615]
[1568944800, 9220, 9265.6, 9265.6, 9225.68, 2.78963132]
[1568941200, 9248.47, 9294.28, 9275.33, 9253.43, 6.677371]
[1568937600, 9285, 9339.93, 9304.31, 9285, 8.59612878]
[1568934000, 9278.98, 9318.72, 9280.58, 9304.31, 10.35999319]
[1568930400, 9269.04, 9307.93, 9296.73, 9281.79, 19.58051944]
[1568926800, 9287.14, 9433.74, 9288.99, 9296.4, 230.66635652]
[1568923200, 9098.53, 9390, 9167.86, 9288.99, 570.09815962]
[1568919600, 9093.41, 9170.75, 9097.68, 9170, 34.71022724]
[1568916000, 9072.91, 9124.38, 9090, 9097.65, 25.66004152]
[1568912400, 9090, 9274.27, 9115, 9090.7, 193.79938144]
[1568908800, 8966.61, 9149, 8971.84, 9117.14, 163.65753381]
[1568905200, 8925, 8971.85, 8935.01, 8971.84, 54.48509977]
[1568901600, 8925, 8950, 8930.99, 8935.95, 65.61067587]
[1568898000, 8927.14, 8953.48, 8940, 8930.99, 38.56826879]
[1568894400, 8910.01, 8965.68, 8910.76, 8940, 96.34209901]
[1568890800, 8882.7, 8930.51, 8904.09, 8909.68, 59.54512947]
[1568887200, 8889.98, 8940.42, 8934.19, 8904, 67.12591327]
[1568883600, 8926.49, 8969.78, 8941.41, 8940.26, 85.10623363]
[1568880000, 8926.62, 8961.87, 8954, 8945.27, 88.68804574]
[1568876400, 8903.82, 8968.33, 8960, 8955.3, 163.65766988]
[1568872800, 8951.12, 8983.03, 8983.03, 8960.01, 95.11661806]
[1568869200, 8911.45, 9000, 8911.45, 8983.03, 126.0727009]
[1568865600, 8880, 8923.99, 8909.15, 8911.39, 56.10122884]
[1568862000, 8750, 9166.83, 9166.28, 8904.91, 424.8272028]
[1568858400, 9151, 9204.65, 9191, 9166.9, 20.75780915]
[1568854800, 9191, 9238.92, 9236.7, 9191, 27.71875533]
[1568851200, 9208.01, 9243.58, 9214.62, 9240.53, 4.13307536]
[1568847600, 9208.58, 9232.63, 9219.13, 9214.62, 10.33342567]
[1568844000, 9219.07, 9252.11, 9238.02, 9219.07, 18.13288203]
[1568840400, 9233.15, 9255, 9244.74, 9238.01, 20.36015467]
[1568836800, 9200, 9255, 9230, 9244.62, 33.1940387]
[1568833200, 9220, 9244.9, 9227.47, 9230.01, 14.09590838]
[1568829600, 9209.99, 9240, 9210, 9226.95, 40.89633437]
[1568826000, 9209.98, 9223.99, 9218.48, 9210, 30.3030183]
[1568822400, 9175, 9238.2, 9199.99, 9218.48, 59.55927915]
[1568818800, 9189.72, 9221.01, 9221, 9200, 52.24573676]
[1568815200, 9207.73, 9235.11, 9230.25, 9221, 59.44956002]
[1568811600, 9226.01, 9245, 9233.93, 9232.59, 35.11448538]
[1568808000, 9149.33, 9253.38, 9210.89, 9235.04, 126.92440235]
[1568804400, 9203.53, 9238.05, 9235.46, 9210.14, 89.79589135]
[1568800800, 9221.03, 9248.95, 9232.89, 9238.44, 40.76907982]
[1568797200, 9226.17, 9252.71, 9243.01, 9232.9, 28.88360801]
[1568793600, 9220, 9254.91, 9250.01, 9243.02, 60.32823688]
[1568790000, 9238, 9256, 9238.95, 9250.01, 22.66780615]
[1568786400, 9225.03, 9250, 9241, 9238, 22.95392465]
[1568782800, 9240.01, 9263.34, 9246.14, 9241, 12.35969453]
[1568779200, 9236.88, 9252.85, 9242.8, 9248.56, 3.34436889]
[1568775600, 9226.57, 9256.05, 9252.07, 9242.8, 2.88122877]
[1568772000, 9242.58, 9270, 9269.99, 9249.59, 2.78355546]
[1568768400, 9238.72, 9270, 9238.96, 9268.95, 7.49523037]
[1568764800, 9210.01, 9244.61, 9217.14, 9244.61, 4.12391187]
[1568761200, 9210, 9258.01, 9245.6, 9217.2, 14.56548068]
[1568757600, 9228.71, 9265.22, 9241.43, 9251.71, 20.21358317]
[1568754000, 9222.22, 9280.91, 9272, 9236.88, 50.92373299]
[1568750400, 9264.99, 9293.94, 9274.64, 9272, 39.93723742]
[1568746800, 9251.35, 9288.74, 9265.36, 9273.03, 29.36703272]
[1568743200, 9250, 9286.52, 9266.56, 9265.37, 47.45122367]
[1568739600, 9250, 9280.89, 9277.85, 9274.84, 38.34779285]
[1568736000, 9238, 9296.45, 9245.19, 9277.85, 51.26776089]
[1568732400, 9238, 9271.17, 9261.06, 9245.19, 44.56329539]
[1568728800, 9225.04, 9271.22, 9240.03, 9270.33, 57.15072309]
[1568725200, 9240, 9389.33, 9269.54, 9241.96, 170.22076632]
[1568721600, 9220, 9277, 9220.61, 9276.1, 44.13300022]
[1568718000, 9220, 9237.77, 9231.84, 9224.1, 49.69875576]
[1568714400, 9226.17, 9251.98, 9229.67, 9231.84, 48.15305466]
[1568710800, 9218.22, 9244.01, 9244.01, 9236.34, 35.45282401]
[1568707200, 9190, 9295.14, 9291.24, 9244.1, 176.16225639]
[1568703600, 9279.61, 9310.22, 9299.01, 9295.14, 30.4330999]
[1568700000, 9275, 9301.83, 9279.29, 9299.01, 23.14794273]
[1568696400, 9255, 9298.27, 9290, 9279.28, 19.32282607]
[1568692800, 9290, 9318.66, 9306.97, 9290, 8.80386474]
[1568689200, 9292.4, 9319.07, 9309.8, 9310.08, 7.90805939]
[1568685600, 9300.21, 9315.89, 9312.81, 9305.14, 0.85423022]
[1568682000, 9274.79, 9325, 9285.3, 9306.48, 3.69168145]
[1568678400, 9273.82, 9332.87, 9330.05, 9290, 17.54008599]
[1568674800, 9315, 9368.7, 9368.28, 9332.87, 23.88542419]
[1568671200, 9364.65, 9386, 9371.55, 9368.7, 23.05251782]
[1568667600, 9288.99, 9450, 9288.99, 9374.01, 252.874326]
[1568664000, 9210, 9289, 9214.94, 9289, 43.71700569]
[1568660400, 9210, 9224.32, 9220.05, 9214.95, 20.82296509]
[1568656800, 9209.86, 9242.62, 9239.99, 9227.17, 25.44641547]
[1568653200, 9227.53, 9249.03, 9228.19, 9237.51, 25.76921013]
[1568649600, 9174.99, 9242, 9208.85, 9232.71, 55.43309691]
[1568646000, 9204.92, 9247.11, 9230.79, 9213.26, 55.64214023]
[1568642400, 9202.6, 9242.33, 9227.71, 9237.14, 39.04055322]
[1568638800, 9200, 9249.99, 9210, 9234.21, 60.98882132]
[1568635200, 9174, 9331.63, 9331.63, 9210.01, 170.25371089]
[1568631600, 9330, 9350, 9340.46, 9333.98, 23.0212523]
[1568628000, 9326.53, 9344.77, 9329.4, 9343.99, 24.293164]
[1568624400, 9316.98, 9338.3, 9321.56, 9329.31, 30.33924952]
[1568620800, 9313.57, 9343.82, 9316.78, 9322.02, 34.16092925]
[1568617200, 9297.15, 9325, 9319.03, 9322.43, 28.759642]
[1568613600, 9300, 9337.54, 9337.54, 9322.36, 31.97638748]
[1568610000, 9325.82, 9343.8, 9339.08, 9337.55, 10.76430237]
[1568606400, 9321.04, 9343.14, 9338.36, 9339.39, 10.05780476]
[1568602800, 9318.01, 9359.28, 9359.28, 9329.1, 5.06117254]
[1568599200, 9347.26, 9367.96, 9359.69, 9359.27, 7.36536569]
[1568595600, 9341.69, 9366.2, 9350, 9359.96, 11.00176964]
[1568592000, 9299.61, 9350, 9300, 9348.75, 21.57537207]
[1568588400, 9295.78, 9315.86, 9302.77, 9300, 9.01110099]
[1568584800, 9300.01, 9320, 9309.24, 9302.77, 12.5450648]
[1568581200, 9295, 9319.99, 9300, 9309.22, 11.44725744]
[1568577600, 9291.58, 9325, 9308.82, 9300.01, 24.00761]
[1568574000, 9301.51, 9318.73, 9308.58, 9310.97, 18.46357464]
[1568570400, 9301.04, 9326.53, 9321.25, 9312.58, 13.34844921]
[1568566800, 9294.56, 9330.12, 9315.12, 9325.89, 40.94470441]
[1568563200, 9310, 9337.39, 9315.01, 9310.67, 25.47189488]
[1568559600, 9288, 9325.66, 9292.17, 9318.42, 21.04571325]
[1568556000, 9288, 9311.7, 9300, 9292.17, 18.26990052]
[1568552400, 9300, 9331.23, 9329.01, 9300.01, 11.51104496]
[1568548800, 9297, 9336.76, 9320.95, 9329.01, 18.88121684]
[1568545200, 9311.93, 9343, 9330.83, 9323.71, 14.12999164]
[1568541600, 9300, 9341.68, 9307.46, 9331.67, 19.66960262]
[1568538000, 9290.03, 9314.12, 9311.59, 9308.78, 20.1303831]
[1568534400, 9311.58, 9329.92, 9327.05, 9314.24, 21.77973593]
[1568530800, 9319.01, 9340.93, 9327.74, 9325.74, 15.89765531]
[1568527200, 9325.27, 9347.24, 9347.24, 9336.46, 7.57132392]
[1568523600, 9323.26, 9347.26, 9330, 9347.26, 6.29282469]
[1568520000, 9310.99, 9343.36, 9322.19, 9331, 5.40236246]
[1568516400, 9313.03, 9338.18, 9338.18, 9322.19, 2.17597218]
[1568512800, 9329.03, 9353.85, 9344.12, 9330.18, 2.5044861]
[1568509200, 9336, 9350.92, 9338.78, 9350.89, 2.57628318]
[1568505600, 9336, 9369.83, 9354.82, 9336, 11.1165837]
[1568502000, 9348.1, 9364.87, 9348.11, 9352.46, 7.78441781]
[1568498400, 9345.18, 9379.9, 9379.9, 9348.11, 11.13673211]
[1568494800, 9340, 9410, 9383.99, 9375.01, 64.92848224]
[1568491200, 9375, 9385, 9375, 9384, 17.3567434]
[1568487600, 9360.88, 9378, 9375.57, 9375, 9.81369251]
[1568484000, 9360, 9386.98, 9381.96, 9375.23, 17.40514241]
[1568480400, 9321.01, 9388.99, 9360.79, 9386.55, 36.71310593]
[1568476800, 9345, 9369.27, 9363.25, 9360, 27.18435246]
[1568473200, 9326.25, 9389, 9357.6, 9369.48, 41.20888615]
[1568469600, 9325.63, 9367.93, 9333.42, 9355.34, 37.67542205]
[1568466000, 9270.99, 9348, 9270.99, 9333.47, 26.69285983]
[1568462400, 9217.24, 9311.99, 9311.99, 9271, 39.70548665]
[1568458800, 9302.23, 9326.86, 9316.92, 9311.99, 10.30240946]
[1568455200, 9301.17, 9330, 9312.06, 9323.49, 19.58560731]
[1568451600, 9309.07, 9335, 9319.76, 9311.93, 10.3347445]
[1568448000, 9319.76, 9357.99, 9330.57, 9319.76, 19.49780105]
[1568444400, 9310.01, 9343.58, 9310.99, 9338.99, 7.32836766]
[1568440800, 9306.09, 9321.15, 9315.96, 9310.99, 5.96653464]
[1568437200, 9298.3, 9330.94, 9298.3, 9312.01, 5.02285632]
[1568433600, 9292.05, 9317.29, 9312.01, 9307.23, 5.34531144]
[1568430000, 9311.47, 9324.91, 9319.9, 9312.01, 1.30916067]
[1568426400, 9307.79, 9338.34, 9338.34, 9312.13, 10.99455309]
[1568422800, 9328.01, 9350.14, 9336.61, 9330.76, 5.88160983]
[1568419200, 9321.67, 9369.23, 9350.86, 9334.79, 9.74079276]
[1568415600, 9293.59, 9377.77, 9305.61, 9350.85, 30.49154034]
[1568412000, 9276.74, 9312.39, 9310, 9306.1, 19.35481218]
[1568408400, 9250, 9326.63, 9277.04, 9310.55, 39.62963759]
[1568404800, 9181.12, 9286.66, 9226.02, 9277.04, 52.11279614]
[1568401200, 9210, 9250.26, 9245.17, 9225.86, 34.64258491]
[1568397600, 9213.78, 9267.74, 9246.27, 9252.76, 20.41890203]
[1568394000, 9211.73, 9314.69, 9310.59, 9256.87, 59.19283037]
[1568390400, 9300.47, 9331.82, 9316.05, 9310.59, 28.03481948]
[1568386800, 9290.01, 9339, 9291.99, 9324.54, 52.2905169]
[1568383200, 9290.68, 9340.8, 9335.28, 9291.99, 35.16630655]
[1568379600, 9307.15, 9354.98, 9344.99, 9342.99, 29.45295286]
[1568376000, 9294.78, 9350, 9309.73, 9348.7, 31.70534139]
[1568372400, 9270, 9309.37, 9291.48, 9309.37, 23.0711557]
[1568368800, 9292.85, 9333.59, 9317.3, 9294.68, 34.88786193]
[1568365200, 9284.69, 9332.27, 9300.88, 9317.3, 22.88399696]
[1568361600, 9280.16, 9350, 9301.01, 9300.61, 36.7144439]
[1568358000, 9110, 9330.03, 9330.03, 9307.98, 305.42176134]
[1568354400, 9319, 9357.34, 9336.9, 9332.14, 27.1244312]
[1568350800, 9325.21, 9370.16, 9370.16, 9335.63, 23.42939031]
[1568347200, 9359.84, 9428.18, 9399.87, 9362.92, 6.33824873]
[1568343600, 9378.48, 9401.6, 9400, 9392.35, 6.08503403]
[1568340000, 9375, 9407.09, 9380.01, 9400, 4.6684415]
[1568336400, 9380, 9408.3, 9401.01, 9380, 9.73740638]
[1568332800, 9400.01, 9449, 9435.71, 9401.01, 9.82049623]
[1568329200, 9400, 9444.8, 9411.75, 9444.8, 14.29757037]
[1568325600, 9405.19, 9460.65, 9421.45, 9418.57, 34.39599105]
[1568322000, 9343.72, 9429.23, 9343.72, 9427.28, 54.71475317]
[1568318400, 9330.45, 9389.96, 9333.5, 9341.83, 40.71849804]
[1568314800, 9304.4, 9346, 9322.03, 9329.52, 30.24760113]
[1568311200, 9320.92, 9370, 9320.92, 9321.12, 34.99239406]
[1568307600, 9300, 9328.74, 9314.84, 9328.74, 48.78143405]
[1568304000, 9270.9, 9480, 9341.36, 9314.84, 216.00345993]
[1568300400, 9338.65, 9394.34, 9356.89, 9341.34, 46.99194116]
[1568296800, 9317.64, 9411.44, 9400, 9357.81, 76.39199044]
[1568293200, 9332.4, 9448.97, 9349.99, 9400, 254.75335496]
[1568289600, 9271.99, 9350, 9272, 9349.99, 79.16216204]
[1568286000, 9209.01, 9273, 9221.21, 9271.99, 85.06096784]
[1568282400, 9182.02, 9230, 9182.02, 9214.61, 26.48515585]
[1568278800, 9182.07, 9229, 9211.1, 9182.94, 32.91234579]
[1568275200, 9159.17, 9218.78, 9159.88, 9215.57, 50.32259565]
[1568271600, 9134.89, 9165.39, 9145.98, 9159.88, 24.68689741]
[1568268000, 9130, 9167.31, 9164.04, 9152.49, 31.59037806]
[1568264400, 9150, 9176.86, 9152.71, 9164.32, 14.44940633]
[1568260800, 9150.01, 9200.94, 9194.13, 9163.92, 16.34363221]
[1568257200, 9169.11, 9205.44, 9196.62, 9181.64, 1.21814046]
[1568253600, 9172.4, 9206.07, 9200.01, 9193.83, 7.63343618]
[1568250000, 9200.01, 9239.2, 9221.19, 9201.31, 4.10180249]
[1568246400, 9211.57, 9267.88, 9243, 9220.03, 23.42617701]
