[1547366400, 3170, 3175, 3174.99, 3173.88, 8.64576005]
[1547362800, 3174.6, 3178.53, 3176.18, 3174.99, 9.53414873]
[1547359200, 3168.99, 3179.66, 3175.61, 3174.52, 2.88244704]
[1547355600, 3172.93, 3182.78, 3182.78, 3176.72, 3.4548406]
[1547352000, 3179.3, 3183.18, 3179.31, 3180.07, 2.29248013]
[1547348400, 3172.22, 3180.91, 3172.22, 3179.31, 4.58432968]
[1547344800, 3169.86, 3172.22, 3169.9, 3172.22, 6.7178473]
[1547341200, 3165, 3175.01, 3175.01, 3169.89, 21.10600624]
[1547337600, 3171.47, 3176.47, 3176.47, 3175, 17.52039294]
[1547334000, 3170, 3180.99, 3180.99, 3176.47, 33.35944542]
[1547330400, 3180.2, 3194, 3185.25, 3180.98, 28.45125133]
[1547326800, 3185.41, 3197.5, 3188.99, 3185.41, 33.72514296]
[1547323200, 3183.17, 3189, 3189, 3189, 24.92897285]
[1547319600, 3187.76, 3189, 3187.79, 3189, 11.98533799]
[1547316000, 3184, 3190, 3184.01, 3187.79, 14.94328296]
[1547312400, 3180, 3184.39, 3184.39, 3184.01, 22.11039427]
[1547308800, 3180, 3188.61, 3188, 3184.32, 37.30535664]
[1547305200, 3182.01, 3187.92, 3187.8, 3187.92, 19.86935159]
[1547301600, 3177.69, 3188, 3177.69, 3187.59, 42.98230212]
[1547298000, 3167.11, 3183, 3182, 3177.48, 39.40292654]
[1547294400, 3152, 3187.69, 3170.77, 3182, 73.0791914]
[1547290800, 3161.07, 3182.37, 3182.37, 3170.77, 64.42565278]
[1547287200, 3175, 3186.45, 3175.01, 3182.37, 17.23280631]
[1547283600, 3175, 3184.08, 3182.2, 3175.01, 30.81258352]
[1547280000, 3181.92, 3186.89, 3185.75, 3182.19, 13.66950096]
[1547276400, 3174.75, 3187.27, 3177.26, 3185.75, 17.83569489]
[1547272800, 3177.25, 3194.25, 3190.89, 3177.26, 10.11883265]
[1547269200, 3190.27, 3193.63, 3190.27, 3193.2, 6.30257819]
[1547265600, 3186.19, 3193.63, 3193.09, 3190.28, 3.75386465]
[1547262000, 3188.68, 3193.63, 3188.69, 3193.63, 11.88363026]
[1547258400, 3185.2, 3188.71, 3186.07, 3188.71, 5.26763243]
[1547254800, 3180.18, 3193.63, 3193.62, 3186.07, 9.84443015]
[1547251200, 3186.15, 3217.9, 3189.99, 3193.63, 44.3240554]
[1547247600, 3151.68, 3190, 3176.43, 3189.98, 48.39319569]
[1547244000, 3165, 3203.57, 3202.84, 3169.99, 58.02124914]
[1547240400, 3200, 3259.63, 3209.62, 3202.84, 80.31388424]
[1547236800, 3202.96, 3218, 3206, 3209.62, 43.42639742]
[1547233200, 3196.01, 3209, 3196.02, 3206, 41.96234347]
[1547229600, 3195.9, 3211.1, 3203.68, 3196.02, 54.79228571]
[1547226000, 3195.28, 3211.21, 3202.93, 3203.68, 102.11886873]
[1547222400, 3189.53, 3218.13, 3196.88, 3202.93, 104.91202377]
[1547218800, 3196.88, 3211.69, 3199.66, 3197.6, 64.39637185]
[1547215200, 3165, 3205.18, 3165.01, 3199.66, 73.6081789]
[1547211600, 3165.01, 3177.68, 3170.57, 3165.01, 49.11582722]
[1547208000, 3159.64, 3177.28, 3177.28, 3170.57, 104.08039152]
[1547204400, 3169.01, 3179.51, 3169.01, 3177.28, 75.00930149]
[1547200800, 3160, 3195.36, 3191.47, 3169.01, 151.39764478]
[1547197200, 3190, 3213.36, 3200, 3191.98, 133.66256657]
[1547193600, 3189.51, 3210, 3189.52, 3200.01, 80.99902316]
[1547190000, 3176, 3189.86, 3177.19, 3189.52, 69.20494028]
[1547186400, 3156.74, 3178.31, 3160.07, 3177.19, 36.15113057]
[1547182800, 3151.43, 3162.45, 3153.2, 3158.53, 12.27641238]
[1547179200, 3145, 3165.85, 3165.85, 3153.2, 18.56198442]
[1547175600, 3165.85, 3168.78, 3165.86, 3165.86, 11.42211445]
[1547172000, 3161.05, 3180.89, 3177.76, 3165.86, 16.52370172]
[1547168400, 3175.31, 3190.01, 3190, 3177.12, 16.29336844]
[1547164800, 3161.89, 3190, 3178, 3190, 32.22238298]
[1547161200, 3175.07, 3182.77, 3181.02, 3178.01, 31.42776794]
[1547157600, 3174.36, 3189.69, 3189.69, 3181.3, 45.62907461]
[1547154000, 3168, 3189.75, 3183.34, 3189.7, 91.88416828]
[1547150400, 3178.21, 3192.82, 3184.8, 3183.34, 130.25911297]
[1547146800, 3148, 3191.96, 3164.93, 3184.8, 111.48754991]
[1547143200, 3141.5, 3173.29, 3157.51, 3164.93, 206.76724887]
[1547139600, 3155, 3178.96, 3170.88, 3157.51, 173.0988489]
[1547136000, 3140, 3304.3, 3304.3, 3170.88, 1184.96576168]
[1547132400, 3300, 3310.48, 3300.89, 3304.3, 55.45585542]
[1547128800, 3291.27, 3303.72, 3300.01, 3300.9, 66.48081592]
[1547125200, 3292.26, 3304.44, 3301.24, 3300.01, 62.52325341]
[1547121600, 3293.1, 3311.15, 3301.58, 3301.24, 84.5917738]
[1547118000, 3282, 3304.57, 3287.51, 3302.7, 120.63192909]
[1547114400, 3287.5, 3299.66, 3290.73, 3287.51, 88.56675872]
[1547110800, 3285, 3316.08, 3300.77, 3290.73, 137.86596919]
[1547107200, 3300, 3319.91, 3311.36, 3300, 116.10556901]
[1547103600, 3302, 3322.48, 3309, 3313.78, 155.9932037]
[1547100000, 3269.01, 3496.26, 3496.26, 3306.7, 378.49724503]
[1547096400, 3491.06, 3504.08, 3491.07, 3496.25, 17.09380099]
[1547092800, 3483.4, 3491.07, 3485.99, 3491.07, 9.9397727]
[1547089200, 3487.15, 3488.18, 3487.79, 3487.16, 6.75383232]
[1547085600, 3485.98, 3491.9, 3491.89, 3487.79, 14.49580924]
[1547082000, 3489.78, 3500.7, 3499.76, 3491.9, 97.51440151]
[1547078400, 3480, 3500.05, 3480.01, 3493.37, 38.31091487]
[1547074800, 3480, 3487.18, 3487.18, 3480.01, 21.03727746]
[1547071200, 3483.17, 3489, 3483.33, 3487.17, 41.41342953]
[1547067600, 3480, 3498.15, 3482.84, 3483.34, 37.90178124]
[1547064000, 3480, 3491.7, 3491.69, 3482.98, 67.47753692]
[1547060400, 3480, 3492.05, 3491.19, 3492.05, 78.77874517]
[1547056800, 3479.9, 3493.06, 3487.53, 3491.19, 70.40468863]
[1547053200, 3470, 3487.44, 3480.69, 3485.91, 46.07627648]
[1547049600, 3471.18, 3491.15, 3480, 3480.69, 61.46799614]
[1547046000, 3463.72, 3484.72, 3469.99, 3480, 88.20914519]
[1547042400, 3462.89, 3509.48, 3509.48, 3470, 124.92700817]
[1547038800, 3503.01, 3516.66, 3516.66, 3509.47, 39.38802395]
[1547035200, 3501, 3531.95, 3531.8, 3516.66, 82.36559268]
[1547031600, 3521.69, 3544.94, 3526.84, 3532.81, 127.10147517]
[1547028000, 3521, 3530.88, 3522.22, 3526.84, 84.27558252]
[1547024400, 3522.21, 3531.5, 3522.91, 3522.22, 66.53411259]
[1547020800, 3516.82, 3533.19, 3524.99, 3522.91, 50.62577143]
[1547017200, 3522.23, 3527.51, 3523.17, 3524.99, 39.39057133]
[1547013600, 3517.14, 3523.62, 3523.62, 3523.17, 11.68796718]
[1547010000, 3520.56, 3528.65, 3528.64, 3523.62, 14.95757596]
[1547006400, 3523.7, 3528.99, 3523.71, 3528.65, 8.3295518]
[1547002800, 3517.39, 3523.72, 3517.4, 3523.71, 5.24429782]
[1546999200, 3517.39, 3526.39, 3520.54, 3517.4, 15.24924416]
[1546995600, 3485.69, 3526.76, 3495.39, 3524.15, 15.69946622]
[1546992000, 3485, 3504.75, 3503.1, 3495.39, 30.82688838]
[1546988400, 3485.13, 3516.64, 3507.89, 3503.1, 55.81349522]
[1546984800, 3507.88, 3516.16, 3516.16, 3507.89, 31.63276127]
[1546981200, 3516.15, 3519.28, 3517.53, 3516.16, 33.99242249]
[1546977600, 3515, 3524.8, 3520.74, 3517.53, 35.06662065]
[1546974000, 3507.88, 3520.75, 3513.4, 3520.75, 35.65981444]
[1546970400, 3502.59, 3521.66, 3515.99, 3511.43, 37.91006365]
[1546966800, 3502.45, 3522.98, 3515.48, 3515.99, 61.75236694]
[1546963200, 3490, 3549.99, 3544.41, 3514.42, 162.59213029]
[1546959600, 3520, 3600, 3558.35, 3544.41, 192.08164922]
[1546956000, 3558.34, 3564, 3563.06, 3558.35, 97.88112324]
[1546952400, 3532.1, 3564, 3532.11, 3563.06, 142.3113149]
[1546948800, 3526.04, 3538.72, 3531.29, 3532.11, 82.9561188]
[1546945200, 3503.2, 3545, 3514, 3531.29, 115.78488681]
[1546941600, 3507, 3514, 3508.06, 3513.99, 77.42017324]
[1546938000, 3502.89, 3510, 3503.02, 3508.06, 89.02606243]
[1546934400, 3490.39, 3505.2, 3492, 3503.02, 39.4467749]
[1546930800, 3491.49, 3502.89, 3495.7, 3491.99, 32.55093505]
[1546927200, 3479.99, 3495.69, 3486.54, 3495.69, 10.16443712]
[1546923600, 3482.69, 3486.54, 3486, 3486.54, 13.35637292]
[1546920000, 3481.64, 3488.32, 3488.32, 3485.39, 9.2248161]
[1546916400, 3487.09, 3489.12, 3487.86, 3488.32, 2.02914726]
[1546912800, 3433.63, 3502.85, 3502.84, 3487.27, 131.3527671]
[1546909200, 3501.65, 3511.16, 3511.16, 3502.85, 17.20172489]
[1546905600, 3496.93, 3514, 3496.94, 3511.16, 19.38974556]
[1546902000, 3482.8, 3497.02, 3483.9, 3497.02, 44.4914355]
[1546898400, 3483.88, 3504.13, 3504.12, 3483.89, 56.87554244]
[1546894800, 3500, 3509.98, 3500.01, 3504.11, 38.25383101]
[1546891200, 3500, 3517.1, 3516.74, 3500.01, 54.91299458]
[1546887600, 3510.01, 3516.74, 3514.9, 3516.74, 41.33361973]
[1546884000, 3509.76, 3522, 3512, 3514.91, 37.58346786]
[1546880400, 3485.05, 3517.46, 3515.25, 3512, 78.55897067]
[1546876800, 3502.89, 3515.25, 3510.84, 3515.25, 71.29054216]
[1546873200, 3505.39, 3532.47, 3528.01, 3510.84, 57.76028784]
[1546869600, 3517.99, 3542.22, 3519.66, 3528.01, 102.64691515]
[1546866000, 3505, 3520, 3510.51, 3518.33, 75.98398674]
[1546862400, 3501.62, 3532.95, 3530.51, 3511.77, 60.10817995]
[1546858800, 3512, 3534.1, 3517.74, 3530.51, 114.95867809]
[1546855200, 3503.8, 3539, 3503.8, 3517.74, 122.59655845]
[1546851600, 3475, 3559.12, 3554.7, 3503.8, 186.15633775]
[1546848000, 3541.92, 3559.99, 3550.01, 3554.7, 58.70814609]
[1546844400, 3550, 3553, 3550.06, 3550.01, 30.56105796]
[1546840800, 3547.42, 3553.37, 3547.42, 3550.06, 10.38269645]
[1546837200, 3540, 3547.06, 3540.18, 3547.06, 13.58138931]
[1546833600, 3538.21, 3540.19, 3540.18, 3540.19, 7.3659059]
[1546830000, 3535.54, 3546, 3535.54, 3540.19, 5.6543782]
[1546826400, 3529.97, 3546.41, 3546.41, 3535.53, 30.22319291]
[1546822800, 3542, 3560.32, 3560.31, 3546.41, 28.93243785]
[1546819200, 3555.02, 3570, 3555.02, 3560.32, 22.63646157]
[1546815600, 3547.06, 3566.21, 3547.08, 3555.02, 39.92910192]
[1546812000, 3542.47, 3548, 3542.47, 3547.08, 40.56136]
[1546808400, 3522.92, 3551.92, 3551.92, 3542.47, 86.58018204]
[1546804800, 3550.54, 3564, 3564, 3551.92, 82.34711872]
[1546801200, 3560.16, 3564, 3562.01, 3564, 51.83012659]
[1546797600, 3544.99, 3582.47, 3571.6, 3562.01, 122.48818692]
[1546794000, 3379.99, 3590, 3379.99, 3571.6, 435.57581201]
[1546790400, 3376, 3379.99, 3376.73, 3379.98, 15.25636952]
[1546786800, 3364.08, 3379, 3364.08, 3376.73, 43.20240966]
[1546783200, 3359.21, 3371.28, 3371.27, 3364.09, 46.76887582]
[1546779600, 3360, 3371.44, 3362.4, 3371.28, 20.44851809]
[1546776000, 3360, 3378.54, 3374.98, 3362.4, 32.17900532]
[1546772400, 3370.02, 3377, 3373.96, 3374.97, 38.32353066]
[1546768800, 3349.9, 3374, 3349.91, 3373.96, 31.25061364]
[1546765200, 3342.48, 3352, 3342.48, 3349.91, 10.49074309]
[1546761600, 3342.01, 3347.62, 3342.71, 3342.49, 14.90683918]
[1546758000, 3341.01, 3348.59, 3348.59, 3342.92, 12.45275131]
[1546754400, 3346.35, 3351.59, 3348.91, 3348.59, 4.97672068]
[1546750800, 3345.43, 3356.25, 3345.44, 3348.91, 4.87143706]
[1546747200, 3337, 3349.13, 3349.13, 3345.44, 7.24188541]
[1546743600, 3345.37, 3350.01, 3347.17, 3349.13, 2.73408778]
[1546740000, 3332.87, 3355.33, 3350, 3345.61, 23.434232]
[1546736400, 3350, 3361.69, 3358.87, 3350, 6.38128544]
[1546732800, 3349.73, 3358.55, 3349.74, 3358.32, 16.8767169]
[1546729200, 3345.67, 3363.9, 3361.1, 3349.74, 22.93777972]
[1546725600, 3336.62, 3390.78, 3390.12, 3361.1, 101.79631009]
[1546722000, 3382.76, 3393, 3382.77, 3390.12, 23.26517366]
[1546718400, 3379.66, 3390.71, 3390.64, 3382.77, 21.79371924]
[1546714800, 3383.96, 3395, 3391.53, 3391.48, 29.05699718]
[1546711200, 3375.29, 3392, 3382.78, 3391.52, 35.40757581]
[1546707600, 3378, 3387.1, 3383, 3382.6, 23.41265627]
[1546704000, 3364.03, 3383, 3372.97, 3383, 57.94054196]
[1546700400, 3332.12, 3389, 3376.5, 3372.97, 277.49536578]
[1546696800, 3376, 3382.22, 3380.56, 3376.5, 35.81447357]
[1546693200, 3375, 3391.1, 3391.1, 3380.86, 36.95752709]
[1546689600, 3380.01, 3394, 3390.26, 3391.09, 52.02908119]
[1546686000, 3379.08, 3394, 3379.45, 3390.25, 39.31376438]
[1546682400, 3367.65, 3382.06, 3382.06, 3379.45, 26.72386699]
[1546678800, 3376.28, 3382.06, 3378.1, 3382.06, 21.55793767]
[1546675200, 3370.56, 3379.89, 3370.56, 3378.1, 9.24238581]
[1546671600, 3370.56, 3384, 3375.55, 3370.57, 14.8084685]
[1546668000, 3372.51, 3394.94, 3394.94, 3375.55, 17.01385977]
[1546664400, 3386.09, 3397.32, 3387, 3394.94, 23.11955153]
[1546660800, 3383.26, 3387, 3383.26, 3387, 6.41057916]
[1546657200, 3378.04, 3386.48, 3383.48, 3383.26, 7.13402351]
[1546653600, 3383.23, 3390, 3388.09, 3383.48, 8.56571536]
[1546650000, 3376.88, 3393, 3388.81, 3388.09, 17.28582411]
[1546646400, 3370.37, 3400, 3370.38, 3388.81, 63.79330102]
