[1565366400, 10420.2, 10560, 10447.37, 10491.01, 62.2035508]
[1565362800, 10444, 10517.43, 10514.34, 10444.05, 61.35529378]
[1565359200, 10433.61, 10572.8, 10564.22, 10514.57, 98.34765762]
[1565355600, 10500.11, 10600, 10505.16, 10564.57, 91.97126174]
[1565352000, 10430, 10510.01, 10442.39, 10505.16, 46.39281483]
[1565348400, 10435.7, 10492.68, 10444, 10440, 42.42123768]
[1565344800, 10421, 10520, 10488, 10443.99, 88.54774123]
[1565341200, 10450, 10572.09, 10565.71, 10491.83, 86.58975472]
[1565337600, 10538.51, 10698.46, 10584, 10567.04, 124.23996667]
[1565334000, 10535, 10600, 10591.43, 10585.9, 63.85752895]
[1565330400, 10521.94, 10595.51, 10585.32, 10590, 45.86407353]
[1565326800, 10554, 10614.99, 10609.39, 10581.5, 36.46552525]
[1565323200, 10590.51, 10645.28, 10597.68, 10614.17, 30.68802665]
[1565319600, 10570, 10665.91, 10644.62, 10586.7, 21.64454279]
[1565316000, 10600, 10644.08, 10621.23, 10644.08, 17.74459773]
[1565312400, 10602.01, 10684.95, 10684.95, 10619.26, 26.84150428]
[1565308800, 10626.98, 10760.44, 10720.75, 10684.95, 61.65319507]
[1565305200, 10569, 10780, 10569.52, 10708.65, 205.66238657]
[1565301600, 10463.96, 10590, 10463.96, 10560.02, 140.05060465]
[1565298000, 10367.84, 10489, 10384.6, 10470, 38.1088071]
[1565294400, 10292.91, 10391.52, 10337.25, 10385.61, 62.30241708]
[1565290800, 10300, 10427.25, 10393.99, 10350.98, 65.11507452]
[1565287200, 10282, 10400, 10323.91, 10394, 57.45276594]
[1565283600, 10251, 10465, 10451.41, 10327.99, 221.74462293]
[1565280000, 10394.54, 10500, 10430.01, 10458.04, 51.96160534]
[1565276400, 10420, 10488.33, 10461.71, 10434.23, 103.84846533]
[1565272800, 10383.44, 10485, 10430, 10460.91, 139.60693836]
[1565269200, 10414, 10583.08, 10583.08, 10430, 161.40501898]
[1565265600, 10501, 10640.9, 10557.77, 10582.59, 82.23691405]
[1565262000, 10530, 10628.97, 10575.02, 10553.82, 59.73807318]
[1565258400, 10538, 10587.54, 10585.12, 10571.08, 55.91983348]
[1565254800, 10554, 10639.92, 10600, 10583.87, 77.33400239]
[1565251200, 10581.41, 10673.1, 10619, 10600, 78.36706826]
[1565247600, 10513.15, 10618.99, 10541.11, 10618.99, 83.5530753]
[1565244000, 10471.19, 10620.99, 10607, 10541, 76.25709113]
[1565240400, 10584.18, 10640.72, 10640.7, 10607, 27.48638478]
[1565236800, 10575.01, 10645.68, 10629.74, 10629.02, 16.22261028]
[1565233200, 10622.31, 10698.18, 10622.31, 10631.3, 21.99763384]
[1565229600, 10580.01, 10639.95, 10587.34, 10621.54, 8.69036008]
[1565226000, 10554.6, 10657.61, 10646.75, 10574.28, 15.07061449]
[1565222400, 10558.56, 10708.48, 10658.11, 10657.83, 56.07964113]
[1565218800, 10524, 10702.31, 10679.25, 10652.54, 122.12923079]
[1565215200, 10578.2, 10720, 10624.94, 10676.64, 122.42525055]
[1565211600, 10560.29, 10750, 10592.94, 10639.7, 218.33162038]
[1565208000, 10350, 10656.02, 10499.01, 10593.12, 298.49781392]
[1565204400, 10380, 10512.42, 10455.4, 10505.69, 110.77914196]
[1565200800, 10450.06, 10515.96, 10495.12, 10454.11, 87.05491245]
[1565197200, 10349, 10512.44, 10371.87, 10495.12, 108.97975568]
[1565193600, 10208, 10414.56, 10378.02, 10375, 208.98326149]
[1565190000, 10327.27, 10777.8, 10743.91, 10370.57, 355.28186974]
[1565186400, 10683.75, 10780.92, 10692.91, 10749.97, 163.62428529]
[1565182800, 10499.99, 10811.8, 10500, 10697.49, 565.37582519]
[1565179200, 10456.4, 10520, 10466, 10499.99, 114.76951153]
[1565175600, 10326.46, 10482.42, 10393.79, 10466, 96.59238411]
[1565172000, 10374, 10459.9, 10374.01, 10396, 96.58789757]
[1565168400, 10262.23, 10400, 10310, 10374, 121.83687995]
[1565164800, 10172.66, 10348.99, 10289.9, 10310, 173.60092428]
[1565161200, 10280, 10380.99, 10363, 10280.4, 64.37515539]
[1565157600, 10302.94, 10400, 10344, 10363, 51.6867351]
[1565154000, 10318.61, 10439.85, 10404.32, 10340.04, 68.0493179]
[1565150400, 10320.99, 10430.93, 10356.99, 10411.35, 50.40371467]
[1565146800, 10295.96, 10381.76, 10368.71, 10340.33, 22.02327351]
[1565143200, 10256, 10394.71, 10256, 10360.95, 25.41605278]
[1565139600, 10192.01, 10297, 10210, 10246.23, 22.87772577]
[1565136000, 10126.72, 10250.36, 10219.97, 10210.01, 65.45741265]
[1565132400, 10007.11, 10241.55, 10063.15, 10219.99, 67.15888187]
[1565128800, 9955, 10150, 10128.72, 10063.15, 183.36625696]
[1565125200, 10000, 10386.25, 10381.94, 10120.29, 419.02555144]
[1565121600, 10327.88, 10469.28, 10438.77, 10379.5, 78.09449204]
[1565118000, 10381.01, 10488.63, 10467.79, 10438.89, 78.6734511]
[1565114400, 10431.3, 10467.79, 10433.3, 10459.38, 31.54552948]
[1565110800, 10431.08, 10538.99, 10497.1, 10432.99, 85.71790274]
[1565107200, 10405.04, 10510, 10444.64, 10497.1, 72.52941237]
[1565103600, 10405.1, 10483.58, 10473.72, 10433.84, 63.41876604]
[1565100000, 10435.02, 10543.83, 10537.37, 10473.72, 79.02462219]
[1565096400, 10372.84, 10539.99, 10411.59, 10539.99, 146.84036145]
[1565092800, 10285.78, 10530, 10520, 10419.4, 352.5549568]
[1565089200, 10402.15, 10550, 10480.01, 10520, 173.02144041]
[1565085600, 10356.01, 10980, 10926.09, 10480.01, 698.58737752]
[1565082000, 10884.65, 10955, 10890.38, 10926.09, 156.20323674]
[1565078400, 10858.65, 10940, 10860.43, 10887.01, 156.04105198]
[1565074800, 10822.06, 10968.32, 10822.07, 10864.49, 325.06181968]
[1565071200, 10530, 10888.03, 10540, 10837.05, 298.01571121]
[1565067600, 10403.99, 10540, 10404, 10540, 61.02442083]
[1565064000, 10380, 10413.2, 10392, 10403.99, 27.00375803]
[1565060400, 10342, 10423.32, 10373.68, 10391.99, 13.28757167]
[1565056800, 10294.16, 10385.85, 10380.01, 10359.71, 32.20563689]
[1565053200, 10281.7, 10482.6, 10458.15, 10378.86, 127.04980487]
[1565049600, 10370, 10504.71, 10501.01, 10455.16, 92.77850495]
[1565046000, 10461.94, 10525.18, 10517.85, 10486.24, 25.78526732]
[1565042400, 10453.91, 10552.39, 10467.76, 10518.18, 76.33344954]
[1565038800, 10430, 10513.94, 10459.37, 10467.5, 68.86728619]
[1565035200, 10412.23, 10549.49, 10478.1, 10451.92, 109.09109742]
[1565031600, 10475.22, 10545.05, 10545.04, 10477.81, 80.90320996]
[1565028000, 10481.23, 10576, 10513.64, 10545.05, 80.77275308]
[1565024400, 10460, 10649.99, 10595.26, 10514.61, 196.56939029]
[1565020800, 10477.99, 10607.98, 10512.96, 10596.15, 124.12399759]
[1565017200, 10405, 10530, 10524.97, 10512.98, 116.66272143]
[1565013600, 10500, 10545.35, 10519.95, 10524.97, 100.43094915]
[1565010000, 10500, 10575, 10561.57, 10512.91, 102.02101085]
[1565006400, 10500, 10587.44, 10532.59, 10556.84, 202.99517763]
[1565002800, 10400.99, 10545, 10430.01, 10530, 225.70073749]
[1564999200, 10372.09, 10540, 10491.83, 10430.01, 208.3415356]
[1564995600, 10371.41, 10491.83, 10465.62, 10491.8, 212.0307179]
[1564992000, 10350, 10466.67, 10386.54, 10449.09, 217.35587644]
[1564988400, 10340, 10600, 10340.2, 10387, 328.14826931]
[1564984800, 10262, 10349.24, 10269, 10340.19, 93.37516474]
[1564981200, 10256.41, 10326.14, 10326, 10269, 92.8622325]
[1564977600, 10251.51, 10339.99, 10274.66, 10326.27, 97.47984222]
[1564974000, 10177.49, 10347.9, 10314.75, 10250, 99.36498808]
[1564970400, 10153.5, 10327, 10175.46, 10324.99, 77.46382099]
[1564966800, 10004.98, 10211.57, 10031.14, 10192.47, 130.69485949]
[1564963200, 9858.41, 10050, 9860.84, 10044.99, 141.04299735]
[1564959600, 9835.92, 9893.83, 9866.02, 9858.24, 16.85971714]
[1564956000, 9811.11, 9947.08, 9823.94, 9867.56, 96.2842645]
[1564952400, 9661.2, 9840.96, 9824.25, 9831.15, 132.93546793]
[1564948800, 9808.75, 9862.76, 9825.99, 9811.21, 83.22627954]
[1564945200, 9800.72, 9847.7, 9830.14, 9826, 85.7058374]
[1564941600, 9805.37, 9855.98, 9828.07, 9816.25, 67.8824452]
[1564938000, 9781.54, 9874.17, 9840.99, 9829.36, 47.20858963]
[1564934400, 9819.31, 9930, 9879, 9840.99, 118.63602261]
[1564930800, 9696.51, 9885, 9699.99, 9871.13, 228.03936245]
[1564927200, 9587.99, 9700, 9587.99, 9699.99, 40.76149082]
[1564923600, 9580.77, 9638.14, 9601.62, 9588, 33.44280436]
[1564920000, 9590.9, 9646.26, 9605.43, 9602.77, 21.92888961]
[1564916400, 9605.36, 9650, 9649.98, 9605.43, 21.60841984]
[1564912800, 9628.26, 9667.68, 9667.68, 9649.98, 13.59972977]
[1564909200, 9585.01, 9669.16, 9624.85, 9667.68, 48.96350723]
[1564905600, 9599.99, 9645.51, 9599.99, 9627.55, 28.08339256]
[1564902000, 9598.9, 9665, 9662.75, 9599.86, 64.93887935]
[1564898400, 9548.05, 9662.76, 9562.35, 9652.31, 40.5703301]
[1564894800, 9500, 9600.98, 9563.43, 9559.05, 60.83173842]
[1564891200, 9534.01, 9696.28, 9686.59, 9560.41, 65.54996501]
[1564887600, 9630.07, 9753.61, 9746.55, 9697.98, 60.24284136]
[1564884000, 9740.2, 9782.28, 9782.28, 9754.95, 10.34778073]
[1564880400, 9770.03, 9783.39, 9772.02, 9773.62, 4.27794949]
[1564876800, 9720.95, 9798.99, 9729.53, 9768.76, 25.46387241]
[1564873200, 9718.46, 9750.26, 9750.26, 9731.48, 17.03605771]
[1564869600, 9700, 9760, 9749.68, 9740, 21.39569679]
[1564866000, 9728.6, 9799, 9775.81, 9750, 40.80944027]
[1564862400, 9730.33, 9785.3, 9748.96, 9775.6, 35.73847685]
[1564858800, 9711.41, 9800, 9765.92, 9748.96, 66.50133892]
[1564855200, 9706.1, 9787, 9721.53, 9760.22, 81.23544959]
[1564851600, 9705.01, 9743.21, 9710.27, 9729.99, 53.27844866]
[1564848000, 9658.47, 9723.16, 9675, 9710.27, 54.10645685]
[1564844400, 9658.47, 9718.55, 9718.55, 9675.01, 80.64668054]
[1564840800, 9700, 9726, 9722.83, 9707.54, 58.4158453]
[1564837200, 9660.46, 9726, 9668.62, 9722.46, 46.81284733]
[1564833600, 9625.1, 9694.2, 9683.72, 9668.7, 45.08908051]
[1564830000, 9682.28, 9703.94, 9703.93, 9692.24, 27.93650888]
[1564826400, 9670.24, 9710.39, 9678.6, 9703.93, 35.22713132]
[1564822800, 9651.1, 9773.33, 9687.49, 9693.53, 105.12098442]
[1564819200, 9665.51, 9732.9, 9731.92, 9687.5, 77.44851122]
[1564815600, 9683.69, 9732.9, 9700.7, 9731.91, 54.68088127]
[1564812000, 9683.16, 9734.51, 9695.42, 9709.98, 68.06426792]
[1564808400, 9583.3, 9749.8, 9746.32, 9695.52, 85.55982729]
[1564804800, 9688.24, 9746.67, 9688.88, 9745, 47.66778598]
[1564801200, 9667.11, 9736.22, 9694.96, 9689.96, 98.2307205]
[1564797600, 9534.16, 9714.29, 9565.64, 9690.18, 126.23715175]
[1564794000, 9470, 9581.73, 9470, 9565.65, 52.79809675]
[1564790400, 9450.41, 9476.56, 9462.02, 9464.61, 14.82254198]
[1564786800, 9450, 9472.81, 9461.91, 9469.85, 25.50389361]
[1564783200, 9360.21, 9472.81, 9371.23, 9457.16, 98.0266548]
[1564779600, 9295.1, 9400.35, 9362.14, 9371.69, 93.70207622]
[1564776000, 9325.01, 9435.26, 9431.93, 9353.04, 101.66948907]
[1564772400, 9361, 9438.96, 9426.77, 9431.94, 74.80391555]
[1564768800, 9387.01, 9448.97, 9418.17, 9417.3, 71.95294641]
[1564765200, 9325, 9435.49, 9389.29, 9419.33, 175.5785611]
[1564761600, 9291, 9605, 9579.81, 9394.8, 370.49409548]
[1564758000, 9507.45, 9596, 9546.47, 9579.8, 146.64689119]
[1564754400, 9477.81, 9546.45, 9507.71, 9546.45, 52.46531207]
[1564750800, 9470.95, 9532.85, 9532.66, 9503.77, 61.17529282]
[1564747200, 9433.3, 9539, 9441.37, 9531.56, 47.56004571]
[1564743600, 9433.3, 9503.94, 9472.01, 9443.21, 62.37109791]
[1564740000, 9431.98, 9480, 9431.98, 9473.84, 65.29620736]
[1564736400, 9430.1, 9512.91, 9482.85, 9434.03, 93.8694216]
[1564732800, 9450, 9505.65, 9487.17, 9483.17, 113.96047656]
[1564729200, 9452.11, 9542.99, 9460.19, 9487.17, 177.48143006]
[1564725600, 9410, 9477.79, 9414.04, 9460.43, 151.44116975]
[1564722000, 9361.11, 9420, 9370.01, 9414.48, 25.85693255]
[1564718400, 9326, 9395.89, 9354.08, 9370.16, 23.71308701]
[1564714800, 9350, 9394.16, 9385, 9350, 18.24296343]
[1564711200, 9360.94, 9396.57, 9373, 9387.6, 9.25529049]
[1564707600, 9352.27, 9388.46, 9352.27, 9367.96, 6.50357019]
[1564704000, 9283.99, 9424.99, 9377.24, 9352.28, 71.53850951]
[1564700400, 9355.01, 9398, 9369.42, 9377.3, 39.51036383]
[1564696800, 9344.85, 9400, 9398.85, 9369.47, 53.4643134]
[1564693200, 9330.8, 9420, 9394.72, 9398.93, 129.54007092]
[1564689600, 9290.01, 9444, 9290.01, 9394.74, 449.70765144]
[1564686000, 9198.51, 9338.98, 9201.16, 9290.02, 249.87642512]
[1564682400, 9104.91, 9223.97, 9125, 9201.16, 155.80925308]
[1564678800, 9060, 9131.2, 9094.22, 9125.01, 72.80581235]
[1564675200, 9054, 9107.46, 9060, 9094.23, 65.99643475]
[1564671600, 9015.14, 9066.52, 9045.08, 9060, 57.5511903]
[1564668000, 9030, 9103.76, 9103.74, 9045.41, 66.15672971]
[1564664400, 9079.45, 9117.1, 9090.49, 9100, 59.74907015]
[1564660800, 9036.15, 9097.07, 9038, 9090.49, 48.59961117]
[1564657200, 9000.52, 9049.08, 9022.87, 9042.29, 48.16509479]
[1564653600, 8991.01, 9034.3, 9034.12, 9022.97, 44.98913281]
[1564650000, 8987.31, 9035.01, 9035.01, 9033.5, 65.12630227]
[1564646400, 9027.69, 9058.26, 9036.01, 9037.41, 46.69451165]
