[1574006400, 7719.04, 7743.15, 7719.04, 7733.41, 16.94071226]
[1574002800, 7713.45, 7734, 7718.3, 7719.04, 14.06976112]
[1573999200, 7713.42, 7730.4, 7719.64, 7718.3, 14.34468496]
[1573995600, 7717.71, 7771.13, 7767.31, 7722.99, 14.12201772]
[1573992000, 7722.29, 7777.43, 7727.27, 7769.04, 26.3871069]
[1573988400, 7717.6, 7738.07, 7726.3, 7730.1, 12.11314721]
[1573984800, 7718.36, 7743.16, 7738.95, 7726.31, 11.45675624]
[1573981200, 7708.66, 7779, 7756.18, 7731.04, 38.81599626]
[1573977600, 7581.13, 7753.28, 7616.86, 7750.01, 88.9090664]
[1573974000, 7611.05, 7683.08, 7683.08, 7615.05, 20.05572676]
[1573970400, 7678.68, 7693.03, 7690, 7680, 2.17547142]
[1573966800, 7671.95, 7692.71, 7677.51, 7690, 21.24682474]
[1573963200, 7671.59, 7677.53, 7677.52, 7673.21, 1.14924011]
[1573959600, 7672.19, 7686.97, 7684.9, 7675.82, 0.82881756]
[1573956000, 7680.6, 7694.06, 7687.16, 7684.9, 2.09355166]
[1573952400, 7685, 7708.54, 7703.07, 7687.43, 4.11904645]
[1573948800, 7682.89, 7715.83, 7683.67, 7698.58, 17.11286932]
[1573945200, 7670, 7686.65, 7675, 7683.68, 5.42608443]
[1573941600, 7671.9, 7691.27, 7687.97, 7677.68, 12.03184562]
[1573938000, 7659.12, 7689.87, 7659.91, 7687.96, 8.13197105]
[1573934400, 7660, 7679.09, 7676, 7662.49, 18.05549812]
[1573930800, 7674.32, 7693.1, 7676.87, 7676, 12.92416108]
[1573927200, 7669.7, 7683.94, 7680, 7678.25, 13.12127981]
[1573923600, 7674.21, 7691.44, 7686.9, 7685.59, 15.51000001]
[1573920000, 7685, 7695.19, 7695.19, 7690, 11.51144637]
[1573916400, 7682.6, 7704.14, 7687.83, 7693.28, 31.75159068]
[1573912800, 7665.52, 7714.05, 7698.92, 7687.83, 26.4864987]
[1573909200, 7665.87, 7710.01, 7665.87, 7700.99, 17.77973221]
[1573905600, 7663.41, 7689.78, 7676.54, 7665.87, 13.1155824]
[1573902000, 7652.27, 7684.28, 7671.61, 7681.28, 14.13392495]
[1573898400, 7661.61, 7729.09, 7708.78, 7671.62, 33.56375531]
[1573894800, 7680.29, 7730, 7688.57, 7708.78, 35.67296786]
[1573891200, 7675, 7699, 7675, 7683.04, 19.36023843]
[1573887600, 7663.36, 7695.62, 7668.08, 7673.79, 8.03623565]
[1573884000, 7657.84, 7674.84, 7672.24, 7668.08, 9.82009225]
[1573880400, 7654.95, 7676.01, 7664.17, 7667.51, 4.48375201]
[1573876800, 7647.49, 7675.15, 7653.42, 7666.96, 5.49468164]
[1573873200, 7640, 7662.89, 7655.18, 7660.88, 3.30357215]
[1573869600, 7641.13, 7676.7, 7676.69, 7656.79, 5.41938902]
[1573866000, 7654.72, 7682.89, 7664.39, 7682.54, 10.19815825]
[1573862400, 7631.55, 7671.19, 7658.28, 7662.94, 21.87239783]
[1573858800, 7651.59, 7715.43, 7705.4, 7662.9, 28.78215029]
[1573855200, 7650.18, 7708.69, 7654.58, 7701.39, 24.18930154]
[1573851600, 7650.16, 7676.95, 7676.95, 7654.83, 32.00411346]
[1573848000, 7669, 7692.8, 7684.46, 7672.12, 48.07550435]
[1573844400, 7666.67, 7695, 7686.65, 7688.37, 27.4644688]
[1573840800, 7666, 7694.41, 7675.98, 7687.22, 44.2425202]
[1573837200, 7653.38, 7680.2, 7680.19, 7676, 42.27162801]
[1573833600, 7640, 7684.57, 7668.96, 7671.48, 53.86729311]
[1573830000, 7615.58, 7703.8, 7666.45, 7681.23, 140.9294523]
[1573826400, 7605.53, 7839.09, 7835, 7672.91, 320.30112101]
[1573822800, 7833.25, 7875.47, 7860, 7835, 26.76598347]
[1573819200, 7821, 7862.52, 7821.12, 7862.17, 44.50735937]
[1573815600, 7821.2, 7862.75, 7848.01, 7828.56, 31.75475603]
[1573812000, 7790.03, 7862.45, 7807.68, 7853.16, 43.32445491]
[1573808400, 7800.56, 7964, 7833.99, 7806.84, 208.69141171]
[1573804800, 7777, 7834, 7777, 7834, 62.88808697]
[1573801200, 7763.98, 7788.6, 7786.26, 7778.02, 33.02554693]
[1573797600, 7765.45, 7819, 7773.17, 7788.12, 31.62015983]
[1573794000, 7759.32, 7782.46, 7765.96, 7765.43, 10.3349815]
[1573790400, 7747.66, 7786.89, 7757.54, 7770.9, 37.73197309]
[1573786800, 7717, 7775.54, 7745, 7753.95, 22.95466742]
[1573783200, 7732, 7776.79, 7742.9, 7745, 25.99879152]
[1573779600, 7742.01, 7817.83, 7817.83, 7742.01, 46.38314512]
[1573776000, 7812.33, 7840.13, 7836, 7816.21, 54.84671058]
[1573772400, 7836.06, 7865.7, 7852.99, 7839.81, 13.73689186]
[1573768800, 7840.12, 7856.2, 7850.94, 7852.99, 21.22701146]
[1573765200, 7850.42, 7866.98, 7866.98, 7855.54, 16.07010294]
[1573761600, 7840.61, 7870.93, 7845.5, 7860.55, 35.03455986]
[1573758000, 7826.01, 7847.56, 7838.55, 7846.76, 30.30389474]
[1573754400, 7825.78, 7867.85, 7863.22, 7838.54, 36.65607515]
[1573750800, 7843.99, 7867.67, 7843.99, 7863.22, 24.62103606]
[1573747200, 7829.74, 7859.15, 7847.82, 7843.72, 45.7173637]
[1573743600, 7825.78, 7871.68, 7870.43, 7847.81, 36.90938572]
[1573740000, 7855.16, 7886.65, 7881.16, 7865.72, 44.35493407]
[1573736400, 7818.87, 7896.87, 7829.89, 7881.57, 109.90743172]
[1573732800, 7822, 7855.34, 7852.02, 7829.47, 38.62523201]
[1573729200, 7815, 7853.7, 7840.01, 7853, 41.36648548]
[1573725600, 7830.49, 7860.66, 7852.85, 7845, 25.68117121]
[1573722000, 7801.16, 7862.6, 7827.06, 7858.79, 51.5484092]
[1573718400, 7746.91, 7869.88, 7865.65, 7827.06, 213.97191282]
[1573714800, 7860, 7905.77, 7895.27, 7869.98, 46.87217753]
[1573711200, 7892.34, 7938.9, 7913.73, 7895.27, 7.3762602]
[1573707600, 7867.55, 7920, 7884.66, 7912.24, 19.34514812]
[1573704000, 7867.55, 7966.88, 7960.64, 7889.96, 43.81959929]
[1573700400, 7951.07, 7968.95, 7955.9, 7960.64, 4.22541377]
[1573696800, 7950.17, 7961.31, 7954.72, 7955.9, 1.83665969]
[1573693200, 7962.24, 7984.11, 7969.73, 7962.57, 3.58432585]
[1573689600, 7965.83, 7985, 7967.8, 7977.04, 18.09548982]
[1573686000, 7950.01, 7981, 7950.01, 7967.81, 16.74450301]
[1573682400, 7950, 7969.5, 7966.6, 7952, 12.98968561]
[1573678800, 7951.72, 7972.24, 7961.9, 7971.5, 20.62344661]
[1573675200, 7953.17, 7981, 7975.09, 7962.01, 21.98318547]
[1573671600, 7950, 7981, 7952.52, 7978.82, 31.82931465]
[1573668000, 7950.58, 7972.69, 7958.75, 7955.93, 33.59074627]
[1573664400, 7949.25, 7979.98, 7949.26, 7965.19, 35.97566734]
[1573660800, 7939, 7974.45, 7942.07, 7953.97, 79.68709583]
[1573657200, 7932.18, 7959.74, 7941, 7947.47, 24.41771358]
[1573653600, 7933.44, 7976.17, 7939.33, 7945.05, 25.11339392]
[1573650000, 7925, 7952.28, 7946.03, 7945.59, 19.74876134]
[1573646400, 7944.58, 7991.05, 7960.37, 7948.45, 28.93516235]
[1573642800, 7951.49, 7991.83, 7984.91, 7959.22, 27.40224852]
[1573639200, 7964.93, 7998.96, 7979.53, 7985.17, 29.01046896]
[1573635600, 7938.03, 7990.28, 7973.99, 7979.51, 35.25830321]
[1573632000, 7938.99, 7999, 7950.21, 7979.57, 40.60241744]
[1573628400, 7940.03, 7967.59, 7951.34, 7950.2, 18.07960575]
[1573624800, 7921, 7956.22, 7921.02, 7941.25, 6.13660208]
[1573621200, 7921.3, 7939.99, 7927.86, 7925.41, 8.03415755]
[1573617600, 7922.66, 7940.01, 7940.01, 7924.34, 4.02741524]
[1573614000, 7932.49, 7949.98, 7938.22, 7940.01, 1.35100427]
[1573610400, 7930.25, 7969.02, 7966.45, 7938.22, 9.09582935]
[1573606800, 7960.64, 7983.72, 7983.4, 7969.06, 4.1136548]
[1573603200, 7971, 8028.5, 8014.54, 7976.65, 13.02434107]
[1573599600, 7964.4, 8014.89, 7972.15, 8003, 21.78147245]
[1573596000, 7956.48, 7988.2, 7970, 7972.15, 12.20113216]
[1573592400, 7960.63, 7994.13, 7991.41, 7975.18, 24.25567326]
[1573588800, 7955, 8020.14, 7962.67, 7988.01, 45.86308373]
[1573585200, 7943.71, 7980, 7943.71, 7964.07, 34.39324569]
[1573581600, 7935, 7957.47, 7945, 7946, 22.82934939]
[1573578000, 7903.7, 7978.6, 7904.86, 7945, 78.9696037]
[1573574400, 7877.29, 7924.31, 7892.11, 7905.06, 45.54478439]
[1573570800, 7789, 7928.63, 7877, 7894.05, 227.58655416]
[1573567200, 7831.02, 7892.53, 7847.99, 7877, 30.15154119]
[1573563600, 7822.58, 7916.54, 7909.02, 7847.99, 66.16300711]
[1573560000, 7866.87, 8066, 7936.46, 7914.73, 238.8371036]
[1573556400, 7923.08, 7944.51, 7934.26, 7936.47, 26.9244245]
[1573552800, 7931.68, 7959.03, 7940.47, 7938.78, 28.91388849]
[1573549200, 7886.02, 7954.67, 7947.17, 7940.47, 78.19712378]
[1573545600, 7941.14, 7963.41, 7958.81, 7944.53, 19.33563327]
[1573542000, 7947.86, 7973.66, 7954, 7962.85, 21.89247839]
[1573538400, 7926.66, 7954.02, 7934.39, 7954, 8.72066961]
[1573534800, 7924.73, 7971.36, 7924.73, 7926.09, 16.74448761]
[1573531200, 7904.92, 7934.73, 7917.35, 7926.33, 2.9347769]
[1573527600, 7900.09, 7946.75, 7936.13, 7919.45, 19.60083679]
[1573524000, 7924.59, 7951.94, 7924.59, 7932.26, 3.68966491]
[1573520400, 7909.08, 7933.4, 7920.17, 7930.96, 3.40570882]
[1573516800, 7895.17, 7929.65, 7917, 7921.61, 10.6278876]
[1573513200, 7895.17, 7918.98, 7912.11, 7910.99, 13.65084838]
[1573509600, 7904.6, 7935.07, 7935.07, 7904.61, 10.33878477]
[1573506000, 7905.47, 7937, 7913.86, 7934.98, 13.44130273]
[1573502400, 7904.55, 7937, 7936.88, 7913.86, 29.70634795]
[1573498800, 7910.26, 7948.59, 7946.39, 7930, 51.07726845]
[1573495200, 7897.47, 7970.8, 7907.55, 7946.41, 34.8550602]
[1573491600, 7896.09, 7951.82, 7909.93, 7907.56, 65.27763731]
[1573488000, 7884.77, 7920.89, 7890.1, 7909.95, 30.83050018]
[1573484400, 7876.17, 7924, 7923.69, 7894.09, 38.07195838]
[1573480800, 7888, 7925, 7900.8, 7924.26, 38.86574979]
[1573477200, 7865.62, 7905.87, 7885.92, 7900.8, 46.57446671]
[1573473600, 7869.23, 7932.17, 7925.01, 7888.03, 100.88662669]
[1573470000, 7866.25, 7939, 7891.21, 7933.13, 66.61810106]
[1573466400, 7827.39, 7908.99, 7855, 7891.98, 125.18762462]
[1573462800, 7809.01, 7944.39, 7943.87, 7857.89, 189.62885189]
[1573459200, 7941.34, 7985, 7984.99, 7943.01, 47.01507827]
[1573455600, 7941.11, 8000.82, 7977.2, 7985, 40.01266101]
[1573452000, 7932.01, 8066.22, 8053.83, 7977, 74.22731858]
[1573448400, 8030.04, 8122.28, 8115.51, 8067.48, 39.96511807]
[1573444800, 8100.7, 8191.82, 8180.76, 8115.51, 48.68116903]
[1573441200, 8175.11, 8214.2, 8214.2, 8175.13, 4.44819343]
[1573437600, 8204.73, 8237.25, 8222.3, 8208.29, 1.61339854]
[1573434000, 8199, 8223.25, 8212.6, 8223.25, 3.90055098]
[1573430400, 8192.98, 8220.69, 8199.62, 8214.32, 19.35060054]
[1573426800, 8190.01, 8263.27, 8247.15, 8198.71, 18.39925667]
[1573423200, 8195.09, 8282, 8200, 8241.77, 58.42418463]
[1573419600, 8186.35, 8209.99, 8201.6, 8201.91, 25.02660247]
[1573416000, 8196.44, 8225, 8207.99, 8200, 36.75917022]
[1573412400, 8192.68, 8220.63, 8201.84, 8206.86, 42.53812126]
[1573408800, 8201.81, 8224.99, 8202.9, 8203.27, 20.99787272]
[1573405200, 8178.26, 8232.35, 8178.26, 8202.9, 49.85472178]
[1573401600, 7992.35, 8298.93, 8001.4, 8180, 247.97857977]
[1573398000, 7992.35, 8029.4, 8029.07, 8001.4, 40.39778442]
[1573394400, 7992.35, 8029.96, 8001.8, 8029.07, 25.04206036]
[1573390800, 7992.35, 8034.69, 8034.69, 8008.35, 22.35698602]
[1573387200, 8020.4, 8048.53, 8025, 8034.58, 12.71781281]
[1573383600, 8025, 8049.15, 8047.78, 8025, 15.86660766]
[1573380000, 8008.31, 8049, 8015.97, 8047.79, 13.21545619]
[1573376400, 8002.3, 8036.94, 8017, 8014.76, 13.93879661]
[1573372800, 8017, 8049.14, 8033.53, 8018, 6.98442105]
[1573369200, 8024, 8043.12, 8031.29, 8029.36, 21.70650781]
[1573365600, 8023.57, 8068.98, 8041.38, 8031.29, 17.81749216]
[1573362000, 7983.42, 8041.38, 7983.42, 8041.05, 30.7970196]
[1573358400, 7966.35, 7992.81, 7973.09, 7989.05, 2.91068015]
[1573354800, 7960, 7973.64, 7969.44, 7965.89, 2.19796913]
[1573351200, 7960.97, 7988.57, 7984.82, 7967.89, 2.18169944]
[1573347600, 7968.88, 7988, 7979.81, 7981.99, 2.42312486]
[1573344000, 7983.79, 8002.4, 8002.4, 7987.04, 3.22666927]
[1573340400, 7983.34, 8011.5, 7990.25, 8003, 6.46275446]
[1573336800, 7972.91, 8014.85, 8000.61, 7990.25, 19.45440411]
[1573333200, 7977.6, 8006.07, 7982.13, 8004.75, 15.05606138]
[1573329600, 7958.27, 7992.62, 7958.57, 7977.6, 9.1189368]
[1573326000, 7958.01, 7979.19, 7973.15, 7958.52, 11.30261504]
[1573322400, 7960.48, 7987.75, 7975, 7970.62, 21.68573464]
[1573318800, 7944.01, 7984.24, 7952.24, 7975, 21.3269419]
[1573315200, 7934.46, 8015.05, 8000.71, 7951.94, 28.16822231]
[1573311600, 7969.33, 8025, 8022.01, 8000.71, 24.06126528]
[1573308000, 7975, 8060, 8053, 8022.01, 38.36713074]
[1573304400, 8030, 8060, 8038.91, 8053, 20.18869458]
[1573300800, 8013.73, 8049.99, 8016.17, 8038.73, 14.52234851]
[1573297200, 8004.8, 8046.15, 8035.8, 8018.3, 25.1951249]
[1573293600, 8019.74, 8050, 8027.96, 8034, 18.3196862]
[1573290000, 7996.59, 8042, 7996.7, 8031.4, 18.01220961]
[1573286400, 7995.79, 8021.47, 8013.88, 7995.79, 19.75098825]
