[1561766400, 10667.07, 10876.87, 10873.01, 10736.76, 81.88330615]
[1561762800, 10768.48, 10945.16, 10819.99, 10890, 95.90029298]
[1561759200, 10684.89, 10838.06, 10790.48, 10819.99, 152.06133138]
[1561755600, 10751.26, 10870, 10751.26, 10790.37, 179.64776847]
[1561752000, 10641.11, 10940, 10848, 10751.26, 357.07063666]
[1561748400, 10501, 10888, 10503.24, 10844.96, 469.84309972]
[1561744800, 10390.27, 10521.54, 10410.16, 10503.24, 87.78922744]
[1561741200, 10303, 10498, 10490.09, 10429.46, 126.83374711]
[1561737600, 10327.37, 10530, 10479.97, 10495.36, 125.18903057]
[1561734000, 10307.29, 10550, 10307.29, 10471.67, 159.70566786]
[1561730400, 10280, 10450, 10449.99, 10300.62, 132.30441771]
[1561726800, 10150, 10450, 10248.78, 10449.48, 162.53367373]
[1561723200, 10170, 10672.65, 10659.98, 10242.8, 286.71335367]
[1561719600, 10355.3, 10686.4, 10432.42, 10659.99, 208.03840052]
[1561716000, 10300, 10600, 10476.95, 10432.23, 376.76498729]
[1561712400, 10262.86, 10524.36, 10279.16, 10476.95, 547.86944842]
[1561708800, 9901, 10381.15, 9901, 10279.86, 373.25774417]
[1561705200, 9836.64, 10150, 9964.74, 9900.11, 354.86409902]
[1561701600, 9731.6, 10102.66, 9755.76, 9956.88, 351.49134688]
[1561698000, 9426, 9768.99, 9702, 9750.37, 131.96970468]
[1561694400, 9541.56, 9789.13, 9740.56, 9703.8, 168.55641212]
[1561690800, 9486.68, 9771.53, 9600, 9738.66, 90.84746546]
[1561687200, 9590, 9962.42, 9869.15, 9604.71, 76.61442603]
[1561683600, 9810, 10131.66, 10048.99, 9890.03, 132.26534215]
[1561680000, 9686.11, 10050, 9788.99, 10049, 121.84938218]
[1561676400, 9590.72, 9958.41, 9698.69, 9760.49, 292.07150535]
[1561672800, 9330.19, 9839.44, 9339.98, 9698.42, 377.73826228]
[1561669200, 9081.01, 9448.99, 9275.86, 9330.15, 284.23599479]
[1561665600, 8850, 9499.99, 9478.03, 9275.88, 582.66933322]
[1561662000, 9010, 9638.03, 9638.03, 9439.56, 558.2756741]
[1561658400, 9180.02, 9677.21, 9292.68, 9638.02, 470.44031738]
[1561654800, 9000, 9516.31, 9430.07, 9327.37, 1229.07153139]
[1561651200, 9400, 10295.4, 10180.52, 9486.54, 1014.70396503]
[1561647600, 10060.45, 10450, 10400, 10186.88, 255.19226554]
[1561644000, 9876.63, 10434.67, 10140.6, 10400, 435.46217056]
[1561640400, 9944.66, 10347.96, 10210.21, 10140.56, 377.15894991]
[1561636800, 10125, 10650, 10550, 10219.26, 338.6969778]
[1561633200, 10100.04, 10550, 10130.32, 10550, 315.32709537]
[1561629600, 9854, 10594.51, 9873, 10151.3, 679.10721656]
[1561626000, 9000, 10100, 10030.07, 9873, 1643.06795898]
[1561622400, 10022, 10755.12, 10739.26, 10099.63, 565.43154727]
[1561618800, 10612.08, 10889.49, 10784.88, 10700.89, 284.98783109]
[1561615200, 10390.54, 11210.44, 11199.48, 10783.64, 404.48996669]
[1561611600, 10950.02, 11246.04, 11246.04, 11200, 118.79077588]
[1561608000, 11099.21, 11332.74, 11100, 11246.45, 92.0512287]
[1561604400, 10822.92, 11100, 10973.54, 11100, 80.37912167]
[1561600800, 10734, 11000, 11000, 10973.56, 92.85757272]
[1561597200, 10833.28, 11599.98, 11450.53, 10987.64, 217.67830846]
[1561593600, 11120.13, 11654.87, 11337.98, 11461.4, 215.7356111]
[1561590000, 10812.02, 11389.99, 10812.07, 11337.96, 250.41507807]
[1561586400, 10615.39, 11033.02, 10813, 10810.99, 350.68253769]
[1561582800, 10095.56, 11244.57, 11225.75, 10800.01, 1600.1175326]
[1561579200, 9956.72, 12180.23, 12178.89, 11213.48, 2068.72561251]
[1561575600, 11950, 12187.15, 12139.98, 12171.43, 442.64208071]
[1561572000, 11753, 12193, 11818, 12139.98, 626.41820477]
[1561568400, 11560.11, 11989.49, 11924.9, 11818.22, 656.20753207]
[1561564800, 11250, 11989.82, 11288.82, 11989.73, 800.95852224]
[1561561200, 11200.01, 11333, 11232.8, 11288.41, 177.57964732]
[1561557600, 11160, 11400, 11386.67, 11241.29, 252.58464192]
[1561554000, 11219.99, 11397, 11304.97, 11397, 310.18994171]
[1561550400, 11055.5, 11313, 11124.99, 11305.33, 206.68502723]
[1561546800, 11077.95, 11191.47, 11173, 11125, 205.58963885]
[1561543200, 10853.27, 11174, 10902.4, 11170.14, 288.10582913]
[1561539600, 10768.5, 11127.56, 11120, 10902.58, 368.65105546]
[1561536000, 10970, 11149.99, 10970.01, 11127.56, 276.33967093]
[1561532400, 10970, 11241.35, 11236.85, 10970, 485.77574218]
[1561528800, 10934.73, 11249, 10934.73, 11236.93, 376.23940851]
[1561525200, 10750.12, 11397, 10930, 10937.29, 749.8732929]
[1561521600, 10673.48, 10948, 10738.3, 10920.24, 200.25629839]
[1561518000, 10444.12, 10750, 10444.12, 10749.99, 181.18579023]
[1561514400, 10351.46, 10459.11, 10440, 10455.51, 37.62286768]
[1561510800, 10367.61, 10495, 10475.01, 10447.24, 66.11557444]
[1561507200, 10260, 10490, 10337.75, 10475.01, 100.80384991]
[1561503600, 10200, 10340, 10264.06, 10337.85, 215.61118285]
[1561500000, 10139, 10287.11, 10167, 10261.01, 396.74869629]
[1561496400, 10005.92, 10200, 10029.6, 10167, 284.68029491]
[1561492800, 9978.93, 10037.98, 9999.81, 10020.01, 88.49558449]
[1561489200, 9950, 10025, 10009.99, 9998.46, 122.0342178]
[1561485600, 9948.42, 10017, 9981.38, 10010, 68.86278872]
[1561482000, 9881.92, 10025, 9996.15, 9981.52, 141.17603708]
[1561478400, 9980, 10046.93, 9990.73, 9996.99, 147.99575967]
[1561474800, 9920.02, 10019.58, 9925, 9991.07, 118.28851107]
[1561471200, 9910.02, 9980.17, 9944.59, 9931.98, 118.42694855]
[1561467600, 9842.89, 9947.93, 9858.25, 9944.87, 104.44681657]
[1561464000, 9751, 10047.36, 10028.99, 9852.51, 377.79320897]
[1561460400, 9965.03, 10090, 10045.21, 10028.99, 283.65702328]
[1561456800, 9950.01, 10090, 9973.4, 10039.57, 239.15609695]
[1561453200, 9910, 9980, 9939.11, 9974.24, 116.29950962]
[1561449600, 9902, 9994.01, 9986.76, 9939.91, 191.13455036]
[1561446000, 9887, 9994.86, 9889.71, 9978.34, 240.41523882]
[1561442400, 9852.3, 10000, 9924.32, 9898.63, 830.46289094]
[1561438800, 9807.86, 9934, 9823.57, 9924.49, 438.80926494]
[1561435200, 9750.68, 9849.99, 9762.49, 9826.84, 191.42849657]
[1561431600, 9720, 9794.88, 9760.01, 9766.98, 40.00422262]
[1561428000, 9709.51, 9820, 9751.48, 9760.01, 101.90790193]
[1561424400, 9685.31, 9758.1, 9699.97, 9758.1, 24.00520906]
[1561420800, 9655.47, 9750, 9687.58, 9698.47, 85.55973328]
[1561417200, 9620, 9699.96, 9656.99, 9678.96, 32.97145006]
[1561413600, 9611.99, 9700, 9612, 9657, 93.64061422]
[1561410000, 9531.91, 9613.61, 9536, 9611.99, 50.60421945]
[1561406400, 9489.03, 9618.99, 9566.77, 9534.4, 101.9673383]
[1561402800, 9510, 9682.01, 9649, 9566, 171.35144813]
[1561399200, 9637.5, 9733, 9690.11, 9649, 149.15603338]
[1561395600, 9652.06, 9715.12, 9673.29, 9685, 124.88924103]
[1561392000, 9600, 9748.99, 9600.47, 9673.29, 345.7170241]
[1561388400, 9541.65, 9636.8, 9614.92, 9600.47, 76.99111408]
[1561384800, 9534.01, 9615, 9534.01, 9615, 94.60175398]
[1561381200, 9485, 9579.97, 9561.04, 9534.01, 73.86330558]
[1561377600, 9538.23, 9609, 9571.66, 9559.89, 68.51289528]
[1561374000, 9460.01, 9571.86, 9561, 9571.76, 84.26817176]
[1561370400, 9561, 9648.99, 9570, 9561, 81.64782952]
[1561366800, 9509.03, 9608.99, 9576.26, 9570.01, 144.61381214]
[1561363200, 9471.73, 9597.3, 9473.3, 9584.17, 119.89502483]
[1561359600, 9421.76, 9500.83, 9421.77, 9477.88, 73.81654338]
[1561356000, 9393.81, 9491.32, 9490.73, 9424.44, 79.9433905]
[1561352400, 9449, 9527.69, 9478.97, 9495.27, 56.34110416]
[1561348800, 9310.66, 9478.99, 9346, 9478.97, 40.94892953]
[1561345200, 9303.77, 9376.78, 9339.5, 9346, 16.7617944]
[1561341600, 9300.26, 9380, 9335.1, 9349.9, 16.98880796]
[1561338000, 9286.97, 9371.76, 9355.89, 9335.58, 32.23865726]
[1561334400, 9255.31, 9456.99, 9456.99, 9331.57, 146.69687898]
[1561330800, 9403.07, 9543.52, 9516.12, 9456.99, 66.63099723]
[1561327200, 9420, 9653.71, 9570.01, 9536.9, 165.54223769]
[1561323600, 9393.73, 9879.99, 9678, 9570.01, 477.65446823]
[1561320000, 9603.34, 9700, 9617.72, 9678, 215.24727718]
[1561316400, 9475.96, 9670, 9479.42, 9617.63, 227.51554939]
[1561312800, 9376.22, 9480, 9391.83, 9479.43, 91.10728535]
[1561309200, 9346.32, 9400, 9367.81, 9395.88, 35.343283]
[1561305600, 9337.08, 9423.01, 9390, 9350.74, 45.21251057]
[1561302000, 9301.7, 9418.99, 9350.01, 9389.99, 128.96172252]
[1561298400, 9269.98, 9372.56, 9269.99, 9350, 74.9330285]
[1561294800, 9247.52, 9330.72, 9314.32, 9269.97, 71.25950437]
[1561291200, 9260, 9389.7, 9270.83, 9331.78, 81.31195771]
[1561287600, 9177.99, 9293.5, 9177.99, 9270.83, 56.57036925]
[1561284000, 9160, 9279.82, 9271.67, 9175.16, 93.29534713]
[1561280400, 9212.98, 9319.05, 9319.05, 9257.06, 81.23582367]
[1561276800, 9300, 9385.44, 9326.56, 9319.89, 49.27981388]
[1561273200, 9321.02, 9392, 9385.46, 9336.94, 41.25167863]
[1561269600, 9369.03, 9441.38, 9373.88, 9386.21, 39.21931504]
[1561266000, 9252.55, 9379.54, 9295.01, 9368.99, 27.71226345]
[1561262400, 9291, 9376, 9364.81, 9291.6, 29.17842807]
[1561258800, 9261.88, 9371.32, 9312.4, 9356.9, 14.43471043]
[1561255200, 9315.01, 9443.93, 9443.42, 9320, 16.06997866]
[1561251600, 9355.43, 9520.01, 9478.39, 9442.53, 27.67184166]
[1561248000, 9271.95, 9529.39, 9314.68, 9498.85, 89.18215341]
[1561244400, 9020, 9366, 9126.05, 9314.9, 106.42071812]
[1561240800, 9020, 9233.79, 9230.25, 9126.2, 214.01299595]
[1561237200, 9208.17, 9324.1, 9324.1, 9233.8, 84.61149729]
[1561233600, 9252.4, 9356.4, 9310, 9324.16, 103.74566727]
[1561230000, 9120.1, 9386.9, 9293.54, 9307.58, 246.97397571]
[1561226400, 9244.3, 9491.66, 9391.05, 9314, 215.94648146]
[1561222800, 9351, 9641.21, 9609.99, 9425.79, 245.18201604]
[1561219200, 9521.64, 9700, 9531.59, 9609.99, 200.6052991]
[1561215600, 9350, 9577.08, 9499.96, 9531.38, 346.73197335]
[1561212000, 9001, 9832.56, 9810.5, 9499.58, 943.45570187]
[1561208400, 9750.12, 9867.16, 9817.53, 9810.5, 212.42903473]
[1561204800, 9566.31, 9885, 9576.96, 9800, 311.20381671]
[1561201200, 9520.01, 9645.29, 9620, 9577.16, 161.74746433]
[1561197600, 9574.24, 9657.13, 9637.79, 9612.92, 209.13989159]
[1561194000, 9447.11, 9662.39, 9491.11, 9630.51, 212.39946183]
[1561190400, 9282.21, 9491.12, 9356.57, 9491.11, 221.01252381]
[1561186800, 9346.2, 9465.94, 9460.52, 9356.54, 162.61577978]
[1561183200, 9290.01, 9460.67, 9406.41, 9460.52, 170.91826859]
[1561179600, 9311.1, 9433.79, 9322.22, 9406.41, 134.42640307]
[1561176000, 9063, 9351.3, 9185.78, 9348.71, 172.05189136]
[1561172400, 9076.46, 9498.98, 9327.78, 9186.27, 173.49269966]
[1561168800, 9081.08, 9389, 9174.87, 9347.48, 170.48254813]
[1561165200, 8920, 9189.45, 8937.4, 9177.15, 168.03458821]
[1561161600, 8874.48, 8997.69, 8992.27, 8937.41, 103.07215341]
[1561158000, 8722.78, 9000, 8722.78, 8995.74, 300.30569586]
[1561154400, 8681.11, 8739.97, 8729.6, 8719.9, 35.65301134]
[1561150800, 8712.84, 8749.88, 8732.8, 8739.93, 37.35915572]
[1561147200, 8681.22, 8732.8, 8726.59, 8732.8, 86.78743375]
[1561143600, 8672.33, 8740, 8739.63, 8726.1, 80.40420348]
[1561140000, 8720, 8749.19, 8735.97, 8739.21, 70.76450016]
[1561136400, 8688.01, 8743.97, 8707.4, 8729.05, 116.84014484]
[1561132800, 8662.15, 8731.5, 8662.15, 8707.4, 87.74144052]
[1561129200, 8645.19, 8719.24, 8679.32, 8662.87, 108.94829191]
[1561125600, 8600, 8684.96, 8632.82, 8683.88, 163.75991202]
[1561122000, 8557.79, 8771.79, 8697, 8632.73, 301.06843717]
[1561118400, 8650, 8720.9, 8698.01, 8697.3, 140.84292746]
[1561114800, 8650.8, 8720, 8657.13, 8698.01, 164.69423393]
[1561111200, 8620.5, 8689.52, 8660.8, 8659.07, 104.92673571]
[1561107600, 8584.01, 8686.64, 8609.15, 8667.8, 109.80998775]
[1561104000, 8600, 8635.77, 8634.57, 8616.69, 81.80362906]
[1561100400, 8556.83, 8634.73, 8592.97, 8633.09, 101.50541036]
[1561096800, 8567.54, 8646.28, 8638.28, 8592.97, 89.51230104]
[1561093200, 8594.58, 8644.59, 8615.14, 8626.65, 79.73887184]
[1561089600, 8604.29, 8650, 8624.66, 8615.06, 43.50669057]
[1561086000, 8566.24, 8621.08, 8597.11, 8621.08, 35.72449825]
[1561082400, 8500.88, 8672.11, 8605.63, 8593.31, 74.69505231]
[1561078800, 8484.57, 8642, 8484.57, 8616.31, 96.40061278]
[1561075200, 8438.2, 8493, 8441.93, 8490.69, 27.21110556]
[1561071600, 8431.1, 8487, 8463.15, 8445.34, 46.43580763]
[1561068000, 8390, 8487, 8447.56, 8470, 71.15793537]
[1561064400, 8430, 8500, 8476.16, 8447.55, 114.69294781]
[1561060800, 8423.27, 8500, 8460.01, 8479.87, 251.21423131]
[1561057200, 8333.72, 8469.99, 8360, 8460.01, 177.13006983]
[1561053600, 8273.47, 8362.89, 8299.85, 8360.18, 171.36167874]
[1561050000, 8255.06, 8299.04, 8298.99, 8299.04, 89.51232337]
[1561046400, 8271.82, 8298.99, 8271.82, 8298.99, 5.12463708]
