[1570406400, 7100, 7171.6, 7168.28, 7131.35, 73.63428545]
[1570402800, 7130, 7181.79, 7167.51, 7168.28, 28.81714526]
[1570399200, 7162.6, 7226.67, 7224.53, 7168.58, 37.65414049]
[1570395600, 7186.68, 7230.18, 7220.62, 7224.51, 29.55951261]
[1570392000, 7198.5, 7241.06, 7216.18, 7224.5, 46.39829572]
[1570388400, 7151.59, 7230, 7172.82, 7218.23, 66.27625596]
[1570384800, 7117, 7303.37, 7294.34, 7172.84, 137.16932223]
[1570381200, 7294.34, 7330.97, 7306.71, 7294.34, 24.34210949]
[1570377600, 7284.75, 7336.77, 7317.86, 7307.71, 19.24704061]
[1570374000, 7226.8, 7362.41, 7231.99, 7324.96, 64.19545623]
[1570370400, 7173.29, 7245.6, 7230.66, 7232.14, 78.44491917]
[1570366800, 7210, 7269.41, 7269.41, 7219.04, 38.47372678]
[1570363200, 7254.59, 7282.04, 7267.99, 7269.41, 28.43030949]
[1570359600, 7217.06, 7272.56, 7222.63, 7267.99, 22.1005749]
[1570356000, 7200, 7263.95, 7257.1, 7222.59, 90.68885625]
[1570352400, 7208, 7262.79, 7208, 7262.78, 39.33743202]
[1570348800, 7208, 7287.39, 7280.02, 7210.47, 55.97338173]
[1570345200, 7260.01, 7299.85, 7289.01, 7281.9, 30.24619783]
[1570341600, 7238.26, 7375.58, 7368.41, 7289.01, 103.19280569]
[1570338000, 7351.7, 7386.27, 7386.27, 7361.8, 1.96128496]
[1570334400, 7350.88, 7386.3, 7352.14, 7386.27, 2.92934334]
[1570330800, 7346.9, 7368.68, 7363.17, 7359.01, 2.92054677]
[1570327200, 7333, 7368.75, 7359, 7363.16, 13.32415596]
[1570323600, 7354, 7439.93, 7427.58, 7354, 9.28360245]
[1570320000, 7420.71, 7448.89, 7422.52, 7426.1, 5.623908]
[1570316400, 7411.9, 7429.5, 7423.66, 7428.39, 3.96266314]
[1570312800, 7417.77, 7460, 7436.46, 7423.66, 9.53763957]
[1570309200, 7386, 7460, 7399.2, 7436.44, 43.7877409]
[1570305600, 7365.47, 7411, 7370, 7399.21, 27.62723655]
[1570302000, 7364.43, 7389.99, 7370.66, 7375.98, 36.14517187]
[1570298400, 7350.01, 7379.55, 7354.31, 7370.66, 14.0524844]
[1570294800, 7350, 7384.18, 7371.15, 7354.09, 14.98447672]
[1570291200, 7351.01, 7396.17, 7385, 7377.72, 20.40246377]
[1570287600, 7332.38, 7385, 7341, 7382.72, 24.22654615]
[1570284000, 7341, 7384.73, 7371.92, 7341.01, 21.16269927]
[1570280400, 7319, 7373.5, 7366.54, 7365.11, 58.99520958]
[1570276800, 7364.51, 7391.48, 7384.15, 7366.54, 17.74527093]
[1570273200, 7379, 7395.87, 7386, 7390.67, 16.76868407]
[1570269600, 7372.68, 7396.26, 7387.24, 7392.17, 22.24372653]
[1570266000, 7385.9, 7397.68, 7391.52, 7391.26, 17.90998666]
[1570262400, 7369.53, 7408.98, 7408.98, 7397.59, 27.04928098]
[1570258800, 7401.01, 7434.33, 7432.05, 7408.98, 15.79020028]
[1570255200, 7410, 7435.52, 7412.06, 7432.05, 7.6810389]
[1570251600, 7412, 7427.37, 7422.52, 7417.79, 4.65558111]
[1570248000, 7417.41, 7435.99, 7430.91, 7422.52, 2.06355898]
[1570244400, 7421.47, 7436.38, 7422.21, 7429.53, 2.82550261]
[1570240800, 7401, 7428.81, 7407.34, 7428.81, 4.24594106]
[1570237200, 7401.01, 7425.6, 7417.75, 7412.96, 4.32526974]
[1570233600, 7402.84, 7438.9, 7430, 7415.75, 15.11830751]
[1570230000, 7429.36, 7460, 7458.47, 7429.36, 7.64589783]
[1570226400, 7435.92, 7498.84, 7467.98, 7460, 13.60177469]
[1570222800, 7432.39, 7467.98, 7450, 7461.88, 9.05030947]
[1570219200, 7450, 7509.99, 7477.68, 7450, 32.30050515]
[1570215600, 7464.99, 7489.2, 7464.99, 7482.46, 27.3762829]
[1570212000, 7455.53, 7489.98, 7456.29, 7465, 20.66732098]
[1570208400, 7438.79, 7475.42, 7468.13, 7456.29, 25.3208897]
[1570204800, 7422.54, 7486.91, 7444.96, 7468.12, 39.68987273]
[1570201200, 7421.39, 7456.63, 7446.99, 7444.96, 26.88771844]
[1570197600, 7433.16, 7475, 7459.88, 7452.2, 58.70413667]
[1570194000, 7430.19, 7464.98, 7432.61, 7459.65, 30.96238247]
[1570190400, 7426.01, 7451, 7447.06, 7432.5, 42.44555839]
[1570186800, 7409.33, 7450.54, 7414.99, 7447.12, 34.20696755]
[1570183200, 7409.36, 7456.98, 7414.5, 7415, 40.75823645]
[1570179600, 7388.02, 7420.37, 7390.99, 7420.34, 29.46846937]
[1570176000, 7383.38, 7439.58, 7439.58, 7391, 44.22671085]
[1570172400, 7400.55, 7441.42, 7414, 7439.62, 43.85110173]
[1570168800, 7397.11, 7429, 7400, 7410.49, 46.68445578]
[1570165200, 7320, 7416.67, 7371.67, 7400, 57.92786702]
[1570161600, 7364.25, 7407.76, 7398.4, 7374.06, 12.16363546]
[1570158000, 7374.57, 7416.17, 7397.83, 7407.05, 3.9162101]
[1570154400, 7390.02, 7420.84, 7413.37, 7397.83, 6.57163557]
[1570150800, 7361.85, 7425.84, 7402.31, 7403.53, 22.62619634]
[1570147200, 7394.47, 7519.9, 7519.11, 7394.47, 31.68098911]
[1570143600, 7490.99, 7570, 7491, 7520, 26.65228412]
[1570140000, 7443.21, 7491, 7462.75, 7491, 19.03242303]
[1570136400, 7411.71, 7491, 7436, 7470.42, 37.29273324]
[1570132800, 7400, 7469.11, 7447.14, 7435, 69.64511967]
[1570129200, 7401.21, 7453.78, 7434.01, 7452.03, 47.91669951]
[1570125600, 7422.74, 7449.92, 7434.82, 7434.24, 22.76679007]
[1570122000, 7411.48, 7474.75, 7465.84, 7429.5, 40.55669263]
[1570118400, 7394.47, 7504.73, 7400, 7472.85, 74.88522121]
[1570114800, 7377.09, 7428.79, 7396.55, 7401.48, 35.41914136]
[1570111200, 7361, 7528.28, 7526.01, 7399.48, 207.70945775]
[1570107600, 7521.22, 7546.29, 7530.22, 7528.75, 30.68073395]
[1570104000, 7521.22, 7554.79, 7525.76, 7531.97, 24.08830451]
[1570100400, 7503.03, 7531, 7525.34, 7525.75, 49.45127321]
[1570096800, 7500, 7585.99, 7580.4, 7527.2, 68.04995261]
[1570093200, 7561, 7589.3, 7581.74, 7586, 28.63810478]
[1570089600, 7551.02, 7589.32, 7572.92, 7589.32, 61.91955686]
[1570086000, 7558, 7585.96, 7585.96, 7574, 34.70216211]
[1570082400, 7581.19, 7605.88, 7586.4, 7585.1, 25.59853819]
[1570078800, 7584.99, 7633, 7631.99, 7592.14, 27.72018435]
[1570075200, 7623.67, 7660, 7623.68, 7631.94, 9.57352579]
[1570071600, 7618.64, 7641.11, 7641.1, 7623.68, 3.22493789]
[1570068000, 7617.54, 7637.94, 7622.04, 7635.22, 3.22736415]
[1570064400, 7604.18, 7632, 7621.83, 7623.54, 2.9120998]
[1570060800, 7607.3, 7689.43, 7648.63, 7622.53, 39.68006654]
[1570057200, 7566.76, 7657.03, 7566.82, 7649, 73.22082694]
[1570053600, 7534.41, 7581.52, 7550, 7571.5, 18.10740189]
[1570050000, 7521.27, 7550, 7524.98, 7550, 12.55631485]
[1570046400, 7520.35, 7572.15, 7559.98, 7524.99, 27.66007815]
[1570042800, 7520.16, 7559.99, 7531.3, 7559.99, 33.32739765]
[1570039200, 7525.02, 7562.44, 7535.61, 7531.32, 32.02745706]
[1570035600, 7495, 7535.87, 7526.98, 7535.87, 33.32788443]
[1570032000, 7526.98, 7574.94, 7549.13, 7526.98, 32.59777048]
[1570028400, 7530.01, 7550, 7549.15, 7546.06, 24.41878863]
[1570024800, 7519.01, 7563.43, 7520, 7550, 109.83429419]
[1570021200, 7519.67, 7572.68, 7550.37, 7520, 115.96021068]
[1570017600, 7534.95, 7669, 7594.14, 7550.36, 195.75336491]
[1570014000, 7563.28, 7608, 7588.86, 7599.71, 94.41001302]
[1570010400, 7549.99, 7591.68, 7580.94, 7591.68, 135.59040032]
[1570006800, 7576.11, 7614.99, 7594.06, 7582.91, 42.26283154]
[1570003200, 7559.9, 7622.77, 7559.91, 7594.06, 54.62848059]
[1569999600, 7546.3, 7573.55, 7546.3, 7559.91, 26.82187219]
[1569996000, 7495.98, 7576.31, 7499.31, 7547.53, 121.77280723]
[1569992400, 7476.17, 7568.35, 7556.51, 7495.97, 62.45788956]
[1569988800, 7527.05, 7593.56, 7593.56, 7555.99, 26.61485136]
[1569985200, 7550.11, 7598.84, 7592.98, 7593.56, 17.79153629]
[1569981600, 7590, 7643.45, 7621, 7590, 9.53785125]
[1569978000, 7611.07, 7651.64, 7623.52, 7622.1, 10.16921592]
[1569974400, 7608, 7652.32, 7631.62, 7625.52, 9.96196182]
[1569970800, 7615.84, 7696.86, 7664.5, 7643.36, 14.66067301]
[1569967200, 7630.08, 7685, 7647.08, 7668.51, 28.74651003]
[1569963600, 7639.68, 7737.67, 7705.02, 7646.96, 47.58467143]
[1569960000, 7621.73, 7731, 7659.33, 7705.03, 55.68180186]
[1569956400, 7563.97, 7672.07, 7630.51, 7669.06, 186.71368829]
[1569952800, 7596.66, 7656.49, 7620.28, 7630.51, 65.74982133]
[1569949200, 7582.4, 7859, 7783, 7620.29, 243.10473238]
[1569945600, 7673.42, 7797, 7699.69, 7783.63, 148.43240967]
[1569942000, 7665.01, 7699.86, 7688.99, 7699.7, 56.62852831]
[1569938400, 7683.34, 7745.41, 7742.69, 7689, 105.07384713]
[1569934800, 7690.5, 7806.51, 7712, 7742.5, 89.88049984]
[1569931200, 7702.21, 7780, 7740, 7714.04, 85.84754067]
[1569927600, 7690, 7743, 7690.21, 7739.99, 42.28701315]
[1569924000, 7690.19, 7738.74, 7696.48, 7696.21, 42.43206741]
[1569920400, 7663, 7750.04, 7750.03, 7704.64, 171.41353511]
[1569916800, 7727.01, 7783.68, 7781.34, 7750.03, 93.94642641]
[1569913200, 7710.34, 7802.98, 7743.01, 7781.35, 104.79117815]
[1569909600, 7700.01, 7771, 7768.09, 7746.48, 67.09431965]
[1569906000, 7754.03, 7782.79, 7755, 7770.8, 77.3102165]
[1569902400, 7740, 7797.19, 7750.12, 7755, 38.29355851]
[1569898800, 7743.11, 7820, 7745.8, 7750.13, 40.46236881]
[1569895200, 7611.47, 7748.48, 7629.35, 7748.48, 52.18834257]
[1569891600, 7538.71, 7640.37, 7550.99, 7627.6, 15.59102776]
[1569888000, 7547.18, 7642.96, 7630.53, 7551.68, 29.1557258]
[1569884400, 7575, 7638.07, 7575, 7637.79, 28.30926561]
[1569880800, 7562, 7631.79, 7593.7, 7575.01, 39.94451559]
[1569877200, 7526.89, 7612.01, 7569.53, 7600.46, 57.93469114]
[1569873600, 7518.98, 7617.4, 7613.59, 7578.29, 113.06553092]
[1569870000, 7590.19, 7617.99, 7611.5, 7616.85, 51.17311253]
[1569866400, 7597.23, 7667.99, 7597.23, 7611.5, 104.64994101]
[1569862800, 7563.05, 7626.97, 7626.93, 7598.3, 61.96733638]
[1569859200, 7591, 7680, 7629.62, 7626.93, 114.05397993]
[1569855600, 7552.3, 7652.11, 7555.19, 7639, 198.32021034]
[1569852000, 7447.17, 7590, 7472.56, 7555, 142.88221646]
[1569848400, 7361.19, 7600, 7361.19, 7471.4, 230.08948027]
[1569844800, 7349.99, 7400, 7387.74, 7361.19, 43.21746552]
[1569841200, 7356.19, 7432.19, 7386.06, 7389.26, 76.53674386]
[1569837600, 7319.26, 7400, 7335.73, 7386.49, 139.44402866]
[1569834000, 7190.19, 7373.13, 7211.5, 7344.6, 119.98159815]
[1569830400, 7120.87, 7245, 7142.6, 7211.42, 104.21199706]
[1569826800, 7078.76, 7164.72, 7093.09, 7142.6, 84.47736835]
[1569823200, 7067.12, 7149, 7139.8, 7098.39, 108.8406117]
[1569819600, 7113.06, 7195, 7159.61, 7130.75, 60.38674405]
[1569816000, 7067.12, 7318.71, 7318.71, 7169, 212.07225142]
[1569812400, 7303.36, 7322.19, 7311.49, 7319.87, 3.72518037]
[1569808800, 7311, 7347.61, 7347.61, 7311.5, 2.27980434]
[1569805200, 7315, 7354.4, 7354.4, 7346.81, 11.91708403]
[1569801600, 7335, 7380.84, 7380.3, 7354.41, 4.27590478]
[1569798000, 7367.56, 7414.37, 7396.69, 7380.3, 14.06193846]
[1569794400, 7354.26, 7435, 7371.84, 7396.76, 44.47549188]
[1569790800, 7311.14, 7419.88, 7332.46, 7372.59, 56.98925275]
[1569787200, 7265.04, 7347.38, 7285.83, 7340.32, 54.5683294]
[1569783600, 7260.02, 7329.56, 7320.01, 7294.81, 58.04508313]
[1569780000, 7288.63, 7342.95, 7328.19, 7315.65, 25.85509231]
[1569776400, 7312.38, 7360, 7349.49, 7328.69, 29.78029927]
[1569772800, 7270.66, 7349.5, 7295.7, 7349.49, 36.14758777]
[1569769200, 7235, 7328.14, 7310.96, 7302.66, 67.36522038]
[1569765600, 7301.58, 7357.94, 7324.57, 7310.96, 43.82312181]
[1569762000, 7297.19, 7365, 7323.03, 7325, 75.56298343]
[1569758400, 7255, 7409.45, 7409.45, 7324.32, 124.05927713]
[1569754800, 7371, 7422.51, 7401.77, 7409.03, 32.03922126]
[1569751200, 7391, 7429.74, 7419.14, 7401.77, 25.90357582]
[1569747600, 7409.33, 7448.18, 7421.46, 7422.87, 32.08720557]
[1569744000, 7409.75, 7446.11, 7409.75, 7421.45, 21.67456451]
[1569740400, 7385.31, 7419.08, 7411, 7408.08, 45.61723417]
[1569736800, 7410, 7448.93, 7448.93, 7413.39, 28.82820381]
[1569733200, 7435.02, 7460, 7436.49, 7446.05, 11.63319608]
[1569729600, 7434.85, 7451.54, 7451.53, 7434.85, 4.71273218]
[1569726000, 7451.53, 7474.72, 7466.16, 7451.54, 1.18788775]
[1569722400, 7459.88, 7490.73, 7487.69, 7472.84, 19.60036102]
[1569718800, 7485.89, 7518, 7510.55, 7490.73, 4.63226449]
[1569715200, 7478.42, 7535.53, 7524.65, 7508.14, 17.8569718]
[1569711600, 7445.99, 7531.71, 7465.02, 7523.37, 38.90929737]
[1569708000, 7400, 7625, 7448.01, 7471.25, 130.67131289]
[1569704400, 7445.58, 7482.55, 7473.99, 7449.61, 13.45725987]
[1569700800, 7444, 7490, 7470.39, 7474, 30.34407392]
[1569697200, 7429.8, 7473.88, 7456.33, 7471.43, 20.73581627]
[1569693600, 7450.42, 7488, 7469, 7460, 32.52344822]
[1569690000, 7428.38, 7469, 7430.05, 7469, 36.50866192]
[1569686400, 7388.16, 7456.6, 7407.54, 7430, 57.48563594]
