[1551686400, 3281, 3296.01, 3285.01, 3281, 85.52573625]
[1551682800, 3285, 3301.59, 3285.98, 3285.01, 81.82019987]
[1551679200, 3281.77, 3287.57, 3285.05, 3285.98, 25.8038246]
[1551675600, 3270, 3304.91, 3304.9, 3285.06, 85.00346764]
[1551672000, 3299, 3332.72, 3332.71, 3304.91, 45.72605808]
[1551668400, 3332.4, 3347.01, 3347, 3332.72, 4.1559112]
[1551664800, 3347, 3349.93, 3349.92, 3347.01, 2.36791184]
[1551661200, 3347.49, 3351.8, 3350.6, 3349.92, 9.49669602]
[1551657600, 3333.92, 3351.14, 3333.93, 3350.48, 17.16303252]
[1551654000, 3325, 3340.01, 3340.01, 3333.92, 87.78853361]
[1551650400, 3340, 3343.18, 3342, 3340, 23.70511157]
[1551646800, 3342, 3350.27, 3348.83, 3342.01, 17.60625196]
[1551643200, 3342.5, 3351.39, 3345, 3349.36, 27.34424165]
[1551639600, 3343.17, 3348.82, 3348.82, 3345.01, 25.87445054]
[1551636000, 3342.52, 3349.84, 3349.84, 3348.82, 36.13299328]
[1551632400, 3345, 3350.01, 3350.01, 3349.51, 22.99069543]
[1551628800, 3340, 3351.68, 3345.21, 3350, 46.7065448]
[1551625200, 3345, 3357.1, 3357.1, 3345.2, 40.86110111]
[1551621600, 3356.29, 3363.85, 3362.49, 3357.12, 22.32701146]
[1551618000, 3345, 3362.49, 3361.19, 3362.49, 97.74052929]
[1551614400, 3356.71, 3361.51, 3359.11, 3361.19, 28.6810239]
[1551610800, 3358.12, 3363.99, 3362.26, 3358.94, 28.20410183]
[1551607200, 3356.37, 3362.74, 3358.2, 3362.26, 15.40049304]
[1551603600, 3356.03, 3359.92, 3356.46, 3358.2, 15.21221243]
[1551600000, 3350.9, 3363.99, 3362.89, 3356.44, 17.78972191]
[1551596400, 3359.14, 3363.13, 3362.48, 3363.13, 12.53688576]
[1551592800, 3354.54, 3362.94, 3360.3, 3362.48, 4.13886474]
[1551589200, 3358.55, 3363, 3362.99, 3360.3, 3.17890052]
[1551585600, 3358.28, 3363, 3358.28, 3362.99, 3.70234201]
[1551582000, 3358.28, 3362.47, 3358.29, 3358.28, 1.52260025]
[1551578400, 3358.28, 3363.6, 3360.7, 3358.28, 1.38287766]
[1551574800, 3359.93, 3363.9, 3360.56, 3360.7, 2.65026873]
[1551571200, 3353.17, 3365, 3361.92, 3360.62, 16.19165923]
[1551567600, 3357.96, 3362.22, 3361.66, 3360.57, 8.46020804]
[1551564000, 3357.9, 3363.89, 3363.32, 3361.67, 9.0920889]
[1551560400, 3353.62, 3364.4, 3354.06, 3363.4, 25.64733358]
[1551556800, 3352, 3359.96, 3357.45, 3355.29, 17.55266012]
[1551553200, 3352.2, 3358.04, 3357.21, 3357.45, 10.46743752]
[1551549600, 3348.6, 3359.36, 3351.71, 3357.29, 19.27802656]
[1551546000, 3334.41, 3358.1, 3354.32, 3351.7, 51.41360641]
[1551542400, 3346.4, 3359.28, 3358.1, 3354.27, 24.92768166]
[1551538800, 3356.05, 3360.8, 3359.55, 3358.09, 21.33254778]
[1551535200, 3356.01, 3363.29, 3363.29, 3359.55, 18.05044475]
[1551531600, 3358, 3365.04, 3360.34, 3363.29, 19.2608247]
[1551528000, 3354.24, 3362.72, 3360.29, 3360.33, 19.46293597]
[1551524400, 3349.68, 3365.04, 3349.68, 3360.03, 30.09891007]
[1551520800, 3344.7, 3349.68, 3345.16, 3349.67, 22.5491066]
[1551517200, 3344.71, 3350, 3347.3, 3345.17, 16.27573875]
[1551513600, 3321, 3347.99, 3346, 3346.43, 50.91440013]
[1551510000, 3340.8, 3353.01, 3353.01, 3346.01, 21.56841583]
[1551506400, 3348, 3355.17, 3350.9, 3353.01, 17.49072451]
[1551502800, 3348.55, 3350.9, 3348.56, 3350.9, 4.05066208]
[1551499200, 3348.55, 3363.5, 3363.5, 3348.56, 12.19502199]
[1551495600, 3361.39, 3364.86, 3361.39, 3363.5, 2.4013203]
[1551492000, 3360.2, 3363.04, 3362.91, 3361.39, 2.58865618]
[1551488400, 3358.12, 3363.02, 3360.69, 3362.91, 6.78267365]
[1551484800, 3358.01, 3363.02, 3358.04, 3360.74, 7.36995361]
[1551481200, 3356.02, 3366.43, 3362.01, 3358.04, 40.85548337]
[1551477600, 3355, 3377.58, 3377.46, 3361.78, 37.6027356]
[1551474000, 3375.72, 3378.01, 3378, 3377.45, 25.77720489]
[1551470400, 3376.52, 3379.95, 3378.01, 3378.01, 33.45402386]
[1551466800, 3376.93, 3380.08, 3376.93, 3378.01, 44.73987087]
[1551463200, 3375.08, 3384.56, 3377, 3376.92, 50.74346162]
[1551459600, 3368.88, 3382.36, 3370.23, 3377, 54.64378347]
[1551456000, 3358.55, 3375.78, 3358.56, 3370.48, 70.42335051]
[1551452400, 3357, 3361.89, 3361, 3358.55, 43.80603643]
[1551448800, 3355.41, 3364, 3360, 3361.01, 59.11481016]
[1551445200, 3352.08, 3360, 3355.06, 3360, 52.04572141]
[1551441600, 3352, 3356.78, 3355.01, 3355.05, 65.22253512]
[1551438000, 3355, 3373.59, 3361.24, 3355, 139.32208816]
[1551434400, 3358, 3364.5, 3360.96, 3361.24, 57.50647629]
[1551430800, 3357.93, 3371, 3357.93, 3360.52, 111.83384624]
[1551427200, 3351.71, 3362, 3351.71, 3358.13, 59.50584219]
[1551423600, 3345, 3357.71, 3348.82, 3351.71, 72.33587761]
[1551420000, 3345, 3349.56, 3345, 3348.82, 11.37719052]
[1551416400, 3345, 3345.01, 3345.01, 3345.01, 3.45242779]
[1551412800, 3345, 3348.31, 3348.3, 3345, 6.09636929]
[1551409200, 3346.26, 3350, 3347.78, 3348.31, 2.82543515]
[1551405600, 3346.18, 3349.72, 3346.66, 3348.54, 4.56682884]
[1551402000, 3340.74, 3349.36, 3342.87, 3346.66, 6.98715653]
[1551398400, 3341.88, 3346.39, 3341.89, 3344.08, 9.21866288]
[1551394800, 3339.65, 3350.52, 3344.96, 3341.89, 49.55033021]
[1551391200, 3338.72, 3351.14, 3350.56, 3344.96, 48.08231303]
[1551387600, 3348.93, 3351.75, 3349, 3350.56, 28.08925109]
[1551384000, 3343.07, 3350.01, 3350.01, 3349, 30.1601619]
[1551380400, 3345, 3358, 3356.12, 3348.81, 62.79097229]
[1551376800, 3338.51, 3356.04, 3343.58, 3356.04, 60.20763046]
[1551373200, 3338, 3367.01, 3367.01, 3343.58, 55.64224226]
[1551369600, 3351.64, 3391.45, 3378.22, 3367, 80.91977365]
[1551366000, 3315.16, 3419.12, 3361.34, 3377.93, 221.87252009]
[1551362400, 3357.37, 3365.34, 3357.74, 3361.33, 65.89088337]
[1551358800, 3351, 3359.04, 3353.11, 3354.12, 69.51264111]
[1551355200, 3351.01, 3361.1, 3355.48, 3352.5, 95.88137309]
[1551351600, 3352.74, 3357.79, 3352.74, 3355.49, 78.96553383]
[1551348000, 3348.62, 3366.02, 3366.02, 3352.73, 84.05363237]
[1551344400, 3362.99, 3370.37, 3363, 3366.02, 103.85413721]
[1551340800, 3345.43, 3366.64, 3345.43, 3363, 91.90094179]
[1551337200, 3341.01, 3347.57, 3345.95, 3346.93, 77.36679412]
[1551333600, 3345.94, 3353.07, 3353.07, 3345.94, 26.6850591]
[1551330000, 3345.23, 3353.52, 3345.23, 3353.07, 10.03958275]
[1551326400, 3343.27, 3345.93, 3343.28, 3345.22, 7.57757878]
[1551322800, 3340.76, 3344.81, 3341.65, 3343.28, 3.236038]
[1551319200, 3340.96, 3352.81, 3352.81, 3341.65, 24.74859874]
[1551315600, 3342.74, 3352.81, 3342.74, 3352.81, 145.10457921]
[1551312000, 3335.52, 3345.17, 3343.58, 3341.24, 124.63163291]
[1551308400, 3312.99, 3350, 3313, 3343.58, 53.94007548]
[1551304800, 3294.62, 3313, 3299.11, 3313, 53.13009641]
[1551301200, 3270, 3302.67, 3275.74, 3300.51, 95.89600311]
[1551297600, 3235, 3351.29, 3351.29, 3276.35, 446.05568418]
[1551294000, 3345.45, 3352.3, 3345.46, 3351.29, 44.0876653]
[1551290400, 3346.3, 3355, 3352.02, 3346.3, 40.36587821]
[1551286800, 3346.57, 3359.18, 3346.57, 3352.01, 122.93654572]
[1551283200, 3340, 3354.22, 3340, 3346.56, 114.78026798]
[1551279600, 3337.19, 3350.01, 3350.01, 3340.01, 127.71309409]
[1551276000, 3335.1, 3356.02, 3356.01, 3350, 144.77131411]
[1551272400, 3352.57, 3359.6, 3354.55, 3356.02, 78.82613093]
[1551268800, 3349.41, 3359.56, 3349.42, 3354.76, 66.42597719]
[1551265200, 3345.71, 3354.41, 3346.31, 3349.42, 99.89941674]
[1551261600, 3346.09, 3350.72, 3348, 3346.31, 52.31259673]
[1551258000, 3347.82, 3355.46, 3350.09, 3348.01, 97.08727508]
[1551254400, 3350.08, 3358.12, 3353.98, 3350.08, 86.33931137]
[1551250800, 3342.82, 3353.95, 3346.03, 3353.95, 30.85502381]
[1551247200, 3346.03, 3351.45, 3351.34, 3346.04, 9.61929112]
[1551243600, 3344.32, 3352, 3345.74, 3351.34, 10.36246472]
[1551240000, 3344.16, 3352.86, 3344.17, 3345.78, 7.53566483]
[1551236400, 3342.83, 3344.17, 3342.84, 3344.17, 6.01354186]
[1551232800, 3329.62, 3343.79, 3329.63, 3342.83, 11.53786608]
[1551229200, 3328.75, 3330.01, 3330, 3329.63, 14.96779507]
[1551225600, 3330, 3339.18, 3339.18, 3330.01, 21.90338881]
[1551222000, 3336.11, 3344.75, 3338.28, 3339.17, 49.96694539]
[1551218400, 3336, 3338.28, 3337.01, 3338.27, 24.91465225]
[1551214800, 3337, 3343.97, 3337.01, 3337.01, 34.57682689]
[1551211200, 3337, 3347.29, 3340.01, 3337.01, 38.71157997]
[1551207600, 3338.26, 3347.15, 3338.4, 3340.01, 38.95376088]
[1551204000, 3337.5, 3358.57, 3346.09, 3338.39, 47.27508167]
[1551200400, 3338, 3348.99, 3343.01, 3346.05, 86.91191739]
[1551196800, 3342.61, 3363, 3362, 3343.21, 99.38362059]
[1551193200, 3356.22, 3364.49, 3360.86, 3362, 51.15567239]
[1551189600, 3338.7, 3364.77, 3340.02, 3360.87, 72.84863306]
[1551186000, 3334.9, 3342.5, 3341.81, 3340.03, 64.92068343]
[1551182400, 3341.42, 3352.42, 3342.98, 3341.82, 110.18931496]
[1551178800, 3341.37, 3358.03, 3349.99, 3342.98, 87.03981897]
[1551175200, 3341.93, 3359.49, 3341.93, 3350, 49.40750196]
[1551171600, 3332.38, 3345.73, 3341.92, 3341.94, 92.46728219]
[1551168000, 3340, 3344.1, 3342.92, 3341.92, 75.78241953]
[1551164400, 3330.01, 3342.92, 3330.01, 3342.92, 49.20040436]
[1551160800, 3328, 3344.1, 3339.97, 3330.02, 16.69070703]
[1551157200, 3328, 3362.79, 3362.79, 3339.96, 46.57378947]
[1551153600, 3362.79, 3370.75, 3370.75, 3362.8, 22.13850296]
[1551150000, 3369.48, 3370.76, 3369.49, 3370.75, 2.98205147]
[1551146400, 3367.5, 3373.41, 3367.62, 3369.49, 8.00176072]
[1551142800, 3367.5, 3367.89, 3367.89, 3367.63, 3.57760878]
[1551139200, 3363, 3368.73, 3364.11, 3367.89, 15.33145933]
[1551135600, 3364.1, 3375, 3369.03, 3364.1, 17.37593655]
[1551132000, 3356.54, 3373, 3356.55, 3369.43, 28.69825336]
[1551128400, 3354.07, 3379.67, 3371, 3356.55, 68.28750647]
[1551124800, 3355.04, 3391.97, 3390, 3371, 106.97099821]
[1551121200, 3390, 3399.28, 3398.97, 3390.01, 72.18607428]
[1551117600, 3369.97, 3400, 3369.98, 3398.98, 64.03598837]
[1551114000, 3365.95, 3383, 3383, 3369.98, 80.05742075]
[1551110400, 3343.82, 3389, 3348.75, 3383, 137.77182725]
[1551106800, 3336.09, 3352.66, 3336.31, 3348.74, 94.73751881]
[1551103200, 3332.5, 3346, 3345.02, 3336.31, 93.88261782]
[1551099600, 3340, 3347.23, 3343.29, 3345.02, 71.12498499]
[1551096000, 3335, 3354.99, 3337.46, 3343.28, 107.10821748]
[1551092400, 3330.2, 3344.92, 3333.02, 3337.47, 76.11234766]
[1551088800, 3311.36, 3345.97, 3335.39, 3335.98, 80.31382216]
[1551085200, 3333, 3345.51, 3334.56, 3335.38, 92.30606008]
[1551081600, 3320.03, 3334.98, 3320.04, 3333.75, 41.48382209]
[1551078000, 3320.03, 3339.05, 3339, 3320.04, 74.21221346]
[1551074400, 3338.99, 3346.31, 3342.97, 3338.99, 34.68958081]
[1551070800, 3325.2, 3342.98, 3341.44, 3342.97, 13.1696908]
[1551067200, 3335.83, 3341.46, 3335.84, 3341.44, 8.32793541]
[1551063600, 3331, 3338.5, 3332, 3335.83, 10.16258306]
[1551060000, 3320.03, 3333, 3322.27, 3332, 5.99059488]
[1551056400, 3320.03, 3327.99, 3320.04, 3323.74, 17.22492921]
[1551052800, 3295.66, 3320.05, 3297.21, 3320.04, 28.06289149]
[1551049200, 3277.88, 3336.95, 3327.47, 3295.66, 166.51446939]
[1551045600, 3321.31, 3347.29, 3347.28, 3327.47, 41.62757993]
[1551042000, 3339.35, 3361, 3345.82, 3349.52, 85.88871524]
[1551038400, 3335.05, 3347.61, 3336.41, 3347.43, 35.03728378]
[1551034800, 3326.36, 3350.63, 3347.32, 3336.01, 91.63511079]
[1551031200, 3324, 3347.34, 3331.02, 3347.34, 65.29905315]
[1551027600, 3315.56, 3347.2, 3325, 3331.02, 78.18017408]
[1551024000, 3291.3, 3348.78, 3343.49, 3325, 172.62159949]
[1551020400, 3337.81, 3377, 3350.43, 3343.48, 131.48540057]
[1551016800, 3264, 3600, 3600, 3352.18, 860.29980301]
[1551013200, 3571.9, 3640.42, 3626.01, 3600, 95.69690145]
[1551009600, 3626, 3653.47, 3647.09, 3626.96, 50.37926545]
[1551006000, 3646.65, 3663, 3658.51, 3647.1, 58.79152746]
[1551002400, 3650, 3660, 3650.96, 3658.52, 73.15675489]
[1550998800, 3645.01, 3658.99, 3652.73, 3650.96, 60.53981662]
[1550995200, 3652.72, 3677.54, 3677.02, 3652.72, 65.18880505]
[1550991600, 3670, 3679, 3677, 3677.02, 46.65941363]
[1550988000, 3671.32, 3678, 3671.68, 3677.01, 29.5205898]
[1550984400, 3656.43, 3671.68, 3656.44, 3671.68, 20.92691742]
[1550980800, 3656.43, 3669.67, 3660.08, 3656.44, 21.00788534]
[1550977200, 3654.51, 3674.56, 3659.04, 3660.08, 164.03643397]
[1550973600, 3639, 3659.75, 3639.99, 3659.04, 30.48496886]
[1550970000, 3638.49, 3640, 3638.53, 3640, 17.92074351]
[1550966400, 3631.01, 3640, 3631.01, 3638.52, 39.47761539]
