[1558886400, 7144.22, 7167, 7166.61, 7151.14, 34.80423144]
[1558882800, 7143.84, 7170, 7166, 7166.61, 24.85647013]
[1558879200, 7136.46, 7167.2, 7144.48, 7161.57, 45.28168812]
[1558875600, 7100.01, 7157.59, 7123, 7148.03, 43.41609111]
[1558872000, 7081.28, 7134, 7099.7, 7123, 38.40938266]
[1558868400, 7056.97, 7149.74, 7147, 7099.87, 117.61548434]
[1558864800, 7121, 7162.38, 7158.64, 7150, 42.0273714]
[1558861200, 7156.66, 7176.94, 7160.71, 7159.61, 30.24653535]
[1558857600, 7143.51, 7166.84, 7160.04, 7162.06, 27.39288581]
[1558854000, 7133.01, 7178.99, 7154.74, 7166.24, 27.3140163]
[1558850400, 7120, 7160.85, 7158.44, 7150.94, 30.34477096]
[1558846800, 7143.1, 7181.01, 7181.01, 7158.21, 14.98552424]
[1558843200, 7150, 7189.85, 7156, 7181, 4.56345808]
[1558839600, 7156.01, 7195.58, 7170.02, 7156.07, 10.45472171]
[1558836000, 7170, 7208.39, 7177.89, 7170, 9.368343]
[1558832400, 7175, 7197.57, 7191.28, 7177.89, 5.66920519]
[1558828800, 7187.55, 7215.23, 7206.9, 7197.48, 15.46531309]
[1558825200, 7174.77, 7215.15, 7208.36, 7206.9, 45.18656124]
[1558821600, 7182.42, 7208.36, 7184, 7208.36, 27.15955902]
[1558818000, 7175.61, 7202.03, 7175.61, 7186.63, 20.21204686]
[1558814400, 7155.71, 7196.25, 7155.72, 7177.61, 23.42751039]
[1558810800, 7143.16, 7184.13, 7170, 7156.43, 51.9359494]
[1558807200, 7164, 7215, 7189.75, 7170, 45.77389705]
[1558803600, 7167.93, 7203.93, 7187.78, 7196.07, 23.1834461]
[1558800000, 7171.71, 7214.27, 7191.82, 7183.93, 33.32080784]
[1558796400, 7190.56, 7225, 7205.35, 7191.7, 38.71815391]
[1558792800, 7161.8, 7210.53, 7190.07, 7210.53, 30.04421998]
[1558789200, 7170, 7219.5, 7219.46, 7190.06, 32.76340578]
[1558785600, 7178, 7223, 7215.99, 7213.89, 37.24373938]
[1558782000, 7209.02, 7250, 7209.02, 7216.98, 55.05623003]
[1558778400, 7188.48, 7238.9, 7207.87, 7213.38, 61.02918503]
[1558774800, 7165, 7209, 7166.96, 7208.32, 51.40830388]
[1558771200, 7112.9, 7166.96, 7112.9, 7166.96, 29.85198332]
[1558767600, 7100.48, 7119.2, 7104.27, 7112.91, 29.21992052]
[1558764000, 7100, 7129.7, 7121.04, 7104.27, 34.78507683]
[1558760400, 7120.3, 7153.48, 7150.32, 7121.03, 16.1124775]
[1558756800, 7140.83, 7163.76, 7140.83, 7150.31, 8.8380412]
[1558753200, 7138.87, 7175.85, 7165.15, 7140.64, 5.12562895]
[1558749600, 7150.79, 7181.21, 7178.97, 7162.42, 6.11767211]
[1558746000, 7133.54, 7192.5, 7136.81, 7179.72, 10.11878197]
[1558742400, 7113.03, 7156.34, 7130.74, 7136.64, 11.93698873]
[1558738800, 7090, 7175.88, 7165.38, 7134.99, 70.91035933]
[1558735200, 7156.46, 7217.99, 7178.43, 7165.41, 25.22303551]
[1558731600, 7176.56, 7252.49, 7234.99, 7179.78, 53.86647051]
[1558728000, 7178.58, 7235, 7186.34, 7234.99, 51.54036132]
[1558724400, 7150.31, 7206.03, 7200.64, 7186.76, 59.4925489]
[1558720800, 7185.49, 7220, 7209, 7207.02, 38.08617264]
[1558717200, 7140, 7239.2, 7221.34, 7209.79, 167.05700999]
[1558713600, 7194.64, 7288.83, 7232.98, 7216.33, 136.98664041]
[1558710000, 7190.36, 7250, 7194.13, 7232.98, 240.55802574]
[1558706400, 7141, 7194.39, 7143.01, 7194.11, 66.88271439]
[1558702800, 7131, 7196.63, 7196.49, 7143.01, 122.42157693]
[1558699200, 7157.85, 7197.67, 7184.37, 7196.49, 109.24135433]
[1558695600, 7138.86, 7200, 7152, 7186.93, 87.07369147]
[1558692000, 7127.2, 7179, 7127.2, 7153.8, 88.12885654]
[1558688400, 7114.65, 7152, 7126.5, 7127.2, 133.97620171]
[1558684800, 7048.93, 7167.01, 7048.93, 7128, 225.74776928]
[1558681200, 7035.88, 7070, 7047.11, 7050.68, 56.00618663]
[1558677600, 7008.51, 7076.47, 7023.39, 7047, 70.16052403]
[1558674000, 6990.61, 7026.54, 7020.93, 7020.01, 28.37111579]
[1558670400, 7013.6, 7057.98, 7045.46, 7018.04, 15.71423514]
[1558666800, 7011.03, 7058.91, 7036.19, 7049.3, 7.07620606]
[1558663200, 7016.41, 7053.88, 7050.7, 7036.42, 9.12987817]
[1558659600, 7039.87, 7092.78, 7049, 7040, 22.11623325]
[1558656000, 7008.25, 7061.91, 7048, 7048.99, 18.78138386]
[1558652400, 7027.91, 7100, 7092.08, 7047.29, 31.48789911]
[1558648800, 7055.34, 7141.75, 7085.01, 7083.24, 63.11414152]
[1558645200, 7003.88, 7110, 7050, 7085.01, 129.21500896]
[1558641600, 6967.01, 7050, 6978, 7049.99, 91.59565604]
[1558638000, 6932, 6979.1, 6965.15, 6978.01, 48.38892274]
[1558634400, 6956.76, 6997.95, 6974.54, 6965.02, 35.48497202]
[1558630800, 6951.08, 7053, 7014.65, 6976.34, 84.08154296]
[1558627200, 6975.5, 7044.96, 6975.5, 7017.9, 102.64133878]
[1558623600, 6941.46, 7021.74, 6941.47, 6977.89, 94.76528711]
[1558620000, 6903.65, 6973.94, 6909.04, 6941.47, 103.80187557]
[1558616400, 6865, 6939.97, 6865, 6909.04, 112.41913759]
[1558612800, 6809, 6874.93, 6840, 6865, 61.13843447]
[1558609200, 6840, 6886.86, 6872.61, 6840, 47.82123281]
[1558605600, 6812.32, 6886.25, 6812.32, 6872.61, 172.84975008]
[1558602000, 6725, 6812.33, 6811, 6812.33, 255.81579862]
[1558598400, 6809.37, 6836.78, 6833.4, 6811.06, 126.75076261]
[1558594800, 6825.96, 6885, 6879.95, 6827.96, 82.63625113]
[1558591200, 6806.45, 6880.01, 6860.41, 6880, 85.77665276]
[1558587600, 6814.84, 6900, 6893.7, 6855.42, 53.63595985]
[1558584000, 6870.79, 6923.11, 6899.24, 6898.03, 38.40535825]
[1558580400, 6858.05, 6900.01, 6893.3, 6897.76, 22.22312192]
[1558576800, 6839.07, 6909.24, 6849.78, 6892.99, 17.70359218]
[1558573200, 6821.83, 6912.86, 6870, 6852.45, 23.17803258]
[1558569600, 6780, 6872.42, 6846.32, 6870.08, 37.33841051]
[1558566000, 6850, 6949.98, 6934.03, 6850, 57.68345355]
[1558562400, 6745.58, 6962.99, 6900.02, 6941.84, 265.15939679]
[1558558800, 6851.07, 7037.89, 7037.17, 6891.92, 145.15680086]
[1558555200, 6915, 7129, 7113.79, 7037.54, 255.78043607]
[1558551600, 7080.03, 7116.35, 7116.34, 7113.79, 36.3914802]
[1558548000, 7066.13, 7129.05, 7102.75, 7116.34, 54.84289464]
[1558544400, 7053, 7150, 7136.16, 7102.91, 69.42563743]
[1558540800, 7125.79, 7171.85, 7158.15, 7136.14, 65.17086479]
[1558537200, 7063.32, 7200, 7075.55, 7166.22, 105.55741851]
[1558533600, 7050.26, 7097.15, 7053.99, 7084.93, 66.98571593]
[1558530000, 6990.34, 7062, 7000, 7053, 57.24111018]
[1558526400, 7000, 7053.29, 7015.78, 7000.01, 65.78558606]
[1558522800, 6955.86, 7078.86, 7077.04, 7011.2, 184.24865424]
[1558519200, 7059, 7108.87, 7088.98, 7077.22, 126.08157769]
[1558515600, 7088, 7138.41, 7130.35, 7088.17, 97.24929622]
[1558512000, 7105, 7148.86, 7105.23, 7128.93, 89.84747805]
[1558508400, 7105.05, 7136.77, 7134.5, 7106.35, 63.68593957]
[1558504800, 7124.77, 7156.58, 7147, 7135.63, 64.47101461]
[1558501200, 7122.96, 7165.85, 7133.56, 7147.87, 39.56246329]
[1558497600, 7063.01, 7142.2, 7120.01, 7138.34, 48.82009868]
[1558494000, 7120.03, 7149.86, 7142.4, 7125.3, 17.04526735]
[1558490400, 7107.95, 7152.01, 7125.52, 7142.41, 8.15646885]
[1558486800, 7125.51, 7197, 7187.96, 7130.01, 20.00127395]
[1558483200, 7127, 7188, 7128.54, 7187.2, 20.53165719]
[1558479600, 7124.45, 7177, 7155.59, 7129.73, 18.1143483]
[1558476000, 7099, 7176, 7175.9, 7155.6, 87.86282785]
[1558472400, 7175, 7274.75, 7246.2, 7175.86, 95.62386293]
[1558468800, 7184.51, 7253.39, 7184.51, 7245.83, 119.24774605]
[1558465200, 7154.17, 7208.34, 7206.69, 7184.51, 64.43999682]
[1558461600, 7140.22, 7226.97, 7194.66, 7207.77, 148.73888114]
[1558458000, 7100, 7194.81, 7100.06, 7183.9, 81.66579472]
[1558454400, 7100, 7131.32, 7107.73, 7100.99, 49.90999016]
[1558450800, 7100.07, 7148.44, 7127.19, 7116.88, 51.81241574]
[1558447200, 7080.1, 7139.29, 7117.53, 7127.31, 65.51471326]
[1558443600, 7070, 7173.65, 7091.14, 7117.36, 102.68497743]
[1558440000, 7031.01, 7118.98, 7078.16, 7097.23, 74.68398964]
[1558436400, 7030, 7145.5, 7131.97, 7084.29, 133.45699746]
[1558432800, 7100, 7182, 7182, 7127.18, 62.55764336]
[1558429200, 7140, 7205, 7142.7, 7176.18, 79.73805414]
[1558425600, 7107.39, 7164.64, 7122.31, 7143, 56.98836625]
[1558422000, 7110.75, 7149.99, 7118, 7117.52, 67.42704731]
[1558418400, 7090.66, 7124.75, 7090.66, 7117.99, 32.03427479]
[1558414800, 7031.85, 7104.99, 7075.01, 7090.66, 21.4608662]
[1558411200, 7052.84, 7109.83, 7105.01, 7075, 25.82337495]
[1558407600, 7077.39, 7136.02, 7093.95, 7105.01, 16.99234709]
[1558404000, 7032.05, 7100.73, 7097.51, 7093.97, 23.40576655]
[1558400400, 7093.72, 7151.39, 7113.45, 7101.97, 15.66070077]
[1558396800, 7100.22, 7200.98, 7160.46, 7103.79, 27.29758917]
[1558393200, 7054.39, 7165, 7091, 7164.12, 66.31973691]
[1558389600, 7085.5, 7259.17, 7214.31, 7085.82, 120.94459379]
[1558386000, 7174.45, 7290, 7184.12, 7207.51, 181.610379]
[1558382400, 7001.02, 7190, 7013.54, 7177.9, 150.05017703]
[1558378800, 6933.56, 7056.97, 6939.99, 7013.27, 78.38667059]
[1558375200, 6905, 7000, 6964.78, 6939, 105.46750646]
[1558371600, 6955.84, 7063.89, 7034, 6958.17, 86.0448643]
[1558368000, 7018.51, 7094.51, 7028.13, 7039.35, 143.32263079]
[1558364400, 6962.95, 7048, 7019.89, 7028.09, 127.8170792]
[1558360800, 6928.13, 7020, 6955, 7019.89, 133.69547121]
[1558357200, 6810, 6969.57, 6928.02, 6953.43, 349.80301824]
[1558353600, 6900, 7114.11, 7061.25, 6928.01, 258.69614369]
[1558350000, 7050, 7142.25, 7124.93, 7060.44, 159.97066393]
[1558346400, 7084.43, 7153.17, 7098.67, 7118, 87.85829245]
[1558342800, 7030, 7131.85, 7083.33, 7098.64, 92.52788438]
[1558339200, 6954.51, 7105, 7089.53, 7083.95, 189.46645682]
[1558335600, 7050.29, 7178.75, 7090.43, 7091.13, 146.24050531]
[1558332000, 7070.7, 7193.38, 7193.38, 7079.36, 86.33447218]
[1558328400, 7128.04, 7223.09, 7223.09, 7190.01, 62.41015664]
[1558324800, 7204.29, 7297.13, 7230.29, 7213.44, 43.36364695]
[1558321200, 7106.33, 7273.54, 7115.41, 7230.44, 33.1892067]
[1558317600, 7068.78, 7158, 7154.9, 7113.21, 11.39953962]
[1558314000, 7056.83, 7170.45, 7120.04, 7158, 23.5233487]
[1558310400, 7013, 7346.13, 7340.04, 7109.19, 255.74712567]
[1558306800, 7324.89, 7438.42, 7358.99, 7348.33, 166.75044914]
[1558303200, 7197.34, 7400, 7237.89, 7359.8, 216.79041905]
[1558299600, 7193.38, 7246.97, 7199.43, 7237.9, 81.87129608]
[1558296000, 7103, 7206.55, 7145.36, 7200, 131.44569095]
[1558292400, 7132.21, 7254.99, 7167.17, 7145.33, 109.9697668]
[1558288800, 7148.48, 7184.94, 7168.23, 7179.07, 45.16523484]
[1558285200, 7112.07, 7293.78, 7120.96, 7168.55, 195.52073022]
[1558281600, 7084.93, 7169.95, 7162.03, 7129.98, 63.68273607]
[1558278000, 7110.81, 7181.27, 7134.27, 7162.03, 54.47503362]
[1558274400, 7080.21, 7138.17, 7080.21, 7138, 53.32581746]
[1558270800, 7040, 7165.72, 7141.01, 7080.21, 102.53509035]
[1558267200, 7025.01, 7226.48, 7214.01, 7144.43, 196.14582342]
[1558263600, 7190, 7279, 7261.01, 7201.69, 125.0322715]
[1558260000, 7220, 7328.39, 7259.99, 7265.68, 254.49350609]
[1558256400, 7150, 7260, 7168.02, 7260, 139.4750722]
[1558252800, 7121.53, 7176.82, 7153.79, 7168.01, 102.96940477]
[1558249200, 7102.14, 7193.42, 7124, 7154.98, 110.59371064]
[1558245600, 7110, 7156, 7117.34, 7129.63, 88.82578471]
[1558242000, 7100, 7196.35, 7163.54, 7119, 119.51305306]
[1558238400, 7049, 7195.99, 7128.48, 7154.89, 104.71686573]
[1558234800, 6889.36, 7140, 6931.33, 7129.25, 83.72080355]
[1558231200, 6829.15, 7010, 6829.15, 6927.2, 113.33963259]
[1558227600, 6558.71, 6885.8, 6558.71, 6829.73, 200.39193321]
[1558224000, 6522.1, 6569, 6540, 6559.68, 10.32556188]
[1558220400, 6517, 6570, 6556.64, 6540.01, 48.63463265]
[1558216800, 6542.32, 6598.25, 6584.65, 6557.46, 17.37867999]
[1558213200, 6535, 6596.81, 6550.01, 6590.2, 16.72201357]
[1558209600, 6510, 6550.01, 6519.6, 6550, 23.24282826]
[1558206000, 6512.22, 6579.89, 6532.26, 6519.99, 44.58067375]
[1558202400, 6504.99, 6573.17, 6563.75, 6537.93, 40.06100652]
[1558198800, 6535.18, 6620, 6618.64, 6563.57, 41.48249383]
[1558195200, 6601.08, 6645, 6628, 6618.64, 35.98417671]
[1558191600, 6602.59, 6657.07, 6620, 6628.01, 56.33324967]
[1558188000, 6590.03, 6635.46, 6590.03, 6620, 37.04914696]
[1558184400, 6545.08, 6591, 6577.95, 6591, 47.43951529]
[1558180800, 6569.3, 6619.37, 6585.21, 6577.52, 46.20904023]
[1558177200, 6551.99, 6630.96, 6552, 6585.08, 55.61761993]
[1558173600, 6533.67, 6574.07, 6567.63, 6552, 44.05662584]
[1558170000, 6474.81, 6598.28, 6598.28, 6568.16, 107.00191866]
[1558166400, 6575, 6649.97, 6584.99, 6598.28, 86.4616709]
