[1554566400, 4567.9, 4677.23, 4569.5, 4625.89, 261.71988902]
[1554562800, 4485.29, 4570.81, 4500.24, 4569.54, 119.42239854]
[1554559200, 4465.18, 4500.24, 4476.64, 4500.24, 63.76415412]
[1554555600, 4468.47, 4488.95, 4474.99, 4477.29, 28.90962844]
[1554552000, 4464, 4484.49, 4465.47, 4467.17, 32.04580032]
[1554548400, 4450.93, 4474.47, 4459.01, 4468.22, 41.50688915]
[1554544800, 4446.11, 4465.99, 4450.07, 4459.57, 24.58046498]
[1554541200, 4441, 4465.78, 4460.36, 4455.25, 45.16331761]
[1554537600, 4441, 4473.47, 4473.47, 4454.09, 54.99764463]
[1554534000, 4473.46, 4488.85, 4486.14, 4473.47, 22.1102088]
[1554530400, 4476.44, 4488.66, 4484.16, 4486.14, 12.95066291]
[1554526800, 4473.99, 4488.01, 4473.99, 4484.5, 10.77511941]
[1554523200, 4468.8, 4474, 4468.81, 4474, 3.67166227]
[1554519600, 4457.71, 4473, 4467.51, 4468.81, 1.09497684]
[1554516000, 4458.71, 4474.07, 4462.7, 4466.79, 6.21560984]
[1554512400, 4456.83, 4483.08, 4479.68, 4462.69, 5.98868336]
[1554508800, 4469.71, 4499.71, 4499.71, 4479.7, 7.86229791]
[1554505200, 4485, 4500, 4494.47, 4499.35, 17.56179353]
[1554501600, 4468.8, 4495.99, 4477.49, 4494.94, 22.87293161]
[1554498000, 4455.72, 4494.43, 4462.02, 4473.37, 75.64822161]
[1554494400, 4441.01, 4510, 4478.9, 4470.12, 77.14145185]
[1554490800, 4470.62, 4495.49, 4485.2, 4483.54, 39.52420455]
[1554487200, 4470.99, 4509.54, 4487.2, 4485.21, 79.4369717]
[1554483600, 4459.51, 4493.13, 4478.81, 4489.59, 63.64785082]
[1554480000, 4439.28, 4488.85, 4450.01, 4478.83, 63.3374961]
[1554476400, 4430, 4460.71, 4444.97, 4448.47, 75.98906912]
[1554472800, 4432.9, 4477.17, 4462, 4439.73, 96.45491222]
[1554469200, 4440, 4501.04, 4480.08, 4466.53, 195.2314232]
[1554465600, 4439.63, 4488.88, 4464.98, 4480.09, 149.04618699]
[1554462000, 4422.69, 4475, 4427.1, 4464.98, 114.41153794]
[1554458400, 4410, 4436.92, 4417.67, 4427.1, 61.44632073]
[1554454800, 4404, 4429.1, 4429.1, 4418.82, 67.02540112]
[1554451200, 4400.02, 4435.89, 4400.14, 4423.5, 110.7242325]
[1554447600, 4392, 4414, 4401, 4398.54, 70.31130554]
[1554444000, 4392, 4430.33, 4427.41, 4401.01, 54.30035105]
[1554440400, 4402.97, 4444.1, 4410.5, 4427.2, 65.03230373]
[1554436800, 4358.77, 4420, 4358.77, 4410.54, 22.04183597]
[1554433200, 4357.15, 4389.69, 4388.5, 4357.21, 9.59732641]
[1554429600, 4365.75, 4389.69, 4382.9, 4388.45, 6.44073113]
[1554426000, 4371.08, 4404.7, 4398.23, 4380.64, 5.51812292]
[1554422400, 4364.42, 4410, 4371.69, 4403.69, 13.98984247]
[1554418800, 4344.6, 4387.24, 4348.78, 4371.69, 40.16172118]
[1554415200, 4340.1, 4403.55, 4388.92, 4342.99, 64.84075683]
[1554411600, 4300.46, 4415.58, 4313.86, 4388.2, 126.98863228]
[1554408000, 4254.16, 4320, 4297.79, 4313.86, 163.42446936]
[1554404400, 4289.62, 4344.79, 4321.5, 4298.72, 126.57524716]
[1554400800, 4285.01, 4361.7, 4361.7, 4321.49, 236.13930344]
[1554397200, 4351.63, 4421, 4398.14, 4362.8, 131.7605326]
[1554393600, 4389.88, 4467.21, 4460.61, 4392.53, 123.90999625]
[1554390000, 4422.18, 4477.54, 4470.03, 4464.03, 94.57156436]
[1554386400, 4458.6, 4500, 4474.57, 4469.99, 102.27061538]
[1554382800, 4447.28, 4484.53, 4477.75, 4474.57, 87.52310417]
[1554379200, 4445, 4480, 4449.67, 4479.7, 86.61497032]
[1554375600, 4384, 4455, 4426.68, 4454.92, 141.52527417]
[1554372000, 4412.99, 4473.57, 4463.02, 4426.68, 111.83998593]
[1554368400, 4445.39, 4485, 4483.7, 4472.83, 81.32040947]
[1554364800, 4441.13, 4505, 4487.01, 4479.97, 151.69410373]
[1554361200, 4460, 4500, 4494.27, 4490, 190.91061359]
[1554357600, 4464.01, 4511.18, 4464.01, 4493.64, 141.23799587]
[1554354000, 4451.44, 4492.8, 4459.08, 4464.01, 76.32746361]
[1554350400, 4398.35, 4461.91, 4419, 4460.39, 79.28733936]
[1554346800, 4392.96, 4466.09, 4458.32, 4419.7, 67.28271932]
[1554343200, 4440.01, 4471.93, 4443.05, 4466.06, 38.35155919]
[1554339600, 4415.28, 4503.22, 4470, 4437.27, 33.30685178]
[1554336000, 4357.35, 4470, 4424.9, 4470, 77.13654689]
[1554332400, 4261, 4537.35, 4533.99, 4424.98, 491.25863064]
[1554328800, 4459.44, 4684.82, 4625, 4549.07, 409.12319769]
[1554325200, 4624.52, 4759, 4724.93, 4625, 325.51569541]
[1554321600, 4587.08, 4740.16, 4588.81, 4721.03, 328.13919628]
[1554318000, 4569, 4610, 4588.49, 4587, 140.38216167]
[1554314400, 4560, 4621.04, 4572.46, 4588.49, 163.92647064]
[1554310800, 4510.29, 4620.61, 4564.31, 4572.66, 276.91151599]
[1554307200, 4469.09, 4580, 4469.09, 4571.97, 359.1378487]
[1554303600, 4461.79, 4486.62, 4470.1, 4469.09, 132.44604599]
[1554300000, 4461.79, 4503.86, 4503.8, 4471.78, 140.40496226]
[1554296400, 4456.02, 4505.27, 4459.95, 4503.2, 135.29815835]
[1554292800, 4425.35, 4483.99, 4427.43, 4459.96, 141.80679149]
[1554289200, 4410.06, 4441.92, 4417.83, 4427.45, 113.03554771]
[1554285600, 4406.7, 4442.66, 4431.57, 4417.17, 128.79684371]
[1554282000, 4398.63, 4436.19, 4415.92, 4431.59, 114.79781555]
[1554278400, 4390.17, 4431.29, 4424.81, 4415.14, 189.20820581]
[1554274800, 4416.1, 4467.26, 4449.97, 4425.03, 141.83381384]
[1554271200, 4400, 4456.27, 4416.26, 4450.16, 159.87640813]
[1554267600, 4384, 4431.98, 4384.26, 4416.63, 82.34178249]
[1554264000, 4340, 4506, 4506, 4384.26, 172.36401561]
[1554260400, 4444.02, 4528.7, 4521.58, 4506.01, 106.45921524]
[1554256800, 4424.52, 4521.65, 4433.89, 4521.58, 97.20197469]
[1554253200, 4394.12, 4451.44, 4441.7, 4436.87, 52.52386495]
[1554249600, 4372.26, 4462, 4373.87, 4441.97, 96.36189355]
[1554246000, 4299.94, 4412.14, 4299.95, 4378.7, 137.10606312]
[1554242400, 4267.82, 4301.39, 4276.92, 4299.94, 89.20988205]
[1554238800, 4261.73, 4314.47, 4285.25, 4276.92, 114.41732347]
[1554235200, 4239.47, 4311, 4257.92, 4284.09, 218.78275625]
[1554231600, 4220, 4266.97, 4228.1, 4257.37, 125.87082922]
[1554228000, 4210.12, 4230, 4212.22, 4228.1, 123.80256301]
[1554224400, 4185, 4232.37, 4232.36, 4213.32, 111.63707092]
[1554220800, 4217.04, 4248.75, 4245.01, 4232.36, 183.38914109]
[1554217200, 4200, 4250, 4246.51, 4245.01, 309.28717272]
[1554213600, 4171.66, 4294.79, 4292.32, 4245, 322.65562747]
[1554210000, 4280, 4302.01, 4295.91, 4292.79, 142.27289737]
[1554206400, 4258.19, 4307.21, 4270.02, 4303.73, 250.51746234]
[1554202800, 4269.6, 4294.41, 4279.09, 4270.03, 175.19536053]
[1554199200, 4251, 4294.32, 4294.32, 4279.12, 200.63909952]
[1554195600, 4194.29, 4320, 4201.6, 4289.15, 293.01063096]
[1554192000, 4189.99, 4222.12, 4190, 4206.74, 274.64251613]
[1554188400, 4173.71, 4213.99, 4205.78, 4190, 259.07632564]
[1554184800, 4100, 4243.62, 4100, 4206.23, 404.36658897]
[1554181200, 4065.18, 4500, 4144.2, 4075, 707.16747254]
[1554177600, 3725.69, 4260, 3727.75, 4144.09, 579.16488211]
[1554174000, 3719.71, 3730, 3723.01, 3728.95, 21.74981677]
[1554170400, 3709.97, 3729.49, 3709.97, 3723.26, 75.93198984]
[1554166800, 3698.65, 3710.39, 3710.38, 3709.98, 31.33066977]
[1554163200, 3699.32, 3712.36, 3700.51, 3708.91, 11.64118674]
[1554159600, 3700.25, 3707.03, 3703.37, 3701.67, 22.38946738]
[1554156000, 3697.57, 3707.06, 3697.59, 3705.28, 20.03541874]
[1554152400, 3689.98, 3698.21, 3690.01, 3697.59, 29.1516844]
[1554148800, 3690, 3695.1, 3691, 3691.05, 40.73325735]
[1554145200, 3690, 3695.47, 3694.93, 3691, 59.48761928]
[1554141600, 3688.42, 3696.69, 3691.94, 3695.1, 46.32691182]
[1554138000, 3690, 3700.76, 3700.29, 3691.93, 48.12915836]
[1554134400, 3693.55, 3702.62, 3693.56, 3700.29, 82.4093766]
[1554130800, 3683.73, 3694.74, 3688.17, 3693.56, 135.89088053]
[1554127200, 3682.22, 3699.4, 3683.99, 3688.4, 98.6651974]
[1554123600, 3675, 3684, 3681.83, 3684, 85.08117053]
[1554120000, 3671.2, 3682.4, 3674.6, 3681.83, 66.63086281]
[1554116400, 3670, 3679.98, 3678.14, 3674.59, 64.43213962]
[1554112800, 3675, 3683.56, 3679.71, 3678.15, 70.68818848]
[1554109200, 3675.17, 3684, 3678.63, 3680.34, 88.15550594]
[1554105600, 3662.2, 3679.32, 3675.41, 3679.31, 101.01347222]
[1554102000, 3675.4, 3680.66, 3676.24, 3675.4, 82.3076989]
[1554098400, 3671.65, 3680.99, 3676.37, 3678.04, 42.36103204]
[1554094800, 3670.79, 3676.73, 3674.25, 3675.58, 25.296395]
[1554091200, 3670.1, 3677.99, 3675, 3674.25, 17.68630579]
[1554087600, 3664.83, 3681, 3671.01, 3680.35, 12.81593216]
[1554084000, 3667.04, 3680.35, 3668.89, 3672.26, 31.57043449]
[1554080400, 3662.32, 3681, 3667.52, 3667.95, 45.09140613]
[1554076800, 3621.32, 3670, 3649.14, 3667.51, 92.74102226]
[1554073200, 3646.13, 3649.99, 3646.13, 3647.87, 10.21561229]
[1554069600, 3644.23, 3648, 3647.98, 3646.13, 15.67680363]
[1554066000, 3645.21, 3655.45, 3655.44, 3647.8, 27.18530325]
[1554062400, 3654.72, 3658, 3654.98, 3655.44, 32.32472867]
[1554058800, 3652.3, 3657.41, 3652.31, 3654.98, 28.71045696]
[1554055200, 3650.53, 3654.71, 3651.71, 3652.3, 32.62584855]
[1554051600, 3644.84, 3654.63, 3645.06, 3652.09, 45.57433991]
[1554048000, 3644.18, 3653.16, 3647.86, 3650.76, 39.33996043]
[1554044400, 3645.69, 3657.07, 3652.88, 3648.22, 32.74435695]
[1554040800, 3645.96, 3652.89, 3650.03, 3652.88, 15.9978847]
[1554037200, 3645.12, 3652.99, 3647.69, 3649.95, 29.18460215]
[1554033600, 3640.44, 3654.84, 3654.84, 3647.56, 78.03256167]
[1554030000, 3647, 3654.94, 3647.01, 3654.84, 54.93409708]
[1554026400, 3639.33, 3649.98, 3642.74, 3647.52, 74.70696006]
[1554022800, 3639.2, 3646.21, 3641.71, 3642.62, 27.80572743]
[1554019200, 3636.04, 3641.71, 3636.83, 3641.29, 16.78656372]
[1554015600, 3635.61, 3641.71, 3640.49, 3636.25, 19.16968024]
[1554012000, 3637.09, 3641.73, 3641.73, 3640.65, 21.48961681]
[1554008400, 3637.9, 3644.98, 3644.98, 3641.67, 14.83097667]
[1554004800, 3640.04, 3652.12, 3649.04, 3645.44, 7.0520611]
[1554001200, 3640, 3648.65, 3640.66, 3648.32, 20.63540524]
[1553997600, 3640, 3649.19, 3649.19, 3640.19, 4.34517402]
[1553994000, 3644.81, 3652.13, 3647.27, 3644.81, 7.91818904]
[1553990400, 3640.49, 3652.5, 3649.43, 3646.55, 12.08642913]
[1553986800, 3640.99, 3649.45, 3641, 3649.43, 20.07674779]
[1553983200, 3640, 3645, 3643.95, 3641, 27.58781473]
[1553979600, 3635.34, 3644.24, 3636.77, 3643.95, 41.71385756]
[1553976000, 3635.12, 3640.04, 3640.04, 3636.76, 29.83614274]
[1553972400, 3635.12, 3641.15, 3639.32, 3640.03, 22.55466803]
[1553968800, 3631.26, 3639.8, 3633.83, 3639.39, 22.62497268]
[1553965200, 3626.86, 3639.8, 3638, 3633.84, 15.44876353]
[1553961600, 3623, 3638, 3632.3, 3637.04, 27.70891655]
[1553958000, 3630.24, 3642.03, 3640.91, 3630.26, 17.25397711]
[1553954400, 3633.56, 3641.51, 3640.17, 3635.91, 24.23626608]
[1553950800, 3638, 3646.9, 3646.17, 3640.57, 21.83106803]
[1553947200, 3640.8, 3646.95, 3642, 3643.6, 42.63738187]
[1553943600, 3631.29, 3642.76, 3632.45, 3641.83, 17.87034465]
[1553940000, 3630, 3643.62, 3642.88, 3632.33, 32.93629779]
[1553936400, 3639.5, 3647.14, 3643.91, 3642.88, 27.56062374]
[1553932800, 3636.82, 3650.26, 3650.26, 3644.14, 36.16677965]
[1553929200, 3640.93, 3651.17, 3650, 3649.42, 23.2666967]
[1553925600, 3644.3, 3653.12, 3647.54, 3650.01, 14.98819355]
[1553922000, 3636.53, 3645.89, 3636.73, 3645.89, 19.81739207]
[1553918400, 3620, 3644.42, 3644.42, 3636.73, 54.2245549]
[1553914800, 3641.81, 3667.51, 3667.51, 3644.49, 16.63858719]
[1553911200, 3662.54, 3668.31, 3664.99, 3667.63, 4.77243409]
[1553907600, 3659.19, 3678.33, 3677.39, 3664.45, 32.45135466]
[1553904000, 3653, 3681, 3653.01, 3677.4, 40.16905979]
[1553900400, 3640.67, 3653, 3643.14, 3653, 16.79498187]
[1553896800, 3642.06, 3649.41, 3646.48, 3642.47, 40.35122162]
[1553893200, 3638.03, 3646.49, 3638.03, 3646.48, 23.55374236]
[1553889600, 3634.34, 3643.99, 3642.88, 3638.03, 24.37653881]
[1553886000, 3642, 3654.31, 3653, 3643.29, 38.60286147]
[1553882400, 3639.49, 3653.91, 3643.02, 3653.91, 45.40126983]
[1553878800, 3637.58, 3644.74, 3641.06, 3643.6, 41.72692415]
[1553875200, 3632.9, 3642.38, 3636.97, 3640.81, 71.20738151]
[1553871600, 3627.46, 3642.76, 3627.46, 3635, 81.00126759]
[1553868000, 3625.04, 3636.87, 3636.61, 3627.77, 81.64741587]
[1553864400, 3628.12, 3639.35, 3634.96, 3636.62, 74.34311725]
[1553860800, 3620.07, 3654.07, 3654.07, 3634.8, 98.95074448]
[1553857200, 3628.39, 3655, 3637.48, 3654.43, 148.80011578]
[1553853600, 3629.99, 3651, 3634.6, 3640.34, 167.25285369]
[1553850000, 3596.4, 3639, 3596.41, 3634.13, 179.51186622]
[1553846400, 3582.18, 3602.53, 3595.81, 3596.4, 173.76298814]
