[1552406400, 3412.61, 3426.22, 3421.22, 3424.44, 103.0971856]
[1552402800, 3420, 3439.75, 3435.05, 3421.22, 80.56185573]
[1552399200, 3432.03, 3439.45, 3432.03, 3436.26, 131.16255212]
[1552395600, 3432.03, 3442.07, 3440.88, 3432.03, 113.78743395]
[1552392000, 3433.37, 3442.35, 3439.89, 3440.89, 59.21172413]
[1552388400, 3437, 3444.25, 3438, 3437, 74.00225014]
[1552384800, 3430.2, 3441.96, 3430.2, 3438.01, 56.38230078]
[1552381200, 3422.6, 3432.45, 3430, 3432.45, 69.56794578]
[1552377600, 3405.75, 3433, 3405.96, 3430.01, 62.05489483]
[1552374000, 3400.79, 3409.75, 3400.8, 3406.01, 48.76660842]
[1552370400, 3400, 3403.27, 3401.41, 3400.8, 14.16299479]
[1552366800, 3396.45, 3404.58, 3396.46, 3401.4, 6.32575894]
[1552363200, 3382.01, 3396.46, 3389.63, 3396.46, 8.78062618]
[1552359600, 3381.34, 3396.29, 3387.1, 3389.62, 5.0060526]
[1552356000, 3381.16, 3403.16, 3398.4, 3387.1, 39.71450005]
[1552352400, 3395.26, 3409.55, 3406.02, 3398.39, 30.18820769]
[1552348800, 3406, 3427.14, 3425.23, 3406.02, 19.11577151]
[1552345200, 3422.91, 3430.01, 3430.01, 3426.3, 25.39223407]
[1552341600, 3427, 3433.97, 3429.29, 3430, 38.80626748]
[1552338000, 3422.66, 3431.86, 3424.94, 3429.21, 28.51495867]
[1552334400, 3419.95, 3428.52, 3422.31, 3424.93, 39.76630307]
[1552330800, 3419, 3434.65, 3432.43, 3422.31, 36.86810159]
[1552327200, 3425, 3436, 3428.35, 3432.13, 41.14599509]
[1552323600, 3422.64, 3433.68, 3426.24, 3428.35, 36.66473654]
[1552320000, 3418.14, 3428.91, 3418.97, 3426.24, 64.01761326]
[1552316400, 3416.04, 3428, 3425.36, 3418.21, 61.17783369]
[1552312800, 3415, 3428.96, 3428.96, 3425.42, 72.66700077]
[1552309200, 3404.74, 3429, 3410.01, 3428.95, 61.30982577]
[1552305600, 3392.47, 3436.01, 3436, 3410.84, 177.76161527]
[1552302000, 3436, 3444.52, 3444.52, 3436, 88.63547649]
[1552298400, 3442.28, 3451.94, 3449.18, 3444.52, 87.23125907]
[1552294800, 3437.37, 3449.18, 3444.3, 3449.18, 60.57640633]
[1552291200, 3433.98, 3446.62, 3438.4, 3444.41, 85.01516648]
[1552287600, 3437.06, 3451.95, 3447, 3438.39, 60.05509456]
[1552284000, 3437.99, 3447.08, 3437.99, 3446.23, 27.20840141]
[1552280400, 3424.07, 3468, 3468, 3438, 85.99795027]
[1552276800, 3468.01, 3479.55, 3479.14, 3468.02, 11.1194557]
[1552273200, 3479.1, 3479.14, 3479.11, 3479.14, 5.09613972]
[1552269600, 3478, 3479.11, 3478.01, 3479.11, 3.19616133]
[1552266000, 3473.6, 3478.01, 3473.6, 3478, 110.1138853]
[1552262400, 3468.02, 3473.79, 3468.22, 3473.6, 35.37860848]
[1552258800, 3468.22, 3472.27, 3471.24, 3468.22, 89.76175307]
[1552255200, 3468.09, 3472.09, 3469.97, 3471.23, 31.09864271]
[1552251600, 3469.96, 3469.98, 3469.98, 3469.97, 27.7922879]
[1552248000, 3455.97, 3470.16, 3455.98, 3469.98, 52.50673892]
[1552244400, 3455, 3456.64, 3455.88, 3455.98, 32.80254407]
[1552240800, 3455.44, 3457.54, 3457.53, 3455.88, 27.24611943]
[1552237200, 3457.18, 3463.99, 3457.95, 3457.53, 52.24599683]
[1552233600, 3457.95, 3463.01, 3463.01, 3457.96, 20.5215991]
[1552230000, 3463, 3464.6, 3463.06, 3463.01, 37.24459985]
[1552226400, 3459, 3464.57, 3459.01, 3463.05, 23.89436964]
[1552222800, 3459, 3462, 3459.95, 3459, 19.11137676]
[1552219200, 3458.25, 3470.91, 3464.15, 3459.95, 41.49577526]
[1552215600, 3459.07, 3466.84, 3461.78, 3464.14, 41.31880283]
[1552212000, 3457, 3465.97, 3457, 3461.78, 59.44521639]
[1552208400, 3457, 3467.4, 3466.1, 3457.01, 25.62838808]
[1552204800, 3459.99, 3468, 3460, 3466.08, 17.16431304]
[1552201200, 3456.52, 3463.45, 3463.45, 3457.86, 16.22074713]
[1552197600, 3452.64, 3470.43, 3470.42, 3463.44, 36.40551163]
[1552194000, 3470.4, 3470.42, 3470.4, 3470.42, 3.09989417]
[1552190400, 3468.4, 3473.68, 3472.89, 3470.4, 9.7836429]
[1552186800, 3469.14, 3479.99, 3479.99, 3472.89, 5.19606499]
[1552183200, 3479.93, 3485.2, 3485.18, 3479.99, 5.1552604]
[1552179600, 3479.64, 3485.46, 3479.65, 3485.19, 15.75152096]
[1552176000, 3477.47, 3485.46, 3485, 3483.12, 34.08696243]
[1552172400, 3473.91, 3485, 3473.91, 3485, 32.27138483]
[1552168800, 3462, 3475, 3466.2, 3473.92, 27.66735572]
[1552165200, 3465.1, 3469.52, 3466.96, 3466.2, 40.81130272]
[1552161600, 3466.96, 3485.17, 3485.17, 3466.97, 75.7083397]
[1552158000, 3476.23, 3485.46, 3481.32, 3485.17, 20.7288408]
[1552154400, 3475.8, 3485, 3475.81, 3481.32, 23.41403485]
[1552150800, 3475, 3480.26, 3480.26, 3475.8, 71.0335595]
[1552147200, 3480, 3514, 3495.92, 3480.26, 112.71741405]
[1552143600, 3487.69, 3512.61, 3493.05, 3495.91, 162.54280072]
[1552140000, 3480, 3495, 3480.01, 3493.05, 50.90054229]
[1552136400, 3479.31, 3492.01, 3480.01, 3480.01, 33.11789759]
[1552132800, 3475, 3481.26, 3475.01, 3480.01, 35.87921564]
[1552129200, 3475, 3475.21, 3475.21, 3475, 19.31593225]
[1552125600, 3475.2, 3480.87, 3476.65, 3475.2, 79.4892221]
[1552122000, 3469.3, 3480.98, 3469.31, 3476.66, 25.9928576]
[1552118400, 3463.52, 3472.4, 3464.02, 3469.3, 28.02578525]
[1552114800, 3459.99, 3476.66, 3460, 3462.32, 85.88055398]
[1552111200, 3439.21, 3460, 3439.21, 3460, 28.21483362]
[1552107600, 3434.67, 3439.47, 3438.04, 3436.49, 4.82737217]
[1552104000, 3429.99, 3437.42, 3433.2, 3437.42, 1.96274425]
[1552100400, 3431.32, 3440.91, 3439, 3433.19, 16.16432142]
[1552096800, 3430.56, 3439, 3434.42, 3439, 10.35652674]
[1552093200, 3431.34, 3436.83, 3431.76, 3434.43, 10.56959612]
[1552089600, 3422.12, 3432.34, 3422.13, 3431.76, 27.65962444]
[1552086000, 3410.4, 3424.37, 3411.96, 3422.13, 22.24860051]
[1552082400, 3367.5, 3448.27, 3448.27, 3411.96, 139.85084085]
[1552078800, 3444.55, 3472.63, 3472, 3447.34, 62.118239]
[1552075200, 3464.49, 3472.63, 3468.8, 3472, 49.77020356]
[1552071600, 3461.31, 3468.8, 3466.03, 3468.8, 41.5478477]
[1552068000, 3460.66, 3468.8, 3466.97, 3466.02, 47.65599774]
[1552064400, 3456.88, 3468.16, 3459.2, 3466.97, 65.1407578]
[1552060800, 3457.68, 3469.34, 3467.28, 3459.19, 57.18246068]
[1552057200, 3465.05, 3471.79, 3470, 3467.27, 110.13237764]
[1552053600, 3466.64, 3470.01, 3468.67, 3470, 50.6690985]
[1552050000, 3460.27, 3470, 3466.35, 3468.67, 56.31998736]
[1552046400, 3459.97, 3468.11, 3463.01, 3466.34, 56.45005853]
[1552042800, 3463, 3470, 3469.34, 3463, 148.53169771]
[1552039200, 3454.95, 3469.34, 3454.95, 3469.34, 65.81389814]
[1552035600, 3452.07, 3464.95, 3457.09, 3454.94, 123.10044536]
[1552032000, 3455, 3469.12, 3458.46, 3457.08, 144.87931606]
[1552028400, 3453.08, 3470, 3470, 3458.48, 68.32526548]
[1552024800, 3459.99, 3490, 3460.99, 3470, 44.31629562]
[1552021200, 3451.34, 3461, 3452.46, 3461, 12.37641579]
[1552017600, 3444.03, 3452.47, 3444.03, 3452.47, 65.55454949]
[1552014000, 3444.01, 3451.53, 3451.53, 3444.01, 4.38838015]
[1552010400, 3446.01, 3454.92, 3450.54, 3451.53, 11.9439495]
[1552006800, 3443.68, 3459.84, 3457.63, 3447.74, 12.8734342]
[1552003200, 3444.11, 3457.63, 3447, 3457.63, 20.25735163]
[1551999600, 3444.12, 3456.83, 3454.99, 3445.66, 41.3026943]
[1551996000, 3451.03, 3463.3, 3458.5, 3454.36, 41.54625262]
[1551992400, 3452, 3464.02, 3463.98, 3458.5, 35.42093925]
[1551988800, 3453.14, 3464, 3455.57, 3463.99, 38.54372592]
[1551985200, 3448.99, 3458.03, 3449, 3455.37, 53.04405648]
[1551981600, 3440.36, 3449.5, 3440.36, 3449, 41.72520066]
[1551978000, 3431.92, 3460, 3457.3, 3440.37, 101.63560867]
[1551974400, 3439.1, 3457.3, 3439.1, 3457.29, 80.95655974]
[1551970800, 3437.63, 3455, 3450.27, 3439.08, 91.38590953]
[1551967200, 3418.46, 3450.26, 3428, 3450.26, 69.8813418]
[1551963600, 3422.71, 3435, 3427, 3428.01, 159.81930524]
[1551960000, 3410.12, 3427, 3413.06, 3426.99, 114.07339003]
[1551956400, 3398.79, 3430.71, 3399.48, 3413.06, 240.19036285]
[1551952800, 3389.9, 3403.53, 3403.53, 3399.49, 60.99409057]
[1551949200, 3390.15, 3410.03, 3410.03, 3403.54, 177.80205248]
[1551945600, 3410.02, 3419.18, 3417.49, 3410.02, 35.57915453]
[1551942000, 3416.02, 3419.74, 3416.02, 3417.49, 38.70249894]
[1551938400, 3411, 3419.5, 3418.16, 3416.02, 14.09084811]
[1551934800, 3415, 3437.98, 3435.28, 3418.04, 55.02302247]
[1551931200, 3425, 3437.2, 3425, 3435.27, 18.18744129]
[1551927600, 3418.99, 3427.52, 3419, 3425, 7.91385908]
[1551924000, 3413.5, 3422.58, 3422.58, 3418.99, 11.0630934]
[1551920400, 3411.99, 3432.48, 3412, 3422.58, 21.63893012]
[1551916800, 3407.06, 3419.91, 3407.07, 3411.99, 33.85689894]
[1551913200, 3405.97, 3408.92, 3407.29, 3407.06, 21.07682187]
[1551909600, 3402.33, 3408.85, 3406.01, 3407.06, 25.42346744]
[1551906000, 3397.99, 3407.99, 3400.56, 3406.01, 32.03558267]
[1551902400, 3397.82, 3405.98, 3404.84, 3402.01, 39.84985768]
[1551898800, 3400.24, 3408.01, 3407, 3404.87, 58.41623994]
[1551895200, 3400.88, 3408.01, 3408, 3407, 50.67017418]
[1551891600, 3401.27, 3412.34, 3410.85, 3408.01, 68.95162362]
[1551888000, 3399.99, 3412.41, 3406.89, 3410.85, 60.94932966]
[1551884400, 3395.69, 3409.84, 3395.69, 3406.89, 71.17695666]
[1551880800, 3391.39, 3400.74, 3400.26, 3395.68, 80.38059674]
[1551877200, 3396.54, 3410.01, 3410.01, 3400.35, 84.55104817]
[1551873600, 3404.32, 3411, 3409.96, 3410.01, 47.69092501]
[1551870000, 3401.09, 3409.97, 3408, 3409.96, 76.32153411]
[1551866400, 3395.25, 3438, 3404, 3408, 135.6973291]
[1551862800, 3390.13, 3404, 3392.91, 3404, 68.35042731]
[1551859200, 3389.54, 3402.83, 3402.83, 3392.9, 36.95018309]
[1551855600, 3396, 3407.37, 3396.1, 3402.83, 48.23506047]
[1551852000, 3382.12, 3400, 3385.01, 3396.1, 12.42957404]
[1551848400, 3379.1, 3387.91, 3379.1, 3385.01, 3.55714933]
[1551844800, 3376.72, 3385, 3380.82, 3379.1, 5.89052532]
[1551841200, 3374.3, 3393.47, 3391.76, 3382.11, 8.30190322]
[1551837600, 3381.92, 3392.83, 3387.86, 3391.74, 5.02239077]
[1551834000, 3377.27, 3391.77, 3391.77, 3388, 9.38069934]
[1551830400, 3368.22, 3409, 3402.54, 3391.76, 45.96113986]
[1551826800, 3392.17, 3402.54, 3393.69, 3402.54, 25.01332303]
[1551823200, 3389.08, 3394.28, 3391.98, 3393.98, 23.98785288]
[1551819600, 3386, 3399.52, 3397.01, 3391, 61.10482477]
[1551816000, 3391, 3407.61, 3407.61, 3397.01, 50.99129901]
[1551812400, 3394.25, 3408.79, 3398, 3407.61, 56.51692134]
[1551808800, 3395.54, 3404.99, 3399.46, 3397.99, 76.05541488]
[1551805200, 3392.09, 3410, 3394.79, 3399.45, 85.36608191]
[1551801600, 3386.07, 3435.9, 3386.07, 3394.65, 279.36074413]
[1551798000, 3373.75, 3395.12, 3373.75, 3386.07, 102.99160673]
[1551794400, 3368.28, 3389.7, 3385, 3373.86, 195.13421759]
[1551790800, 3303.86, 3385, 3303.87, 3385, 265.45871098]
[1551787200, 3290.13, 3312.75, 3295, 3303.08, 94.15619341]
[1551783600, 3287.73, 3296.64, 3293, 3295, 83.44175771]
[1551780000, 3290.09, 3295.45, 3290.51, 3292.99, 81.93048699]
[1551776400, 3290, 3298.95, 3294.52, 3290.53, 87.02371898]
[1551772800, 3283.03, 3298.81, 3284.49, 3294.41, 123.15333545]
[1551769200, 3278, 3286.78, 3279.02, 3284.5, 45.34921524]
[1551765600, 3274.99, 3282, 3275, 3279.01, 14.84684536]
[1551762000, 3272.37, 3275, 3272.98, 3275, 5.57261299]
[1551758400, 3264.85, 3274.98, 3264.86, 3272.98, 6.02604382]
[1551754800, 3263.99, 3271.11, 3263.99, 3264.86, 3.9351322]
[1551751200, 3263.99, 3274.42, 3270.55, 3263.99, 6.26637596]
[1551747600, 3267.97, 3275, 3273.56, 3270.57, 6.39691248]
[1551744000, 3270.52, 3275, 3270.53, 3273.55, 13.1526884]
[1551740400, 3260, 3270.53, 3265.01, 3270.53, 83.44109725]
[1551736800, 3265, 3273, 3269.79, 3265, 34.5802842]
[1551733200, 3269.78, 3275.99, 3275.01, 3269.79, 94.43898838]
[1551729600, 3275, 3281.85, 3276.99, 3275, 38.27479133]
[1551726000, 3272, 3280.64, 3277.48, 3277, 44.72093525]
[1551722400, 3277.34, 3287.3, 3287.3, 3277.48, 56.72994146]
[1551718800, 3285, 3292.66, 3287, 3287.31, 47.42334202]
[1551715200, 3277.65, 3290.19, 3277.66, 3287.14, 42.21858906]
[1551711600, 3275.57, 3294.54, 3279.51, 3277.65, 86.83392231]
[1551708000, 3270.43, 3279.52, 3270.83, 3279.52, 82.69024995]
[1551704400, 3262.81, 3275.42, 3266.43, 3270.83, 78.54980927]
[1551700800, 3264.37, 3281.83, 3277.02, 3266.42, 61.94677908]
[1551697200, 3262.03, 3283.49, 3268.05, 3277.25, 82.04322512]
[1551693600, 3252.99, 3279.01, 3279.01, 3268.05, 98.66819018]
[1551690000, 3279, 3288.99, 3281.01, 3279.01, 76.68532276]
[1551686400, 3281, 3296.01, 3285.01, 3281, 85.52573625]
