[1558166400, 6575, 6649.97, 6584.99, 6598.28, 86.4616709]
[1558162800, 6568.09, 6660.63, 6633.91, 6585, 102.26400005]
[1558159200, 6630, 6704.88, 6697, 6633.92, 90.92334712]
[1558155600, 6629.15, 6749, 6669.17, 6699.02, 122.61856316]
[1558152000, 6578.29, 6669.99, 6630, 6669.18, 46.52639792]
[1558148400, 6560.34, 6625.49, 6562.96, 6625.02, 28.47997979]
[1558144800, 6523.96, 6586.42, 6529.76, 6562.9, 30.85093258]
[1558141200, 6511.13, 6598.31, 6564.92, 6531.23, 23.52093362]
[1558137600, 6542.35, 6666.64, 6608.4, 6551.84, 91.23041075]
[1558134000, 6485.07, 6640.45, 6485.07, 6607.41, 120.55031659]
[1558130400, 6460.03, 6581.82, 6498.99, 6487.07, 179.7963795]
[1558126800, 6371.25, 6499, 6371.99, 6499, 133.75113376]
[1558123200, 6325.18, 6389.87, 6379.23, 6370, 62.08961593]
[1558119600, 6302.31, 6390, 6351.57, 6389.87, 117.60474487]
[1558116000, 6261.83, 6364.08, 6303.21, 6351.1, 89.62915558]
[1558112400, 6264.48, 6370, 6355, 6303.3, 160.65865418]
[1558108800, 6256.24, 6446.72, 6350.01, 6355, 298.02902994]
[1558105200, 6350, 6442.58, 6402.34, 6350.01, 124.02979936]
[1558101600, 6400, 6500, 6410, 6404.98, 263.5445547]
[1558098000, 6291.61, 6410, 6350, 6410, 259.36031406]
[1558094400, 6150, 6411.15, 6406.62, 6350, 765.49747114]
[1558090800, 6320, 6490, 6468.98, 6409.97, 265.98750837]
[1558087200, 6410, 6538.97, 6538.38, 6475.32, 177.16978869]
[1558083600, 6460.78, 6549, 6524.06, 6529.32, 158.94798389]
[1558080000, 6463, 6539.04, 6516.8, 6530.49, 157.9510615]
[1558076400, 6398.41, 6588.99, 6399.78, 6528.27, 321.30959573]
[1558072800, 6248.01, 6459.03, 6374.95, 6410.17, 396.54646894]
[1558069200, 6355, 6568.99, 6460.23, 6355.03, 301.82113379]
[1558065600, 6374.3, 6671.44, 6528.08, 6460.1, 267.73404672]
[1558062000, 6000, 6715.87, 6715.86, 6535.6, 1076.33715732]
[1558058400, 6711.01, 7002.58, 6978.43, 6715.78, 206.25242045]
[1558054800, 6950.49, 7064.25, 7054.59, 6986.08, 36.06359689]
[1558051200, 7044.15, 7097.99, 7055.01, 7055.88, 35.18619446]
[1558047600, 6986.57, 7059, 7000.09, 7055, 33.08721092]
[1558044000, 7000, 7110, 7099, 7000, 55.93918672]
[1558040400, 6862.01, 7120, 6881.63, 7099, 212.33856875]
[1558036800, 6876.11, 7063, 7013.3, 6881.63, 212.70887185]
[1558033200, 6985, 7096.64, 7074.83, 7012.9, 152.89213196]
[1558029600, 7046.44, 7129.23, 7088.64, 7074.84, 67.40475564]
[1558026000, 7045, 7126.52, 7105, 7091.58, 71.50855387]
[1558022400, 7105, 7194.39, 7192.53, 7105, 156.2257435]
[1558018800, 7110.99, 7198.96, 7125.21, 7177.65, 135.70823412]
[1558015200, 7034.36, 7167.98, 7036.37, 7128.6, 184.80862722]
[1558011600, 6969.4, 7047.85, 6969.4, 7042.28, 108.22596477]
[1558008000, 6950, 7085.73, 7032.23, 6969.31, 155.26776599]
[1558004400, 7001.08, 7105, 7016.21, 7039.36, 172.30853057]
[1558000800, 6933.08, 7134, 7124.75, 7016.21, 392.55766544]
[1557997200, 7119, 7209, 7135.07, 7119, 97.51871182]
[1557993600, 7134.57, 7196.26, 7155.19, 7147.58, 163.26599557]
[1557990000, 7155.01, 7262.99, 7258.27, 7156.12, 196.11805621]
[1557986400, 7102.51, 7264.84, 7131, 7262.11, 146.38209733]
[1557982800, 7103.19, 7184.17, 7124.3, 7131, 154.15095717]
[1557979200, 7020.32, 7354.98, 7354.98, 7124.44, 260.15384454]
[1557975600, 7328.48, 7421.57, 7406.28, 7352.25, 46.67650799]
[1557972000, 7366.28, 7440, 7424.5, 7421.57, 75.28135747]
[1557968400, 7380.04, 7468.35, 7441.65, 7424.54, 76.757073]
[1557964800, 7285.01, 7457, 7325.96, 7439.99, 83.7991662]
[1557961200, 7273.5, 7394.3, 7319.01, 7326.29, 78.70341717]
[1557957600, 7265.22, 7326, 7270.01, 7319.01, 71.11427368]
[1557954000, 7250.33, 7311.33, 7291.03, 7270.01, 123.66145348]
[1557950400, 7266.57, 7379, 7330, 7290.13, 167.8406928]
[1557946800, 7223.03, 7403, 7349, 7331, 262.57561247]
[1557943200, 7200, 7383.02, 7247.5, 7341.89, 274.98629653]
[1557939600, 7150, 7270.92, 7156.99, 7247.5, 191.65175338]
[1557936000, 7100, 7195.64, 7170.81, 7156.32, 124.19516566]
[1557932400, 7086.32, 7179.34, 7086.32, 7170.81, 111.58895662]
[1557928800, 7080, 7172.46, 7149.97, 7095.09, 170.47082705]
[1557925200, 7070, 7220, 7150.42, 7144.03, 215.6978091]
[1557921600, 7061, 7192.37, 7128.95, 7155, 128.44994822]
[1557918000, 7113.58, 7256.41, 7201.07, 7128.96, 176.68845587]
[1557914400, 7201, 7310, 7210, 7212.63, 256.21685016]
[1557910800, 7045, 7210, 7046.04, 7210, 122.04473871]
[1557907200, 7011.29, 7107.11, 7049.99, 7047.67, 112.06398413]
[1557903600, 7000.31, 7165, 7156.59, 7050, 211.50504788]
[1557900000, 7127.63, 7194.21, 7158.26, 7154.33, 104.13502935]
[1557896400, 7115.41, 7199, 7115.41, 7165.55, 93.7038145]
[1557892800, 7106.5, 7192.56, 7192.55, 7115, 57.02198943]
[1557889200, 7150.21, 7229.07, 7195.05, 7192.52, 36.57400037]
[1557885600, 7106.62, 7199.99, 7134.07, 7184.03, 26.56260153]
[1557882000, 7104.58, 7215.64, 7151.33, 7133.98, 25.56623961]
[1557878400, 7083.25, 7266.83, 7128.6, 7162.5, 118.27000938]
[1557874800, 7007.09, 7185, 7060.25, 7124.53, 75.18579768]
[1557871200, 6945, 7099.54, 6945.15, 7074.04, 145.8018542]
[1557867600, 6810, 6993.78, 6879.32, 6949.72, 225.26837328]
[1557864000, 6816, 7033.03, 6927.28, 6879.07, 185.14166996]
[1557860400, 6810, 6989.43, 6982.16, 6927.06, 595.897182]
[1557856800, 6977.87, 7200, 7180.54, 6982.1, 223.98233443]
[1557853200, 7071.18, 7199, 7150.21, 7180, 157.82933743]
[1557849600, 6882.3, 7171.99, 7100, 7155.34, 470.19332018]
[1557846000, 7100, 7232.43, 7198.13, 7100, 149.52686812]
[1557842400, 7100, 7320.4, 7296.18, 7200, 289.31907459]
[1557838800, 7227.43, 7332.58, 7325.99, 7296.19, 150.28290026]
[1557835200, 7165.17, 7345.23, 7165.17, 7325.99, 182.57832711]
[1557831600, 7150, 7228.99, 7185.77, 7165.07, 170.51301864]
[1557828000, 7069.84, 7200, 7192.24, 7198.65, 309.27454992]
[1557824400, 7121.82, 7273.87, 7126.03, 7192.36, 240.89925888]
[1557820800, 7051.75, 7440, 7435.85, 7138.84, 561.97526572]
[1557817200, 7177.41, 7435.85, 7188.65, 7434.49, 454.2288735]
[1557813600, 7103.29, 7189.9, 7115.43, 7175.55, 160.14982092]
[1557810000, 7093.31, 7181.16, 7132.23, 7115.43, 167.53413048]
[1557806400, 7070.99, 7161.93, 7071.87, 7130, 92.76231951]
[1557802800, 7000.1, 7088.52, 7017.48, 7070.2, 86.2267688]
[1557799200, 6940, 7134.88, 7123.58, 7017.48, 171.00503605]
[1557795600, 7040.75, 7198, 7047.55, 7110.28, 64.27839302]
[1557792000, 6943.98, 7109.99, 6972.28, 7044.79, 75.7458008]
[1557788400, 6762.34, 7073.71, 7051.15, 6963.23, 499.05429495]
[1557784800, 7011.21, 7264.49, 7228, 7050.67, 291.27588267]
[1557781200, 6994.87, 7313.62, 6998.14, 7228, 528.56884696]
[1557777600, 6937.45, 7049.95, 7040, 6998.38, 273.8467008]
[1557774000, 6962.49, 7070, 6994.6, 7048.28, 195.75768077]
[1557770400, 6905, 7030, 6948.43, 7007.27, 190.18250217]
[1557766800, 6892.65, 7074.6, 7036, 6949.24, 412.6112129]
[1557763200, 6931.5, 7094.99, 6979.89, 7054.99, 550.64101073]
[1557759600, 6679.06, 7086.34, 6690.45, 6979.89, 1041.49296726]
[1557756000, 6553.36, 6710, 6584.99, 6698.71, 382.94378576]
[1557752400, 6524.03, 6622.91, 6529.76, 6584.99, 387.59378226]
[1557748800, 6454.55, 6541.39, 6487.3, 6529.97, 251.40449841]
[1557745200, 6304.83, 6550, 6331.3, 6480, 328.68268354]
[1557741600, 6281.08, 6334.94, 6316, 6333.95, 79.18646013]
[1557738000, 6281, 6350.01, 6281, 6319.42, 155.77958485]
[1557734400, 6245, 6298.64, 6257.8, 6282.68, 86.83444433]
[1557730800, 6245, 6303.7, 6302.86, 6257.8, 74.52199638]
[1557727200, 6244.11, 6310.63, 6262.69, 6303.68, 136.45503733]
[1557723600, 6261, 6362.51, 6297.36, 6264.92, 60.67569609]
[1557720000, 6221.86, 6299, 6234.78, 6298, 28.33274172]
[1557716400, 6222.58, 6277.4, 6246.99, 6239.24, 16.54565083]
[1557712800, 6200.84, 6249.3, 6223.87, 6247, 22.83662614]
[1557709200, 6223.1, 6277.51, 6238.51, 6223.1, 29.1485748]
[1557705600, 6108.69, 6247.37, 6196.29, 6231.86, 43.98257176]
[1557702000, 6101.08, 6209.78, 6207.59, 6203.03, 71.54995218]
[1557698400, 6119, 6370.94, 6365.99, 6207.96, 171.39274093]
[1557694800, 6276.93, 6398.5, 6397.56, 6366, 144.12281973]
[1557691200, 6218.01, 6399.91, 6239.29, 6397.72, 156.05422507]
[1557687600, 6181.38, 6302.78, 6302.78, 6239.17, 158.44466362]
[1557684000, 6048.4, 6309, 6048.4, 6302.86, 327.87734547]
[1557680400, 5930.33, 6050, 5960.68, 6048.93, 160.29720085]
[1557676800, 5920, 6074.1, 5925.9, 5961.47, 315.36418215]
[1557673200, 5858.01, 6235.44, 6156.87, 5941.17, 645.9799535]
[1557669600, 6111.12, 6347.05, 6320.01, 6152.12, 245.42850868]
[1557666000, 6308.62, 6430, 6372.4, 6320.01, 165.55106188]
[1557662400, 6240.7, 6389.33, 6380.14, 6375.54, 206.4768662]
[1557658800, 6175.01, 6481.68, 6441.72, 6390.3, 609.54153978]
[1557655200, 6412, 6638.86, 6561.47, 6458.91, 248.93755355]
[1557651600, 6491.55, 6735, 6621.85, 6561.35, 300.96444305]
[1557648000, 6400.03, 6765.45, 6709.58, 6621.83, 511.15145514]
[1557644400, 6572.68, 6729.99, 6572.68, 6710.68, 228.99885673]
[1557640800, 6489.98, 6620, 6529.95, 6572.61, 148.15857477]
[1557637200, 6399.98, 6565.84, 6399.99, 6516.71, 95.43370343]
[1557633600, 6368.76, 6434.3, 6368.76, 6399.98, 26.64975889]
[1557630000, 6320.02, 6426.33, 6375.93, 6374.5, 37.38789602]
[1557626400, 6372.67, 6457.6, 6410.72, 6372.67, 65.08912572]
[1557622800, 6166.85, 6439.9, 6166.85, 6414.21, 241.53683788]
[1557619200, 6011, 6419.97, 6315.33, 6185.93, 335.20487334]
[1557615600, 6279, 6553.22, 6413.08, 6320, 414.69600911]
[1557612000, 6255.78, 6482.94, 6266.96, 6413.11, 358.92140424]
[1557608400, 6142.81, 6266.05, 6164.14, 6266.05, 137.08832556]
[1557604800, 6125.34, 6170, 6130, 6168.2, 71.7192296]
[1557601200, 6110, 6160, 6159.47, 6138.75, 89.58739201]
[1557597600, 6142, 6188.42, 6161.92, 6159.98, 138.14457871]
[1557594000, 6100, 6170, 6138.96, 6162, 102.88355989]
[1557590400, 6094.77, 6188, 6144.96, 6138.97, 194.86933115]
[1557586800, 6005, 6150.01, 6025.75, 6144.96, 183.70535925]
[1557583200, 6010.71, 6049.99, 6047.59, 6025.69, 69.33018925]
[1557579600, 6008.5, 6050, 6021.13, 6043.99, 65.55439902]
[1557576000, 5959.1, 6042.03, 6020.1, 6021.02, 138.30792589]
[1557572400, 6012.37, 6078.83, 6069.99, 6025, 107.22436265]
[1557568800, 6030.79, 6094.91, 6031.63, 6070.03, 192.89991889]
[1557565200, 5922, 6049.5, 5937.08, 6031.59, 286.28940953]
[1557561600, 5919.59, 6060.95, 6046.68, 5922, 252.49358723]
[1557558000, 6020.01, 6100.99, 6075.98, 6046.68, 287.10168935]
[1557554400, 5958.43, 6198.22, 5980.99, 6077.93, 442.04163335]
[1557550800, 5900, 5998.99, 5950.12, 5975.65, 166.79880918]
[1557547200, 5813.47, 6000, 5830.13, 5950.01, 172.45170696]
[1557543600, 5790, 5848.97, 5790, 5826.46, 118.89597031]
[1557540000, 5732.65, 5794.98, 5750, 5789.99, 49.51653355]
[1557536400, 5670, 5750, 5674.68, 5749.99, 70.79438724]
[1557532800, 5650, 5678.89, 5651.29, 5674.69, 32.3080197]
[1557529200, 5650, 5680.98, 5680.98, 5651.29, 51.99159607]
[1557525600, 5635.44, 5688.98, 5642.18, 5680.95, 77.59513312]
[1557522000, 5600, 5652.79, 5600.54, 5644.42, 83.61577432]
[1557518400, 5560.1, 5685.36, 5685.36, 5600.99, 87.36071649]
[1557514800, 5680, 5709.37, 5709.33, 5685.36, 41.1617678]
[1557511200, 5690, 5722, 5715.51, 5708.18, 98.46781915]
[1557507600, 5650, 5719.97, 5687.75, 5717.66, 130.6550534]
[1557504000, 5612.37, 5722.15, 5627.31, 5687.62, 183.14869445]
[1557500400, 5574.29, 5628.14, 5574.29, 5627.34, 123.07501232]
[1557496800, 5565, 5593.69, 5592.04, 5572.43, 133.61292566]
[1557493200, 5580, 5613, 5598.96, 5591.22, 118.11243109]
[1557489600, 5570, 5609.21, 5604.53, 5599.34, 86.93428148]
[1557486000, 5588.76, 5611.09, 5600, 5608.84, 104.73865245]
[1557482400, 5600, 5628.17, 5605.99, 5600.01, 91.42203424]
[1557478800, 5582.07, 5607.44, 5600.03, 5606, 96.93885745]
[1557475200, 5590, 5640, 5632.44, 5602.04, 153.25996635]
[1557471600, 5591.07, 5640, 5611, 5632.67, 140.53366551]
[1557468000, 5575, 5611.9, 5598.66, 5611, 100.35672967]
[1557464400, 5574, 5610.49, 5610.49, 5598.6, 117.05334659]
[1557460800, 5536.23, 5612, 5590.81, 5612, 61.94096338]
[1557457200, 5541.11, 5610.5, 5541.12, 5596.69, 72.65131187]
[1557453600, 5489.98, 5561.97, 5489.99, 5541.53, 202.18461599]
[1557450000, 5427.38, 5489.99, 5443.83, 5489.99, 39.88063297]
[1557446400, 5441.89, 5487.92, 5474.34, 5441.89, 35.79713435]
