[1555286400, 4555.63, 4576.83, 4567.97, 4565.64, 28.92858347]
[1555282800, 4551.7, 4583.16, 4574.72, 4567.98, 50.56189504]
[1555279200, 4517.25, 4585.75, 4520, 4575.04, 102.27116302]
[1555275600, 4505.46, 4520, 4513.72, 4520, 19.50938893]
[1555272000, 4505.52, 4519.26, 4511.27, 4513.72, 23.21063828]
[1555268400, 4509.68, 4520, 4519.98, 4511.27, 22.89997151]
[1555264800, 4510.78, 4520, 4514.44, 4519.99, 28.12725538]
[1555261200, 4508.02, 4519, 4510, 4514.45, 26.33634698]
[1555257600, 4508.01, 4529.99, 4508.38, 4510.01, 34.14704958]
[1555254000, 4496.01, 4508.43, 4504.65, 4508.39, 34.02818259]
[1555250400, 4495.34, 4506.12, 4502, 4502.87, 18.44073791]
[1555246800, 4495.74, 4511, 4499.14, 4501.11, 23.12002138]
[1555243200, 4488.5, 4500, 4499, 4499.3, 32.85105062]
[1555239600, 4488.96, 4500.75, 4500.46, 4499.6, 30.81395131]
[1555236000, 4490.1, 4500.75, 4494, 4498.04, 22.41445094]
[1555232400, 4481.62, 4500, 4488.8, 4493.33, 27.82889685]
[1555228800, 4485, 4497.72, 4489.99, 4491.06, 21.56861589]
[1555225200, 4464.79, 4494, 4469.55, 4490, 16.21415169]
[1555221600, 4461.18, 4475.43, 4473.86, 4468.64, 9.14359273]
[1555218000, 4461, 4486.63, 4481.48, 4473.86, 12.83678953]
[1555214400, 4476.42, 4490.57, 4485.26, 4479.03, 6.10443056]
[1555210800, 4479, 4492.26, 4489.42, 4484.25, 5.82362717]
[1555207200, 4479.73, 4506.64, 4503.09, 4479.73, 9.55345525]
[1555203600, 4495.27, 4506, 4495.3, 4496, 6.21498499]
[1555200000, 4490.99, 4502.51, 4494.61, 4498.75, 11.92268379]
[1555196400, 4492.81, 4506, 4495.01, 4492.81, 8.52622553]
[1555192800, 4478, 4503.67, 4501.26, 4493.46, 27.78735566]
[1555189200, 4482.5, 4509.91, 4508.32, 4501.09, 12.45789484]
[1555185600, 4502, 4515, 4506.99, 4508.87, 20.7498194]
[1555182000, 4504, 4516.99, 4513.45, 4506.99, 18.6463657]
[1555178400, 4509.69, 4523.83, 4519.97, 4516.98, 16.07708959]
[1555174800, 4508.69, 4519.98, 4510.95, 4519.97, 24.56264826]
[1555171200, 4503.73, 4513.57, 4509.5, 4510.97, 21.03931361]
[1555167600, 4506.14, 4528.5, 4517.42, 4511.02, 23.5837755]
[1555164000, 4493.9, 4524.66, 4500.35, 4520.32, 27.54870642]
[1555160400, 4492.67, 4505, 4505, 4500.35, 23.13911994]
[1555156800, 4485.17, 4507.81, 4485.6, 4505, 23.14907223]
[1555153200, 4473.43, 4495.56, 4479.99, 4486.2, 31.27401646]
[1555149600, 4472.78, 4510.41, 4499.01, 4475.68, 27.64356203]
[1555146000, 4492.99, 4510.25, 4502.52, 4499, 22.08751927]
[1555142400, 4492.9, 4522.73, 4512.75, 4502.36, 38.40126597]
[1555138800, 4508.92, 4537.98, 4531.24, 4517.32, 27.35420379]
[1555135200, 4521.51, 4532.98, 4530.34, 4531.24, 26.13255723]
[1555131600, 4520.51, 4535.77, 4531.86, 4532.07, 10.81571768]
[1555128000, 4517.15, 4531.91, 4529.99, 4531.86, 7.12588]
[1555124400, 4519, 4530.6, 4519, 4530, 5.6176278]
[1555120800, 4500, 4519, 4501.9, 4519, 10.74792682]
[1555117200, 4480.01, 4506.44, 4488, 4504.05, 3.67506291]
[1555113600, 4483, 4504, 4500, 4492.49, 4.37402379]
[1555110000, 4500.43, 4512.3, 4506.98, 4502.55, 8.74150143]
[1555106400, 4483.4, 4507.92, 4483.4, 4506.98, 15.98206654]
[1555102800, 4465.03, 4495, 4465.03, 4493, 33.81772222]
[1555099200, 4452, 4486.19, 4486.19, 4472.08, 54.34537317]
[1555095600, 4486.61, 4498, 4491.97, 4488.23, 28.05851794]
[1555092000, 4480.08, 4500, 4496.2, 4486.52, 24.83223028]
[1555088400, 4489.49, 4530.23, 4508.48, 4496.12, 87.56965528]
[1555084800, 4489, 4509.47, 4493.77, 4507.15, 64.60271066]
[1555081200, 4481, 4503.62, 4500.81, 4494.23, 50.93606815]
[1555077600, 4476.86, 4502.58, 4489.03, 4496.92, 73.43063272]
[1555074000, 4480, 4509.55, 4504.6, 4487.98, 87.32684483]
[1555070400, 4485.7, 4506.56, 4499.58, 4505.09, 71.11833949]
[1555066800, 4479.52, 4516.76, 4493.56, 4499.56, 92.00167763]
[1555063200, 4431.47, 4511, 4455, 4493.55, 118.58490374]
[1555059600, 4444, 4456.09, 4449.26, 4454.93, 45.23874776]
[1555056000, 4434.84, 4471.99, 4468.42, 4449.62, 73.14214161]
[1555052400, 4455, 4481.43, 4455.01, 4462.7, 52.41447667]
[1555048800, 4444.2, 4470, 4456.3, 4455.01, 45.89961324]
[1555045200, 4432.31, 4464.8, 4456, 4456.71, 24.85300326]
[1555041600, 4447.34, 4466.93, 4456.07, 4456, 12.16217432]
[1555038000, 4412.83, 4456.77, 4432.18, 4455.69, 12.23714503]
[1555034400, 4393.49, 4442.71, 4402.09, 4432.01, 14.87305572]
[1555030800, 4355, 4463.08, 4463.08, 4403.58, 127.47875841]
[1555027200, 4462, 4489.99, 4489.99, 4464.41, 12.7914977]
[1555023600, 4485.12, 4504.47, 4493.87, 4490, 9.38416364]
[1555020000, 4452, 4497.8, 4476.38, 4491.94, 32.52776196]
[1555016400, 4475, 4501.36, 4500.06, 4475.01, 38.42550379]
[1555012800, 4487.67, 4517.32, 4516.84, 4494.42, 60.90669857]
[1555009200, 4492.64, 4525.95, 4522.79, 4516.95, 71.61753348]
[1555005600, 4498.41, 4528.18, 4500, 4521.07, 74.49830048]
[1555002000, 4476.72, 4500, 4497.72, 4498.59, 57.31475965]
[1554998400, 4462.61, 4504.29, 4481, 4500.16, 46.48563776]
[1554994800, 4476.96, 4507.98, 4481, 4480.65, 96.04894343]
[1554991200, 4455.44, 4502.15, 4475, 4481, 104.88023709]
[1554987600, 4475, 4509.85, 4487.2, 4477.97, 93.19062149]
[1554984000, 4455.44, 4499, 4482.19, 4486.98, 92.92502144]
[1554980400, 4401, 4512.81, 4512.81, 4487.01, 201.35537406]
[1554976800, 4494, 4530.28, 4508, 4512.53, 131.74058809]
[1554973200, 4449.99, 4626.56, 4623.32, 4508, 345.57772159]
[1554969600, 4582.11, 4627.58, 4620.36, 4620.99, 139.76587787]
[1554966000, 4613.14, 4634.63, 4630, 4622.85, 80.66534331]
[1554962400, 4628.22, 4644.01, 4632.25, 4629.99, 63.0743882]
[1554958800, 4607.46, 4642.97, 4642.97, 4636.9, 40.89563019]
[1554955200, 4590, 4650.28, 4620.7, 4637.46, 66.5248608]
[1554951600, 4596, 4713.86, 4712.47, 4619.59, 144.22139867]
[1554948000, 4700.01, 4716.36, 4709.42, 4714.22, 4.71437285]
[1554944400, 4696.94, 4722.59, 4715.65, 4709.53, 17.45776528]
[1554940800, 4703.3, 4747.97, 4730, 4715.28, 35.82967702]
[1554937200, 4695.36, 4729.34, 4700.48, 4728.6, 38.6647878]
[1554933600, 4688, 4700.59, 4693.7, 4700.49, 26.7702236]
[1554930000, 4669.26, 4729.99, 4716.23, 4693.69, 105.48468957]
[1554926400, 4640.03, 4820.57, 4800.93, 4716.91, 315.90329569]
[1554922800, 4780, 4821.1, 4805, 4800.93, 142.62001178]
[1554919200, 4699.66, 4856, 4700.28, 4805.01, 382.5317792]
[1554915600, 4674.17, 4709.99, 4680.99, 4703.29, 132.83159732]
[1554912000, 4678.95, 4714, 4696.07, 4680.98, 91.90272459]
[1554908400, 4675.51, 4697.51, 4691.55, 4697.51, 53.76610143]
[1554904800, 4685.68, 4698, 4691.8, 4690.93, 68.30864427]
[1554901200, 4681, 4698, 4690.81, 4691.8, 66.86314678]
[1554897600, 4654.82, 4698, 4654.98, 4690.72, 85.56294828]
[1554894000, 4653, 4671.23, 4660.3, 4659.55, 69.74513699]
[1554890400, 4653.54, 4668.35, 4665.8, 4659.85, 59.07870812]
[1554886800, 4658.4, 4677.67, 4667.01, 4665.9, 80.03678839]
[1554883200, 4655.69, 4674.87, 4665, 4671.5, 67.69893285]
[1554879600, 4665, 4679.3, 4674.69, 4665.01, 54.59955893]
[1554876000, 4665, 4686.88, 4668.99, 4675.46, 60.0453096]
[1554872400, 4645.8, 4670, 4651.37, 4669.13, 23.71055502]
[1554868800, 4641.61, 4655, 4646.95, 4647.09, 9.60667764]
[1554865200, 4635.73, 4652.05, 4649.33, 4636.04, 2.96948553]
[1554861600, 4639.25, 4652.05, 4647.2, 4648.3, 7.0446824]
[1554858000, 4621.66, 4655, 4621.66, 4646.08, 74.32430017]
[1554854400, 4597.01, 4635, 4609.06, 4619.57, 15.11939969]
[1554850800, 4600.23, 4634, 4619.85, 4608.85, 31.32160941]
[1554847200, 4590, 4640.12, 4640.12, 4620.27, 76.07716473]
[1554843600, 4634.18, 4648.9, 4635.43, 4638.88, 34.9705002]
[1554840000, 4630.6, 4655, 4630.85, 4639.79, 79.35094704]
[1554836400, 4630.6, 4643.09, 4642.5, 4630.96, 44.96223927]
[1554832800, 4626.78, 4645.72, 4630, 4642.9, 54.57539812]
[1554829200, 4630.03, 4647.4, 4647.39, 4630.26, 58.280976]
[1554825600, 4629.1, 4647.62, 4631.51, 4647.39, 55.43557135]
[1554822000, 4619.85, 4646.53, 4624.75, 4631.86, 57.08260952]
[1554818400, 4615, 4631.86, 4617.98, 4624.9, 59.57242016]
[1554814800, 4611.28, 4655.38, 4615.58, 4620.29, 115.32297334]
[1554811200, 4609.06, 4640.01, 4631.29, 4610.05, 50.26626228]
[1554807600, 4610, 4641.76, 4631.15, 4625.75, 61.83754406]
[1554804000, 4586, 4632.65, 4614.75, 4628.34, 87.87802791]
[1554800400, 4605, 4671.04, 4646.4, 4620.89, 129.79838471]
[1554796800, 4611, 4659.89, 4646.47, 4644.58, 78.68366445]
[1554793200, 4641, 4665.35, 4651.1, 4647.24, 54.55555681]
[1554789600, 4634.91, 4664.13, 4643.68, 4651.1, 43.36192622]
[1554786000, 4587, 4653.57, 4650.04, 4636.57, 73.24333072]
[1554782400, 4640.01, 4677.2, 4655, 4652.27, 27.48596553]
[1554778800, 4645.63, 4688.62, 4676.94, 4655, 16.06342725]
[1554775200, 4672.28, 4690, 4678.62, 4673.2, 9.8328885]
[1554771600, 4666.03, 4691.76, 4673.37, 4678.84, 35.563706]
[1554768000, 4665, 4704.54, 4704.54, 4669.76, 19.49184653]
[1554764400, 4655, 4714.84, 4695.88, 4709.47, 47.01883084]
[1554760800, 4686.24, 4720, 4696.01, 4698.61, 50.97125216]
[1554757200, 4674.68, 4702.5, 4674.68, 4691.76, 63.22040021]
[1554753600, 4624.39, 4689, 4626.28, 4679.93, 61.06269541]
[1554750000, 4617.51, 4649.49, 4633.61, 4633.16, 58.39500247]
[1554746400, 4630.41, 4661.17, 4632.67, 4634.28, 56.95649716]
[1554742800, 4616, 4647.11, 4643.67, 4632.67, 62.62085362]
[1554739200, 4617.99, 4671.85, 4656.13, 4643.67, 123.92585851]
[1554735600, 4646.53, 4678.18, 4671.41, 4656.12, 87.00024436]
[1554732000, 4605.65, 4672.26, 4611.04, 4671.62, 122.3698722]
[1554728400, 4607.12, 4646.22, 4621.55, 4608.68, 186.89355672]
[1554724800, 4578, 4630, 4582.14, 4617.97, 92.22177878]
[1554721200, 4580, 4654.01, 4646.51, 4580, 137.22762016]
[1554717600, 4641, 4699.88, 4699.88, 4646.66, 126.31042136]
[1554714000, 4664.17, 4700, 4677.55, 4699.93, 117.9231225]
[1554710400, 4646.01, 4696.63, 4692.34, 4678.29, 145.72361082]
[1554706800, 4645.74, 4707.99, 4704.03, 4692.39, 184.14321507]
[1554703200, 4672, 4715.42, 4712.92, 4706.4, 121.26096011]
[1554699600, 4690.26, 4741.99, 4740.01, 4713.25, 71.15954555]
[1554696000, 4680.08, 4742.74, 4686.99, 4742.71, 31.31254967]
[1554692400, 4665.46, 4723.44, 4718.85, 4689.27, 42.94396749]
[1554688800, 4700.12, 4766.37, 4710.01, 4718.85, 60.52285658]
[1554685200, 4690, 4745, 4690, 4713.08, 57.91090806]
[1554681600, 4608.56, 4690, 4635, 4690, 73.71672755]
[1554678000, 4598.2, 4655, 4624.34, 4635.01, 51.55472414]
[1554674400, 4585, 4685.1, 4601.78, 4624.35, 159.00671759]
[1554670800, 4588.74, 4616.47, 4590.6, 4601.78, 59.65704988]
[1554667200, 4571.41, 4617, 4590, 4599.49, 60.98377772]
[1554663600, 4572.55, 4608.69, 4578.76, 4590, 53.67098531]
[1554660000, 4560.64, 4587, 4578.78, 4578.76, 37.39181995]
[1554656400, 4566.39, 4590, 4571.69, 4579.54, 44.38583502]
[1554652800, 4519.74, 4586.58, 4580.05, 4571.7, 82.85759475]
[1554649200, 4575.85, 4606.54, 4594.61, 4580.47, 35.60038594]
[1554645600, 4587.8, 4610, 4605.22, 4594.62, 34.55906857]
[1554642000, 4590.02, 4610.62, 4606.99, 4605.23, 41.87317991]
[1554638400, 4575.85, 4608.55, 4581.56, 4606.96, 23.07552968]
[1554634800, 4565.01, 4599.23, 4587.12, 4581.56, 63.49049874]
[1554631200, 4585, 4612.45, 4593.17, 4585, 46.62045274]
[1554627600, 4588.82, 4625, 4609.99, 4592.27, 45.48193518]
[1554624000, 4580, 4614.98, 4587.1, 4604.37, 55.26764419]
[1554620400, 4580.01, 4598.99, 4586.56, 4587.1, 41.02282758]
[1554616800, 4543.44, 4589.28, 4561.91, 4586.13, 17.05310127]
[1554613200, 4550.64, 4598.43, 4593.24, 4561.91, 26.11295986]
[1554609600, 4579.28, 4606.32, 4586.73, 4589.91, 16.61869846]
[1554606000, 4570.03, 4603.98, 4576.23, 4585.09, 13.627697]
[1554602400, 4507.65, 4576.24, 4510.84, 4576.24, 23.5858179]
[1554598800, 4503.11, 4519.76, 4503.11, 4513.01, 7.84030124]
[1554595200, 4497.76, 4520, 4504.06, 4503.1, 14.13884738]
[1554591600, 4490.12, 4532.47, 4499.16, 4502.21, 17.05631772]
[1554588000, 4475.95, 4517, 4478, 4491.13, 53.28745732]
[1554584400, 4401, 4533, 4533, 4478.1, 131.41889588]
[1554580800, 4514.99, 4619.71, 4605.59, 4529.12, 113.35058181]
[1554577200, 4605.87, 4637.86, 4611.71, 4610, 62.93208358]
[1554573600, 4590.49, 4637.75, 4593.92, 4622.34, 49.53908128]
[1554570000, 4558.01, 4637.86, 4625.11, 4593.01, 103.00511966]
[1554566400, 4567.9, 4677.23, 4569.5, 4625.89, 261.71988902]
