[1563926400, 8651, 8853.92, 8853.91, 8702.59, 185.17823965]
[1563922800, 8814.1, 9008.22, 9008.22, 8838.57, 105.72487569]
[1563919200, 9004.78, 9098.11, 9083.08, 9004.78, 24.38992119]
[1563915600, 9051.1, 9111.63, 9111.63, 9083.65, 90.81091484]
[1563912000, 9108.46, 9184.56, 9108.46, 9113.93, 61.61411521]
[1563908400, 9050.02, 9126.15, 9063.03, 9109.92, 86.28286577]
[1563904800, 8972.1, 9165.02, 8973.11, 9075.24, 182.06332501]
[1563901200, 8940.05, 8991.77, 8962.39, 8972.68, 34.99115384]
[1563897600, 8885.01, 8990, 8911.43, 8969.4, 102.87539417]
[1563894000, 8904.2, 9038.48, 8969.65, 8918.04, 116.06446406]
[1563890400, 8860.34, 8982.62, 8915, 8961.75, 80.93245416]
[1563886800, 8823.21, 8958.93, 8940.38, 8928.04, 132.48724547]
[1563883200, 8920.01, 8988.5, 8965.31, 8942.5, 64.6015008]
[1563879600, 8922, 8997.51, 8934.08, 8958.39, 157.39909109]
[1563876000, 8830, 8964.04, 8921.2, 8934.08, 97.17989468]
[1563872400, 8848.87, 8937.84, 8894.07, 8916.48, 107.17000153]
[1563868800, 8839.66, 9012.62, 8955.98, 8894.85, 185.94869537]
[1563865200, 8923.41, 9123.17, 8953.06, 8955.67, 228.47832578]
[1563861600, 8917.26, 9095, 9067, 8952.57, 248.06997491]
[1563858000, 9030, 9135.35, 9127.03, 9071.66, 34.93792953]
[1563854400, 9104.33, 9147.04, 9143.43, 9122.16, 20.49988808]
[1563850800, 9138.11, 9190.71, 9186.44, 9138.11, 4.03337814]
[1563847200, 9115.1, 9186.49, 9118.78, 9186.49, 12.55956812]
[1563843600, 9104.32, 9151.58, 9151.58, 9115, 13.36328719]
[1563840000, 9113.16, 9222.25, 9212.99, 9151.58, 28.63705471]
[1563836400, 9175.22, 9241.18, 9175.42, 9222.82, 18.85416944]
[1563832800, 9150, 9248, 9166.45, 9188.01, 38.49663621]
[1563829200, 9133.9, 9264.54, 9224.49, 9177.79, 73.35358523]
[1563825600, 9025.12, 9247, 9050, 9216.22, 144.55467546]
[1563822000, 9000.01, 9212.35, 9180.33, 9050, 165.54070817]
[1563818400, 9150.02, 9230.83, 9222.75, 9169.12, 55.62776903]
[1563814800, 9068.18, 9290.74, 9134.12, 9229.04, 184.68194531]
[1563811200, 9103.39, 9177.89, 9125.01, 9134.41, 54.15349447]
[1563807600, 9075, 9210, 9100.01, 9125.63, 153.21597699]
[1563804000, 9002, 9410.09, 9361.77, 9101.98, 443.69159832]
[1563800400, 9342.18, 9414.03, 9402.86, 9364, 35.12692453]
[1563796800, 9351, 9454.97, 9430.15, 9404.05, 59.58902552]
[1563793200, 9315.83, 9480, 9357.3, 9429.53, 98.21298466]
[1563789600, 9280.01, 9372.56, 9317.66, 9359, 74.96582818]
[1563786000, 9312.34, 9425.09, 9410, 9314.26, 109.15181546]
[1563782400, 9408, 9479.36, 9458.95, 9409.99, 51.98107091]
[1563778800, 9426.53, 9475.37, 9460.57, 9458.61, 30.69916135]
[1563775200, 9440.5, 9499.84, 9447.77, 9461.88, 43.95110981]
[1563771600, 9385.67, 9458.94, 9428.55, 9446.64, 29.02662288]
[1563768000, 9400, 9487.84, 9468.34, 9428.51, 23.41851468]
[1563764400, 9453.54, 9495.31, 9476.05, 9469.04, 7.42863808]
[1563760800, 9437.5, 9487.16, 9456.16, 9476.05, 9.11233368]
[1563757200, 9436.21, 9481.8, 9467.84, 9462.08, 8.38972196]
[1563753600, 9432.21, 9541.43, 9462.08, 9445, 28.11173109]
[1563750000, 9410, 9489.98, 9410, 9444.64, 22.28925353]
[1563746400, 9400, 9504.56, 9439.12, 9410, 64.58155114]
[1563742800, 9385.87, 9470.48, 9388.69, 9439.12, 38.12090173]
[1563739200, 9291.94, 9399, 9300.8, 9398.99, 44.45552701]
[1563735600, 9251, 9389.99, 9381.3, 9305.56, 70.73695679]
[1563732000, 9275.61, 9400, 9290, 9381.3, 47.0565892]
[1563728400, 9210, 9300, 9265.85, 9290, 56.85296884]
[1563724800, 9256, 9349.98, 9329.97, 9273.5, 33.28863282]
[1563721200, 9240, 9350, 9288.01, 9330.03, 50.02487715]
[1563717600, 9231, 9424.73, 9415, 9289.15, 138.96631445]
[1563714000, 9375, 9460.98, 9433.99, 9415.01, 39.28129028]
[1563710400, 9401.87, 9447.39, 9439.4, 9438.34, 18.16812296]
[1563706800, 9376.86, 9465.4, 9418.22, 9439.4, 27.05437727]
[1563703200, 9390, 9548.43, 9545.01, 9418.22, 86.86705842]
[1563699600, 9524.12, 9587.93, 9531.75, 9550, 38.49861891]
[1563696000, 9368, 9560.1, 9472.15, 9530.01, 100.06935586]
[1563692400, 9455, 9500, 9458.27, 9472.16, 28.28513901]
[1563688800, 9405, 9488.82, 9437.34, 9462.77, 23.41384618]
[1563685200, 9430, 9503.35, 9496.48, 9441.67, 33.24883188]
[1563681600, 9421, 9535.22, 9452.43, 9509.24, 28.35715862]
[1563678000, 9430, 9510, 9510, 9450.63, 22.9073805]
[1563674400, 9480, 9644.74, 9642.74, 9524.08, 49.97674432]
[1563670800, 9619.21, 9675.45, 9643.16, 9641.46, 30.98482818]
[1563667200, 9520, 9666.7, 9599.25, 9633, 59.06253924]
[1563663600, 9500, 9921.71, 9799.98, 9602.26, 284.54204474]
[1563660000, 9760, 9799.99, 9769.98, 9799.99, 74.17579181]
[1563656400, 9738, 9769.98, 9753.98, 9769.97, 45.62647685]
[1563652800, 9725, 9769.99, 9745, 9753.98, 38.75584227]
[1563649200, 9717.16, 9758.47, 9753.01, 9745.01, 40.12024711]
[1563645600, 9733.88, 9766, 9735.01, 9753.01, 84.12485821]
[1563642000, 9639.73, 9850, 9642.59, 9734.65, 278.10024399]
[1563638400, 9451.8, 9700, 9489.78, 9646.23, 176.8893656]
[1563634800, 9424.95, 9500, 9462.98, 9489.24, 30.05734921]
[1563631200, 9396.18, 9470.82, 9396.48, 9470.42, 24.24764834]
[1563627600, 9350.44, 9600, 9393.67, 9396.09, 148.53615494]
[1563624000, 9380.98, 9475.71, 9440.97, 9383.34, 34.70503804]
[1563620400, 9279.8, 9463.29, 9461.24, 9442.66, 115.37413357]
[1563616800, 9425, 9490, 9450.01, 9463.5, 22.58042763]
[1563613200, 9426.42, 9476.28, 9427.69, 9450, 23.37834171]
[1563609600, 9397.69, 9449.99, 9444, 9430, 33.21498426]
[1563606000, 9414.09, 9550, 9477, 9444, 83.07115349]
[1563602400, 9437.12, 9491.15, 9449.27, 9476.99, 13.76326912]
[1563598800, 9435.01, 9488.11, 9464.61, 9457.43, 33.97000637]
[1563595200, 9343.02, 9471.04, 9400.39, 9467.04, 34.11909527]
[1563591600, 9364.28, 9427.7, 9396.16, 9387.32, 9.21259237]
[1563588000, 9314.92, 9399.97, 9314.92, 9393.95, 4.76022195]
[1563584400, 9258.12, 9358, 9340.76, 9319.63, 19.68874763]
[1563580800, 9296.22, 9449.49, 9390.02, 9327.56, 46.12301696]
[1563577200, 9372.07, 9419.6, 9392.41, 9390.02, 19.53895061]
[1563573600, 9330, 9439, 9416.3, 9377.44, 33.32414525]
[1563570000, 9361.98, 9421.12, 9382.5, 9416.3, 31.3016432]
[1563566400, 9285.73, 9400, 9285.73, 9384, 96.83857001]
[1563562800, 9267.07, 9319.99, 9276.51, 9285.37, 26.93849481]
[1563559200, 9236.13, 9333.5, 9289.75, 9276.5, 54.4937777]
[1563555600, 9224.24, 9349.03, 9249.31, 9289.73, 71.97033471]
[1563552000, 9185.91, 9304.16, 9282.4, 9249.75, 73.72548225]
[1563548400, 9208.95, 9308.84, 9213.59, 9281.7, 73.56317962]
[1563544800, 9165.01, 9350, 9190, 9213.48, 134.15503735]
[1563541200, 9010, 9366, 9355, 9193.39, 328.37584336]
[1563537600, 9115.64, 9520, 9170.09, 9355, 237.15197339]
[1563534000, 9152.28, 9267.75, 9199.38, 9169.47, 73.34161607]
[1563530400, 9096.41, 9249.9, 9225.63, 9199.66, 102.06451937]
[1563526800, 9140.71, 9250.52, 9226.81, 9225.91, 73.68140995]
[1563523200, 9072.46, 9560, 9449.96, 9216.14, 471.45231376]
[1563519600, 9290.13, 9469.99, 9319.99, 9449.97, 69.85844594]
[1563516000, 9273.45, 9392.32, 9347.77, 9320, 41.31940405]
[1563512400, 9263.34, 9374.41, 9293.84, 9359.3, 55.37385468]
[1563508800, 9285.86, 9426.32, 9408.89, 9289.01, 56.49762893]
[1563505200, 9373.81, 9459.99, 9426.8, 9406.47, 21.21425575]
[1563501600, 9357.33, 9489.98, 9410.64, 9425.06, 16.91914614]
[1563498000, 9381.35, 9510, 9489.99, 9415.7, 22.01263466]
[1563494400, 9393.52, 9489.98, 9460, 9488.32, 30.4713602]
[1563490800, 9421.6, 9579, 9421.6, 9460, 89.58454134]
[1563487200, 9334.28, 9440, 9396.74, 9436.62, 47.31648072]
[1563483600, 9347, 9500, 9402.92, 9396.74, 94.31085167]
[1563480000, 9324.81, 9465.42, 9324.81, 9402.92, 97.49324141]
[1563476400, 9237.78, 9420, 9345.72, 9315.28, 190.46417918]
[1563472800, 9310, 9544.99, 9385.51, 9336.25, 220.89836573]
[1563469200, 9301, 9440, 9359.61, 9382.99, 157.82652547]
[1563465600, 9250, 9510, 9327.03, 9359.75, 523.06363954]
[1563462000, 9151.62, 9333.33, 9195.47, 9327.03, 661.5492407]
[1563458400, 8300.01, 9287.42, 8409.99, 9200, 895.0946856]
[1563454800, 8370, 8481.65, 8386.2, 8410, 122.90840672]
[1563451200, 8325, 8726.05, 8726.05, 8382.64, 286.93185706]
[1563447600, 8715, 8816.96, 8790, 8726.05, 87.66691921]
[1563444000, 8674.31, 8828.26, 8691.81, 8790, 100.67115119]
[1563440400, 8650, 8750, 8665.72, 8687, 63.18570168]
[1563436800, 8651.42, 8775.91, 8737.32, 8660.58, 82.0321358]
[1563433200, 8723.28, 8832.02, 8816.74, 8737.37, 132.90520581]
[1563429600, 8728.56, 8928.12, 8758.61, 8816.16, 149.1297322]
[1563426000, 8739.27, 8826.16, 8824.47, 8767.09, 42.77958566]
[1563422400, 8606.9, 8829.18, 8651.83, 8829.18, 68.67138689]
[1563418800, 8600.2, 8743, 8735.03, 8665.39, 53.54241992]
[1563415200, 8654.05, 8737.72, 8710.72, 8731.01, 24.16238497]
[1563411600, 8569.23, 8746, 8580.05, 8711.74, 77.39489538]
[1563408000, 8532.12, 8668.55, 8644.29, 8573.23, 56.70503914]
[1563404400, 8580, 8682.89, 8667.56, 8643.3, 62.72635388]
[1563400800, 8664, 8848.77, 8754.19, 8679.14, 88.45181616]
[1563397200, 8608.86, 8882.84, 8649.22, 8750, 189.45571787]
[1563393600, 8591, 8738, 8694.31, 8650.25, 183.79501923]
[1563390000, 8671.01, 8918.65, 8893.89, 8690, 160.22117262]
[1563386400, 8656.7, 8897.13, 8741.4, 8894.07, 147.85120152]
[1563382800, 8622.77, 8815.65, 8669.85, 8749.13, 183.460473]
[1563379200, 8565.53, 8787, 8689, 8666.75, 233.02629551]
[1563375600, 8590.6, 8787, 8653.19, 8690, 296.22806464]
[1563372000, 8485.31, 8684.91, 8487.45, 8651.18, 312.66684665]
[1563368400, 8385.75, 8509.52, 8448.64, 8494.8, 201.51652343]
[1563364800, 8100, 8490.99, 8168.31, 8455.88, 325.52772286]
[1563361200, 8102, 8390, 8360.28, 8172.5, 393.18114654]
[1563357600, 8256.91, 8443.95, 8443.25, 8363.18, 287.93508821]
[1563354000, 8421.42, 8522, 8519.53, 8443.44, 118.73438864]
[1563350400, 8500.11, 8580, 8566.66, 8505.98, 178.6362813]
[1563346800, 8463.02, 8595.39, 8530, 8569.29, 122.87701164]
[1563343200, 8495.6, 8568.07, 8530.89, 8530, 154.42412642]
[1563339600, 8432.38, 8560.15, 8447.43, 8530.9, 85.87218094]
[1563336000, 8319.17, 8519.09, 8405.9, 8447.47, 113.84238002]
[1563332400, 8350.84, 8461.91, 8357.73, 8400, 64.03748467]
[1563328800, 8255.31, 8466.44, 8466.44, 8367.6, 150.44475062]
[1563325200, 8428.51, 8529.66, 8494.31, 8466.75, 34.30743548]
[1563321600, 8406.64, 8582.3, 8417.45, 8473.51, 95.29233672]
[1563318000, 8369, 8520, 8484.25, 8396.77, 193.55753201]
[1563314400, 8450, 8623.28, 8611.09, 8478.84, 136.53830661]
[1563310800, 8400, 8653.1, 8579.72, 8623.3, 286.38695082]
[1563307200, 8549.01, 8745.67, 8664.99, 8572.46, 206.41215811]
[1563303600, 8540.11, 8670.93, 8577.97, 8664.99, 161.84965046]
[1563300000, 8541.3, 8838.99, 8649.98, 8576.65, 430.25426451]
[1563296400, 8408.01, 8859.33, 8851.69, 8649.98, 1015.63932465]
[1563292800, 8810, 9379.02, 9375.8, 8851.7, 682.23235951]
[1563289200, 9278.14, 9420, 9305, 9376.21, 152.43450835]
[1563285600, 9255.4, 9389.85, 9283.02, 9306.42, 177.24629062]
[1563282000, 9250, 9432.95, 9394.77, 9290.33, 198.04056044]
[1563278400, 9350, 9600.99, 9573, 9394.76, 160.01793092]
[1563274800, 9494.79, 9620, 9564.89, 9573, 97.0014019]
[1563271200, 9510, 9600, 9546.58, 9560.01, 78.3419744]
[1563267600, 9505.52, 9697.99, 9659.55, 9546.72, 93.05909222]
[1563264000, 9560.97, 9687.98, 9580, 9660, 107.50612205]
[1563260400, 9371.44, 9605, 9518.44, 9575.9, 143.87577236]
[1563256800, 9507.16, 9610, 9600, 9529.41, 64.00185082]
[1563253200, 9500, 9613.94, 9573.07, 9600.01, 52.18688867]
[1563249600, 9463.62, 9592.18, 9518.61, 9585.22, 45.02703495]
[1563246000, 9482, 9643.27, 9579.27, 9522.47, 57.83650802]
[1563242400, 9541.01, 9731.36, 9731.36, 9570.67, 71.27143185]
[1563238800, 9694.93, 9808.08, 9715.32, 9732.12, 23.72952051]
[1563235200, 9622.38, 9744.93, 9653.67, 9698.89, 34.58497685]
[1563231600, 9643.36, 9850.48, 9709.23, 9653.66, 180.19096174]
[1563228000, 9553.88, 9716.96, 9568.05, 9715.54, 151.81305555]
[1563224400, 9559, 9680, 9623.47, 9564.72, 83.79098957]
[1563220800, 9583.72, 9749, 9665.03, 9623.47, 144.64671566]
[1563217200, 9631.45, 9775, 9723.96, 9672.09, 234.0661107]
[1563213600, 9212.02, 9744.81, 9285.57, 9732.04, 400.06866066]
[1563210000, 9285.56, 9469.99, 9469.98, 9285.56, 105.94845866]
[1563206400, 9342.96, 9469.99, 9420, 9469.96, 187.27780479]
