[1567526400, 9720, 9774, 9762.89, 9723.88, 61.94460041]
[1567522800, 9610, 9762.36, 9706.17, 9762.25, 177.26367852]
[1567519200, 9603.06, 9838.3, 9759, 9705.21, 270.77117884]
[1567515600, 9640, 9830, 9667.79, 9759, 350.2035574]
[1567512000, 9517.27, 9699, 9543.37, 9667.48, 146.63060785]
[1567508400, 9496.67, 9600, 9496.67, 9539.64, 170.23334898]
[1567504800, 9380, 9500, 9421, 9499.09, 157.87326243]
[1567501200, 9421.01, 9490, 9479.83, 9421.08, 95.94483135]
[1567497600, 9475, 9510, 9491.54, 9476, 50.55655245]
[1567494000, 9485, 9510.81, 9502.33, 9490.7, 46.57169997]
[1567490400, 9495, 9534.09, 9523.66, 9510.1, 51.27626376]
[1567486800, 9500.97, 9546.78, 9514.84, 9530.38, 37.59061565]
[1567483200, 9482.65, 9538.34, 9532.55, 9514.84, 18.31019828]
[1567479600, 9493.68, 9599.11, 9506, 9514.07, 43.70698361]
[1567476000, 9443.5, 9529.98, 9468.1, 9511.84, 42.76324292]
[1567472400, 9433.06, 9504.97, 9503.56, 9466, 20.89204989]
[1567468800, 9475, 9530, 9475.11, 9497.69, 25.52475876]
[1567465200, 9432.38, 9495, 9479.59, 9475.02, 50.31063158]
[1567461600, 9447, 9550, 9478.34, 9467.15, 73.07692023]
[1567458000, 9450.2, 9545, 9509.01, 9494.04, 178.46252965]
[1567454400, 9297.21, 9547.92, 9299.99, 9509, 325.47408188]
[1567450800, 9225.02, 9340, 9263.47, 9299.99, 131.65721005]
[1567447200, 9205.21, 9393, 9205.21, 9270.73, 270.68113898]
[1567443600, 9070, 9243.55, 9075.88, 9205.98, 239.26267049]
[1567440000, 9042.81, 9088.78, 9042.82, 9075.88, 71.03608571]
[1567436400, 9026.91, 9072.69, 9070.01, 9042.82, 76.68086965]
[1567432800, 9055.57, 9118, 9063.19, 9071, 134.10331284]
[1567429200, 8990, 9085, 8999.99, 9060.99, 136.84719174]
[1567425600, 8941.12, 9000, 8992.58, 9000, 80.05214359]
[1567422000, 8949.42, 8994.12, 8950.45, 8992.6, 84.27561724]
[1567418400, 8942.06, 8969, 8945, 8949.44, 68.08909313]
[1567414800, 8898.15, 8945, 8902.67, 8945, 59.09906059]
[1567411200, 8889.78, 8914.99, 8912, 8896.66, 62.61871148]
[1567407600, 8898.77, 8912, 8903.48, 8912, 52.69020461]
[1567404000, 8900, 8911.72, 8905.55, 8903.9, 29.78240467]
[1567400400, 8900.62, 8920, 8919.99, 8911.8, 20.3457803]
[1567396800, 8893.71, 8920, 8897.94, 8919.39, 15.79838282]
[1567393200, 8889.85, 8925, 8919.72, 8897.41, 9.61562305]
[1567389600, 8894.84, 8924.99, 8900, 8905.88, 43.30403148]
[1567386000, 8900, 8906.57, 8904.37, 8900, 12.1219727]
[1567382400, 8886.25, 8909.99, 8899.98, 8904.39, 14.48260583]
[1567378800, 8872.02, 8939.13, 8925, 8898.05, 24.76452523]
[1567375200, 8836.49, 8967.35, 8836.49, 8925, 70.22398731]
[1567371600, 8776.04, 8912, 8778.02, 8844.94, 126.54442346]
[1567368000, 8765.62, 8780, 8768.7, 8780, 16.66644471]
[1567364400, 8739.13, 8778.4, 8752, 8778.4, 33.67149826]
[1567360800, 8748.99, 8779.81, 8751.67, 8750.43, 21.80077493]
[1567357200, 8701, 8786.95, 8747.92, 8751.85, 25.96768675]
[1567353600, 8720.06, 8774.4, 8765.19, 8743.79, 17.23491132]
[1567350000, 8710.25, 8799.99, 8748, 8774.73, 54.18624216]
[1567346400, 8720.01, 8750, 8731.49, 8745.26, 10.77478875]
[1567342800, 8716.35, 8749.94, 8736.38, 8742.8, 16.08144926]
[1567339200, 8736.03, 8750, 8741, 8740.28, 13.09168714]
[1567335600, 8733.74, 8757.08, 8744.25, 8740.08, 11.69104181]
[1567332000, 8731.01, 8761.1, 8758.05, 8747.3, 14.15948372]
[1567328400, 8722.89, 8767.02, 8756.43, 8752.75, 17.76259845]
[1567324800, 8725, 8774.91, 8773.89, 8756.91, 20.15919541]
[1567321200, 8760.18, 8775.56, 8772.79, 8773.89, 11.19229261]
[1567317600, 8756.99, 8775, 8757.23, 8773.04, 5.02252892]
[1567314000, 8756.37, 8776.68, 8776.68, 8757.8, 5.79842368]
[1567310400, 8763, 8778.94, 8767.59, 8776.71, 9.00806068]
[1567306800, 8758.79, 8770.76, 8759.42, 8768, 1.32741629]
[1567303200, 8754.2, 8762.39, 8758.25, 8758.06, 1.99732697]
[1567299600, 8735.26, 8772, 8769.02, 8763.15, 27.79896644]
[1567296000, 8737.23, 8773.44, 8742.86, 8769.02, 4.38609837]
[1567292400, 8737.03, 8776.29, 8773.01, 8737.25, 13.76920129]
[1567288800, 8758.56, 8820.01, 8795, 8774.37, 46.88744422]
[1567285200, 8628.51, 8795, 8662.51, 8795, 63.66078406]
[1567281600, 8618, 8739.71, 8738.42, 8661.49, 58.03806351]
[1567278000, 8710.94, 8745, 8743.15, 8738.44, 19.84214288]
[1567274400, 8725, 8759.98, 8750.73, 8744.26, 10.69238489]
[1567270800, 8741.17, 8769.99, 8749.5, 8750.63, 19.42275526]
[1567267200, 8726.02, 8758.29, 8748, 8748.69, 11.42345816]
[1567263600, 8737, 8748.82, 8743.63, 8748, 33.76302139]
[1567260000, 8734.01, 8764.98, 8764.3, 8743.77, 10.98298382]
[1567256400, 8737.6, 8769.99, 8745, 8764.3, 21.33566533]
[1567252800, 8720.23, 8744.99, 8729.85, 8744.99, 11.56261229]
[1567249200, 8702.39, 8735.9, 8728.87, 8721.62, 15.7152255]
[1567245600, 8710.77, 8739.2, 8731.59, 8735.79, 32.21674791]
[1567242000, 8686.73, 8739.97, 8721.12, 8731.5, 22.86795377]
[1567238400, 8721.12, 8759.4, 8758.08, 8721.12, 27.70181359]
[1567234800, 8750.32, 8768.85, 8754.25, 8758.1, 13.36798922]
[1567231200, 8750.01, 8773.82, 8773.82, 8754.85, 8.64160778]
[1567227600, 8745.63, 8776.48, 8760.94, 8766.33, 10.91467795]
[1567224000, 8737.2, 8769.66, 8762.8, 8760.94, 10.60452135]
[1567220400, 8762.41, 8797.11, 8789.38, 8769.38, 6.97618799]
[1567216800, 8763.27, 8809.51, 8784.42, 8786.04, 2.52534487]
[1567213200, 8739.25, 8810.07, 8752.65, 8784.38, 13.73779976]
[1567209600, 8721.14, 8758.83, 8729.74, 8752.85, 7.32542683]
[1567206000, 8721, 8761.54, 8755.6, 8732, 23.66530473]
[1567202400, 8745, 8766.78, 8755.02, 8747.4, 11.07454914]
[1567198800, 8740, 8778.44, 8778.44, 8755.01, 22.90204322]
[1567195200, 8719.31, 8855.14, 8727.47, 8775.03, 73.35417498]
[1567191600, 8622.13, 8738.16, 8682.78, 8727.97, 69.91168178]
[1567188000, 8677.5, 8718.62, 8709.03, 8677.5, 21.35328963]
[1567184400, 8680.01, 8746.05, 8736.15, 8709.03, 82.85163629]
[1567180800, 8725.57, 8775.81, 8765, 8742.02, 192.63546394]
[1567177200, 8717.23, 8775.85, 8722, 8765, 86.64829676]
[1567173600, 8706, 8728.26, 8728.26, 8717.03, 159.67022122]
[1567170000, 8700, 8736.5, 8708.94, 8726, 38.62439762]
[1567166400, 8684.99, 8719.99, 8701.33, 8709.24, 56.41541014]
[1567162800, 8675, 8722.23, 8702.44, 8701.33, 49.2964168]
[1567159200, 8668.53, 8740.35, 8693.56, 8703.83, 128.61624435]
[1567155600, 8635, 8700, 8642.96, 8693.66, 77.13657036]
[1567152000, 8585.1, 8676.89, 8601.89, 8642.95, 51.97829071]
[1567148400, 8582.43, 8636.81, 8607.95, 8594.79, 51.53540399]
[1567144800, 8600, 8645.62, 8606.29, 8607.95, 36.31773097]
[1567141200, 8591.35, 8620.55, 8599.99, 8606.29, 15.33286765]
[1567137600, 8569, 8603.74, 8585.97, 8599.92, 17.65911757]
[1567134000, 8549, 8596.23, 8550, 8580.04, 7.59296878]
[1567130400, 8549, 8583.23, 8565.32, 8549, 5.86094172]
[1567126800, 8476.28, 8568.23, 8565.44, 8565.34, 26.81326557]
[1567123200, 8537.32, 8624, 8586.18, 8554.76, 23.03716743]
[1567119600, 8554.8, 8616.48, 8587.34, 8586.18, 18.72374065]
[1567116000, 8585.78, 8624.76, 8618.98, 8592.13, 23.37505602]
[1567112400, 8590.02, 8648.95, 8619.87, 8618.98, 30.74598774]
[1567108800, 8590.02, 8621.93, 8610, 8618.7, 48.49705822]
[1567105200, 8554.3, 8617, 8612.62, 8613.95, 57.73767631]
[1567101600, 8607.97, 8664.98, 8640.01, 8612.04, 59.69117979]
[1567098000, 8591.05, 8659, 8597.35, 8645.33, 57.10591478]
[1567094400, 8575.06, 8638.24, 8614.54, 8591.64, 71.40820629]
[1567090800, 8505.28, 8678.99, 8517.59, 8614.54, 130.17822748]
[1567087200, 8482.18, 8567.98, 8567.43, 8497.45, 96.7428995]
[1567083600, 8537.12, 8588.11, 8554.01, 8567.43, 101.37246767]
[1567080000, 8490, 8578.99, 8558.75, 8554.15, 126.60544372]
[1567076400, 8542.3, 8593.89, 8558, 8558.75, 74.60056583]
[1567072800, 8526.85, 8575, 8571.63, 8559.9, 126.5124525]
[1567069200, 8516.15, 8606.27, 8517.91, 8571.96, 125.30742042]
[1567065600, 8485.78, 8550, 8488.53, 8517.91, 167.08308097]
[1567062000, 8433.98, 8638.19, 8623.97, 8488.53, 324.91359946]
[1567058400, 8581.01, 8671.31, 8668, 8622.56, 175.66338482]
[1567054800, 8660.2, 8703.19, 8690.03, 8668, 44.98127444]
[1567051200, 8643.14, 8704.63, 8668.55, 8690.03, 43.0660363]
[1567047600, 8618.39, 8747.2, 8735.92, 8668.55, 62.49212098]
[1567044000, 8727, 8767.97, 8758.46, 8745.73, 8.0152324]
[1567040400, 8735.76, 8768.37, 8760.81, 8758.57, 13.72649667]
[1567036800, 8716.16, 8786.95, 8786.95, 8751.97, 42.1217019]
[1567033200, 8770.12, 8816.86, 8803.33, 8787, 28.64374395]
[1567029600, 8755.2, 8811.33, 8801.12, 8803.33, 53.84903837]
[1567026000, 8720.02, 8821.27, 8751.54, 8801.12, 112.19724689]
[1567022400, 8705.04, 8789, 8741.38, 8743.17, 134.6606352]
[1567018800, 8701, 8836.31, 8781.28, 8748.97, 246.30791909]
[1567015200, 8601.01, 9209.54, 9206.08, 8793.86, 1066.09299381]
[1567011600, 9200, 9270, 9237.98, 9210.02, 31.96404941]
[1567008000, 9220, 9258, 9245.57, 9238.03, 28.45597642]
[1567004400, 9202.06, 9258.72, 9214.57, 9239.17, 51.72562541]
[1567000800, 9166.4, 9240, 9178.56, 9215.56, 56.73087157]
[1566997200, 9162.65, 9289, 9168.9, 9177.66, 130.64917941]
[1566993600, 9147.76, 9209.99, 9150.39, 9170, 42.59046413]
[1566990000, 9126.34, 9166.38, 9148.55, 9152.35, 25.66958917]
[1566986400, 9119, 9158.33, 9158.33, 9148.57, 34.81242119]
[1566982800, 9116.1, 9163.59, 9132.84, 9154.25, 24.02935144]
[1566979200, 9121.41, 9170, 9158.07, 9137.41, 40.35969095]
[1566975600, 9141.79, 9200, 9190.01, 9155.75, 33.18927143]
[1566972000, 9135.22, 9228.01, 9139.74, 9196.03, 44.41034072]
[1566968400, 9070, 9162.29, 9102.14, 9138.6, 29.2977322]
[1566964800, 9091.75, 9131.21, 9097.68, 9099.37, 12.724866]
[1566961200, 9091, 9138.85, 9130.85, 9100, 11.44016036]
[1566957600, 9100.34, 9144.19, 9117.17, 9124.03, 5.2853926]
[1566954000, 9115, 9160, 9149.71, 9115, 5.51195257]
[1566950400, 9142.23, 9190.6, 9190.6, 9152.99, 5.04657917]
[1566946800, 9136.76, 9200, 9148.39, 9185.94, 16.88476878]
[1566943200, 9119.01, 9169.99, 9144.81, 9148.39, 12.7072876]
[1566939600, 9101, 9162.75, 9150.02, 9135.78, 36.89381207]
[1566936000, 9144.97, 9182, 9168.9, 9156.37, 15.11546002]
[1566932400, 9133.43, 9186.17, 9185.36, 9169.73, 40.58592289]
[1566928800, 9170.55, 9213.9, 9184.09, 9186.12, 18.94964585]
[1566925200, 9156.71, 9196.44, 9178.1, 9186.81, 53.12064611]
[1566921600, 9165.13, 9225, 9176.15, 9187, 46.66708437]
[1566918000, 9097.55, 9189.83, 9163, 9176.15, 42.27079716]
[1566914400, 9147.15, 9194.38, 9177.43, 9167.33, 43.91127044]
[1566910800, 9113.22, 9186, 9115, 9177.13, 50.69910773]
[1566907200, 9040, 9116.65, 9116.65, 9112.37, 85.92997643]
[1566903600, 9078.07, 9151.64, 9140.26, 9112.64, 43.38154577]
[1566900000, 9055.51, 9165.89, 9135.05, 9149.71, 89.37079077]
[1566896400, 9111.11, 9177.53, 9177.53, 9135.47, 35.28994519]
[1566892800, 9135.35, 9198.98, 9155.59, 9178.79, 36.03797404]
[1566889200, 9110, 9203.68, 9192.79, 9167.6, 54.86773785]
[1566885600, 9183.52, 9218.94, 9218.93, 9192.19, 30.99671755]
[1566882000, 9151.21, 9236.27, 9151.21, 9218.92, 17.70548329]
[1566878400, 9140.07, 9177.92, 9177.92, 9151.21, 19.90151009]
[1566874800, 9101, 9214.97, 9214.97, 9177.92, 57.06798169]
[1566871200, 9195.04, 9293.17, 9286.54, 9207.98, 23.55730418]
[1566867600, 9275.01, 9340.92, 9316.25, 9287.81, 2.8494173]
[1566864000, 9286.98, 9348, 9336.53, 9316.25, 22.81116507]
[1566860400, 9290.01, 9370.01, 9291.95, 9338.66, 29.64718447]
[1566856800, 9245.47, 9322.12, 9253.33, 9291.42, 17.65992145]
[1566853200, 9190, 9263.9, 9245.81, 9253.33, 30.8881264]
[1566849600, 9171.26, 9300.21, 9297.83, 9245.81, 77.73343723]
[1566846000, 9266.04, 9302.62, 9271.17, 9298.74, 24.92211148]
[1566842400, 9252.37, 9289.45, 9283.53, 9272.38, 28.80202809]
[1566838800, 9270, 9316.66, 9291.05, 9285.37, 30.65024074]
[1566835200, 9185, 9357.94, 9300.01, 9296.61, 130.19996214]
[1566831600, 9283.6, 9331.25, 9295.67, 9300.01, 26.56620372]
[1566828000, 9270.11, 9327.87, 9322.2, 9290.24, 36.35420717]
[1566824400, 9264.99, 9340.06, 9332.57, 9323.47, 62.11891807]
[1566820800, 9318.7, 9366.15, 9344.93, 9330, 39.36752495]
[1566817200, 9302.3, 9345, 9320.78, 9344.98, 30.9518563]
[1566813600, 9275.77, 9393.57, 9327.92, 9320.99, 52.04471654]
[1566810000, 9276.35, 9348.9, 9305.24, 9319.95, 43.5428587]
[1566806400, 9262.02, 9322, 9293.9, 9302.94, 39.515619]
