[1568246400, 9211.57, 9267.88, 9243, 9220.03, 23.42617701]
[1568242800, 9176.23, 9243, 9220.62, 9236.48, 13.8629027]
[1568239200, 9202.95, 9249, 9245.48, 9217.31, 27.83367359]
[1568235600, 9164.71, 9249, 9180, 9247.34, 49.69142618]
[1568232000, 9145, 9198, 9171, 9182.99, 27.81059307]
[1568228400, 9130.03, 9181.57, 9146.93, 9171.01, 30.38465971]
[1568224800, 9131.63, 9198, 9138.08, 9146.69, 71.4819533]
[1568221200, 9123.48, 9155.47, 9135, 9132.1, 19.75077514]
[1568217600, 9020.53, 9190, 9082.06, 9137.6, 119.20339149]
[1568214000, 9070.91, 9124.66, 9120.92, 9081.84, 46.30872515]
[1568210400, 9090, 9154.84, 9125.41, 9125.11, 67.02725983]
[1568206800, 9086.83, 9192.59, 9181, 9125.25, 44.21092993]
[1568203200, 9132.36, 9181, 9160, 9181, 51.43624415]
[1568199600, 9160, 9206.59, 9179.48, 9162.79, 45.49445036]
[1568196000, 9079.77, 9180, 9079.77, 9179.49, 64.24484396]
[1568192400, 9060.01, 9095.82, 9069.94, 9086.43, 26.52925319]
[1568188800, 9069.86, 9120, 9110.56, 9074.73, 33.99715569]
[1568185200, 9032.56, 9125, 9042.32, 9111, 57.52358386]
[1568181600, 8930.1, 9092.25, 9070.75, 9046.62, 171.82791881]
[1568178000, 9032.48, 9112.1, 9097, 9071.08, 41.06014301]
[1568174400, 9091.19, 9129.06, 9129.06, 9097, 9.24523317]
[1568170800, 9115.47, 9154.2, 9115.47, 9129.05, 3.50190219]
[1568167200, 9101.02, 9142.78, 9126.82, 9121.16, 3.10494651]
[1568163600, 9121.85, 9190.12, 9182, 9128.73, 10.3662602]
[1568160000, 9136.02, 9300, 9146.56, 9182, 48.24546966]
[1568156400, 9090, 9160, 9123.31, 9139.73, 18.84825343]
[1568152800, 9106.45, 9165.53, 9154, 9129.11, 29.21999028]
[1568149200, 9092.63, 9180.67, 9105.17, 9154, 50.75962609]
[1568145600, 9048.2, 9128.9, 9075.05, 9108, 119.0267245]
[1568142000, 9001.54, 9239.98, 9227.16, 9083.63, 323.50785186]
[1568138400, 9223.68, 9256.91, 9248.25, 9233.46, 21.21756676]
[1568134800, 9213, 9268.5, 9261.75, 9236.56, 51.95378968]
[1568131200, 9214.75, 9279.38, 9214.75, 9264.46, 48.33118014]
[1568127600, 9210.1, 9266.31, 9259, 9220.55, 145.89110896]
[1568124000, 9232.7, 9299.05, 9290.59, 9259.9, 73.35898547]
[1568120400, 9269.1, 9311.37, 9306.33, 9298.74, 50.91017217]
[1568116800, 9276.42, 9322, 9308.48, 9311.36, 36.50126826]
[1568113200, 9275.27, 9315, 9287.51, 9308.46, 23.8560143]
[1568109600, 9271.01, 9321.99, 9294.42, 9287.51, 31.90641131]
[1568106000, 9250, 9331.59, 9309.27, 9294.25, 65.16117792]
[1568102400, 9283.6, 9336.28, 9311.3, 9314.34, 63.45875702]
[1568098800, 9277.92, 9340, 9307.66, 9318.49, 48.9853557]
[1568095200, 9280, 9314.99, 9308.85, 9314.47, 31.49874286]
[1568091600, 9299.98, 9344.02, 9342.25, 9309.39, 15.80218186]
[1568088000, 9320.03, 9360.19, 9335.87, 9338.17, 5.24876]
[1568084400, 9310.01, 9354.98, 9326.32, 9343.05, 3.09640347]
[1568080800, 9326.32, 9393.94, 9372.3, 9326.32, 4.57660012]
[1568077200, 9358.74, 9407, 9358.74, 9368.18, 15.1141241]
[1568073600, 9331.27, 9393.23, 9332.26, 9358.74, 8.6085871]
[1568070000, 9335.31, 9397.39, 9353.14, 9343.77, 6.09373679]
[1568066400, 9313.47, 9398.89, 9314.54, 9358.99, 28.37233759]
[1568062800, 9275.66, 9323.24, 9283.07, 9318.17, 13.91909886]
[1568059200, 9275.46, 9349.97, 9345.53, 9284.7, 42.94026914]
[1568055600, 9267.66, 9353.42, 9290, 9345.53, 34.72780127]
[1568052000, 9285.14, 9315.54, 9288, 9293.36, 16.32802898]
[1568048400, 9262, 9327.23, 9279.8, 9288, 67.18809211]
[1568044800, 9189.87, 9364.51, 9351, 9290.77, 136.05109074]
[1568041200, 9331.52, 9387.98, 9362.54, 9351, 53.93527977]
[1568037600, 9334.88, 9385, 9360.03, 9370.91, 48.20074909]
[1568034000, 9359.93, 9410, 9387.1, 9363.74, 48.10443848]
[1568030400, 9387.11, 9460.65, 9460.64, 9387.11, 45.60385282]
[1568026800, 9284.01, 9545.23, 9305, 9460.64, 113.73644696]
[1568023200, 9243.96, 9320, 9297.61, 9305.01, 53.63332481]
[1568019600, 9186.36, 9310.17, 9193.44, 9295, 95.74112442]
[1568016000, 9141, 9214.76, 9202, 9193.42, 87.87245165]
[1568012400, 9150, 9321.93, 9299.2, 9205.89, 179.58350186]
[1568008800, 9281.39, 9367.7, 9350.14, 9307.34, 58.79224777]
[1568005200, 9340.55, 9378.65, 9375.74, 9354.19, 17.91138038]
[1568001600, 9300.01, 9383.04, 9349, 9373.42, 25.02427218]
[1567998000, 9327.2, 9390.44, 9365.01, 9349, 30.05556155]
[1567994400, 9365, 9435.3, 9431.91, 9369.35, 8.15559884]
[1567990800, 9428.01, 9448.62, 9442.5, 9428.01, 5.04143249]
[1567987200, 9428, 9460, 9434.84, 9442.5, 12.58671847]
[1567983600, 9424.76, 9459.98, 9429.66, 9449.95, 5.41815525]
[1567980000, 9430.74, 9473.49, 9452.85, 9437.92, 12.75545018]
[1567976400, 9382.05, 9463.55, 9398.99, 9463.55, 22.45551015]
[1567972800, 9382.17, 9417.62, 9386.23, 9399, 21.53277395]
[1567969200, 9370, 9418.04, 9377.6, 9386.23, 27.79924306]
[1567965600, 9359.16, 9434, 9420.89, 9380.26, 25.1094403]
[1567962000, 9408.78, 9449.63, 9445.57, 9423.57, 12.47128376]
[1567958400, 9353.47, 9475, 9439.41, 9449.63, 28.50088937]
[1567954800, 9415.01, 9455, 9454.91, 9439.41, 26.47117539]
[1567951200, 9408.19, 9461.25, 9413.96, 9451.76, 27.19241364]
[1567947600, 9410.01, 9454.99, 9437.01, 9414, 21.8602874]
[1567944000, 9419.35, 9466.8, 9437.01, 9437.48, 31.83954426]
[1567940400, 9304, 9540.14, 9535.2, 9437.01, 156.36125412]
[1567936800, 9528.48, 9571.28, 9544.66, 9544.47, 19.45689363]
[1567933200, 9531.95, 9569.89, 9552, 9545.64, 20.79870236]
[1567929600, 9515, 9569.59, 9557.76, 9552, 26.65293329]
[1567926000, 9554.98, 9599.98, 9590, 9564.34, 19.60658249]
[1567922400, 9566.68, 9590, 9571, 9589.65, 6.62965184]
[1567918800, 9561.45, 9591.93, 9581.14, 9571, 6.6676664]
[1567915200, 9577, 9605, 9577, 9591.33, 14.00958436]
[1567911600, 9512.26, 9590.34, 9512.26, 9577, 9.9756419]
[1567908000, 9510.62, 9543.05, 9528.75, 9510.92, 0.64347874]
[1567904400, 9523.29, 9550, 9537.92, 9525.01, 4.04408839]
[1567900800, 9508.76, 9546.14, 9511.32, 9535.75, 7.08281763]
[1567897200, 9494.01, 9529.98, 9526.85, 9511.32, 15.25106024]
[1567893600, 9511.01, 9559.2, 9555.52, 9526.6, 6.40149741]
[1567890000, 9503.83, 9570, 9534.16, 9550, 17.94596639]
[1567886400, 9509.71, 9542.45, 9510.43, 9533.73, 20.89587673]
[1567882800, 9488.38, 9552.15, 9516, 9525.97, 25.86427741]
[1567879200, 9503.3, 9561.33, 9530.01, 9516, 25.85560897]
[1567875600, 9439.35, 9585.97, 9548.94, 9534.95, 131.28001816]
[1567872000, 9421, 9578.46, 9512.01, 9545.67, 48.77033471]
[1567868400, 9449.67, 9518.78, 9449.67, 9516, 27.5162041]
[1567864800, 9432.02, 9473.09, 9432.02, 9449.66, 19.71993605]
[1567861200, 9419.73, 9440, 9426.76, 9432.03, 17.17646022]
[1567857600, 9426.76, 9467.84, 9457.55, 9426.76, 12.88623802]
[1567854000, 9419, 9461.97, 9419, 9461.94, 32.37074136]
[1567850400, 9390.1, 9454.47, 9431.97, 9419, 46.70095789]
[1567846800, 9425.53, 9458.92, 9452.11, 9431.97, 24.00287832]
[1567843200, 9424.11, 9470.99, 9424.11, 9452.99, 20.74727643]
[1567839600, 9390.03, 9443.73, 9400.28, 9429.76, 14.31726228]
[1567836000, 9391.19, 9424.28, 9413.01, 9400.28, 14.96503109]
[1567832400, 9391.2, 9419.63, 9398.18, 9418.4, 13.07168248]
[1567828800, 9374.52, 9398.19, 9394, 9398.18, 3.21663082]
[1567825200, 9375.47, 9401.26, 9391.16, 9394, 6.42442471]
[1567821600, 9388.5, 9423.62, 9413.27, 9391.21, 5.06638691]
[1567818000, 9381.56, 9427.81, 9389.06, 9413.44, 3.6660532]
[1567814400, 9349.42, 9406.63, 9360.03, 9383.55, 7.32703307]
[1567810800, 9340, 9399.63, 9387.1, 9360.02, 38.6277469]
[1567807200, 9387.1, 9460, 9459, 9391.44, 38.8705465]
[1567803600, 9350, 9460, 9398, 9460, 68.40240048]
[1567800000, 9260, 9421.9, 9418, 9398.99, 160.10508495]
[1567796400, 9385, 9445.14, 9409.05, 9423.85, 62.19935835]
[1567792800, 9367.82, 9474.44, 9474.44, 9390, 192.58720238]
[1567789200, 9302, 9869.71, 9862.24, 9474.49, 520.80029057]
[1567785600, 9822, 9874.1, 9850.08, 9869.93, 45.5787181]
[1567782000, 9825.03, 9881.5, 9825.03, 9858.23, 56.39660337]
[1567778400, 9800, 9850, 9808.4, 9825, 65.03773322]
[1567774800, 9780, 9864.99, 9847.69, 9809.96, 81.77575233]
[1567771200, 9829.42, 9900, 9849.99, 9840, 131.74043044]
[1567767600, 9748, 9896.69, 9748.01, 9850, 242.34254381]
[1567764000, 9735.21, 9765, 9735.21, 9748.01, 53.18225999]
[1567760400, 9701.45, 9742.83, 9715, 9735.21, 54.44843622]
[1567756800, 9694.45, 9765, 9728.96, 9714.99, 175.28228635]
[1567753200, 9703.55, 9730, 9719.25, 9724.97, 37.15125119]
[1567749600, 9685, 9730, 9699.71, 9719.26, 36.91521022]
[1567746000, 9683.26, 9770, 9717.45, 9699.72, 48.75270647]
[1567742400, 9660.93, 9723.54, 9661.84, 9719.13, 23.67129343]
[1567738800, 9659.28, 9720, 9673.88, 9661.84, 28.14321858]
[1567735200, 9603.36, 9689, 9608.92, 9674.07, 24.29107818]
[1567731600, 9589.09, 9618.76, 9598.21, 9608.92, 32.24616102]
[1567728000, 9579.47, 9611, 9586.12, 9598.31, 15.41882518]
[1567724400, 9575.51, 9611, 9590.49, 9589.98, 16.72442025]
[1567720800, 9548.96, 9599, 9568, 9585.41, 21.91650874]
[1567717200, 9520.59, 9584.32, 9536.83, 9568.01, 17.53712853]
[1567713600, 9530, 9591.19, 9548.99, 9531.62, 30.06015562]
[1567710000, 9512.36, 9591.19, 9558.98, 9549.99, 43.91141388]
[1567706400, 9500, 9577.98, 9524.11, 9559.2, 31.04314899]
[1567702800, 9511, 9565.5, 9540, 9516.28, 33.78524253]
[1567699200, 9523.01, 9610, 9575.15, 9546.16, 51.3825378]
[1567695600, 9543.26, 9581, 9558.5, 9574.75, 40.3599822]
[1567692000, 9540, 9583.5, 9574.76, 9560.87, 58.57816879]
[1567688400, 9541.32, 9585.22, 9565, 9576.99, 35.17530367]
[1567684800, 9523.88, 9595, 9568.74, 9565, 42.88880126]
[1567681200, 9551, 9625.09, 9613.62, 9569.07, 31.90771226]
[1567677600, 9459, 9644.99, 9568.37, 9614.54, 117.3659426]
[1567674000, 9550, 9621.5, 9595.6, 9568.79, 21.71821507]
[1567670400, 9535, 9624.96, 9557.42, 9596.28, 58.51582359]
[1567666800, 9551.02, 9578.19, 9564.93, 9565.34, 22.14080325]
[1567663200, 9549.69, 9632.58, 9613.52, 9559.64, 27.76518204]
[1567659600, 9568.63, 9638.97, 9595.19, 9610.1, 15.80740504]
[1567656000, 9556.47, 9615.27, 9565, 9588.32, 17.94408568]
[1567652400, 9524.77, 9565, 9540.49, 9565, 5.01955321]
[1567648800, 9499.01, 9578.53, 9559.87, 9524, 17.54665113]
[1567645200, 9514.46, 9565.06, 9535, 9559.89, 5.26270955]
[1567641600, 9500, 9591.5, 9585.59, 9540.65, 40.57810099]
[1567638000, 9539.63, 9599.7, 9568.98, 9585.61, 12.48392218]
[1567634400, 9513.15, 9688.67, 9662.93, 9560, 59.34406763]
[1567630800, 9600.01, 9662.99, 9625.78, 9662.96, 26.7559924]
[1567627200, 9610.74, 9800, 9714.74, 9615.46, 153.15765432]
[1567623600, 9592.09, 9727.25, 9592.09, 9710.11, 114.38552052]
[1567620000, 9579.68, 9699.26, 9654.12, 9592.09, 113.41276214]
[1567616400, 9580.66, 9689, 9592.44, 9654.12, 86.12786509]
[1567612800, 9446.31, 9618.99, 9452.37, 9592.99, 112.03112941]
[1567609200, 9420, 9478.75, 9432.93, 9453.99, 52.3126503]
[1567605600, 9430, 9499.99, 9448.02, 9432.92, 59.42490229]
[1567602000, 9425, 9517.46, 9511.88, 9450, 119.1050018]
[1567598400, 9511, 9571.51, 9552.15, 9521.78, 47.63303091]
[1567594800, 9525.03, 9593.55, 9592.69, 9552.15, 46.93196045]
[1567591200, 9500, 9600, 9530.01, 9594.01, 58.25299557]
[1567587600, 9421.04, 9558.9, 9540.01, 9530, 247.68586932]
[1567584000, 9511, 9615, 9614.23, 9540, 75.58261805]
[1567580400, 9545.74, 9645.53, 9624.12, 9608.29, 91.32809834]
[1567576800, 9621.35, 9669.99, 9634.39, 9632.56, 32.15550929]
[1567573200, 9602.03, 9657, 9654.4, 9634.55, 23.48313983]
[1567569600, 9624.76, 9696.3, 9675.05, 9646.56, 17.61175664]
[1567566000, 9570.04, 9689.21, 9593.11, 9675.06, 23.32844222]
[1567562400, 9559.73, 9629.93, 9584.99, 9593.11, 36.44114989]
[1567558800, 9522.01, 9641.47, 9639.49, 9571.99, 41.5763254]
[1567555200, 9625.27, 9689.37, 9684.84, 9638.8, 15.03861559]
[1567551600, 9533.64, 9741.97, 9741.97, 9685.37, 209.83178719]
[1567548000, 9720.77, 9760, 9743.65, 9741.85, 64.07607508]
[1567544400, 9712.62, 9765.37, 9746.86, 9741.36, 33.55629319]
[1567540800, 9708.35, 9777.57, 9709.5, 9746.82, 56.23380493]
[1567537200, 9682.65, 9729, 9690, 9708.36, 59.19707463]
[1567533600, 9671.35, 9720, 9671.57, 9690, 53.55455853]
[1567530000, 9668.64, 9748.99, 9723.54, 9671.35, 71.18674315]
[1567526400, 9720, 9774, 9762.89, 9723.88, 61.94460041]
