[1573286400, 7995.79, 8021.47, 8013.88, 7995.79, 19.75098825]
[1573282800, 8010.75, 8065.72, 8058.11, 8011.3, 31.84045874]
[1573279200, 8021.49, 8060, 8021.49, 8060, 9.76089291]
[1573275600, 8007.32, 8033.65, 8020.09, 8021.55, 9.39496869]
[1573272000, 7996.56, 8020.1, 8017.11, 8010.98, 2.36031265]
[1573268400, 7999.16, 8033.41, 8009, 8017.03, 14.10746151]
[1573264800, 7981.05, 8010.83, 7988.09, 8010.83, 6.80583699]
[1573261200, 7973.73, 8009.17, 8009.17, 7979.74, 4.67492704]
[1573257600, 7927.89, 8010.91, 7968, 8009.3, 19.11513911]
[1573254000, 7950.01, 8016, 8000, 7970.2, 37.7732759]
[1573250400, 8000, 8067.63, 8060.04, 8003.81, 36.81014475]
[1573246800, 8000.02, 8088.4, 8004, 8063.44, 54.69668166]
[1573243200, 7984.26, 8040.71, 7989.89, 8004.57, 49.5620694]
[1573239600, 7980.17, 8023, 8008.04, 7989.9, 39.7172365]
[1573236000, 7961.98, 8028, 7961.98, 8008.14, 76.81804094]
[1573232400, 7940.71, 7978.38, 7953.86, 7961.98, 51.03930704]
[1573228800, 7909.95, 7991.07, 7982.82, 7947.92, 103.39227925]
[1573225200, 7910.56, 7989.99, 7955, 7989.99, 135.08202795]
[1573221600, 7865, 8014, 7974, 7960.04, 241.43840426]
[1573218000, 7912, 8164.72, 8160.01, 7970.6, 348.26194632]
[1573214400, 8137.24, 8185.93, 8180.87, 8165.59, 34.94890577]
[1573210800, 8170.01, 8216, 8176.82, 8180.87, 59.65414649]
[1573207200, 8154.77, 8193.09, 8185.07, 8181.33, 42.59259233]
[1573203600, 8100, 8210.14, 8210.14, 8185.07, 188.59348133]
[1573200000, 8186.02, 8269.38, 8266.04, 8210.14, 122.13331169]
[1573196400, 8230.91, 8325.55, 8314.56, 8263.92, 75.69879401]
[1573192800, 8301.26, 8328.01, 8328.01, 8314.4, 24.33912555]
[1573189200, 8302.35, 8348.64, 8333.62, 8328, 26.98183635]
[1573185600, 8328.75, 8369.7, 8355.87, 8340.8, 6.98770705]
[1573182000, 8341.79, 8356, 8354.64, 8352.19, 2.19718266]
[1573178400, 8331.5, 8361.48, 8344.46, 8353.19, 45.30420251]
[1573174800, 8340.49, 8357.97, 8350, 8345.9, 9.79262211]
[1573171200, 8301.43, 8333.66, 8328.44, 8333.66, 13.04139294]
[1573167600, 8328.51, 8359.7, 8344.02, 8328.51, 21.69086725]
[1573164000, 8332.82, 8376.68, 8336.99, 8352.5, 24.72350863]
[1573160400, 8218.65, 8342.5, 8318.62, 8327.68, 106.70744901]
[1573156800, 8307.5, 8343.73, 8324.7, 8318.73, 24.60190109]
[1573153200, 8315.35, 8343.2, 8333.44, 8324.92, 27.21678063]
[1573149600, 8312.61, 8332.8, 8322, 8332.77, 19.61018633]
[1573146000, 8320.45, 8340, 8332.37, 8322.01, 16.17635717]
[1573142400, 8307.5, 8350, 8311.74, 8331.45, 31.97834977]
[1573138800, 8310, 8337.52, 8337.42, 8314.48, 29.85271801]
[1573135200, 8295.61, 8344.66, 8307.69, 8337.42, 31.78045525]
[1573131600, 8271.16, 8341.5, 8284.11, 8307.69, 50.56221183]
[1573128000, 8241.35, 8309.9, 8292.91, 8284.11, 63.0302768]
[1573124400, 8281.45, 8310, 8298.37, 8299.87, 44.36720131]
[1573120800, 8260.01, 8331.55, 8325.8, 8298.37, 133.61883446]
[1573117200, 8325.07, 8361.7, 8356.93, 8329.99, 53.05100701]
[1573113600, 8345, 8370.42, 8353.45, 8356.93, 20.05694455]
[1573110000, 8329, 8411.42, 8392.84, 8353.43, 59.06570083]
[1573106400, 8389.48, 8418.51, 8412.12, 8394.99, 6.3826505]
[1573102800, 8381, 8417.24, 8405.45, 8417.24, 14.344142]
[1573099200, 8398.87, 8422.77, 8406.3, 8410.75, 3.20997356]
[1573095600, 8395.45, 8426.43, 8407.65, 8406.19, 5.60128386]
[1573092000, 8391.8, 8428.81, 8428.81, 8410.94, 9.25226326]
[1573088400, 8415, 8470, 8445.4, 8429.13, 9.59126562]
[1573084800, 8426.84, 8451.71, 8450.06, 8445.73, 5.81830946]
[1573081200, 8432.61, 8460, 8444.42, 8448.94, 18.53617471]
[1573077600, 8426.18, 8459.97, 8438.39, 8442.68, 38.01287339]
[1573074000, 8409.21, 8438.75, 8409.21, 8438.41, 29.61879489]
[1573070400, 8393.12, 8420.51, 8405.75, 8409.21, 22.43055045]
[1573066800, 8404.76, 8436.99, 8420, 8405.74, 28.43848271]
[1573063200, 8380.21, 8422, 8405.53, 8422, 21.54112278]
[1573059600, 8380, 8425, 8424.97, 8405.5, 49.71629039]
[1573056000, 8417, 8453.83, 8450, 8424.97, 35.20682765]
[1573052400, 8422.06, 8454.94, 8427.4, 8454.93, 31.30557545]
[1573048800, 8420, 8447.97, 8425.14, 8427.4, 41.94652392]
[1573045200, 8420, 8453.92, 8446.52, 8425.09, 34.92351973]
[1573041600, 8437.56, 8485.99, 8477.71, 8451.86, 30.27019405]
[1573038000, 8436.16, 8478.01, 8450.18, 8472.45, 24.19279981]
[1573034400, 8430.01, 8481.32, 8443.42, 8450.18, 35.73590596]
[1573030800, 8427.36, 8498.52, 8490.01, 8449.95, 54.92748516]
[1573027200, 8479, 8500, 8482.01, 8490.76, 22.11441651]
[1573023600, 8456.7, 8524, 8473.94, 8483, 53.18987265]
[1573020000, 8414.46, 8482.18, 8440, 8479.87, 16.26476317]
[1573016400, 8416.43, 8451.29, 8436.33, 8440, 12.07493944]
[1573012800, 8413.38, 8436.73, 8423.31, 8429.78, 5.69941024]
[1573009200, 8387.97, 8408.43, 8408.14, 8406.48, 1.19045851]
[1573005600, 8402.96, 8429.83, 8418.49, 8408.82, 7.93389953]
[1573002000, 8382.43, 8418.89, 8401.32, 8413.5, 8.97684896]
[1572998400, 8393, 8428, 8420.1, 8401.32, 13.71022674]
[1572994800, 8413, 8455.36, 8434.9, 8420.1, 16.58212276]
[1572991200, 8415.01, 8462.31, 8459, 8434.76, 22.28671191]
[1572987600, 8454.7, 8493.83, 8456.99, 8462.68, 24.86239001]
[1572984000, 8413.08, 8525, 8489.6, 8459, 45.68858231]
[1572980400, 8437.97, 8495, 8452.57, 8494, 38.75966816]
[1572976800, 8435.34, 8468.52, 8456.09, 8452.58, 36.82896756]
[1572973200, 8443.36, 8480.99, 8450.96, 8447.24, 32.81176428]
[1572969600, 8367.25, 8482, 8470.16, 8458, 57.69012712]
[1572966000, 8429.51, 8485, 8439.17, 8471.99, 64.91414195]
[1572962400, 8326.9, 8464.32, 8326.9, 8429.76, 78.98199773]
[1572958800, 8326.9, 8403.12, 8385.64, 8326.9, 37.69911647]
[1572955200, 8357.56, 8416.13, 8372.08, 8388.53, 60.8738872]
[1572951600, 8350.15, 8379.99, 8356.91, 8372.08, 28.34771762]
[1572948000, 8340, 8376.62, 8365, 8355, 30.85358614]
[1572944400, 8302.14, 8390, 8312.8, 8365, 74.97811481]
[1572940800, 8268.42, 8318.92, 8300.51, 8317.18, 40.15645996]
[1572937200, 8248.85, 8374.71, 8374.27, 8292.48, 124.49531367]
[1572933600, 8363.76, 8458.15, 8457.68, 8374.27, 65.20442842]
[1572930000, 8440.01, 8471.92, 8446.96, 8453.51, 19.45318234]
[1572926400, 8435.61, 8475.19, 8475.19, 8448.82, 9.7246184]
[1572922800, 8462.71, 8506.64, 8506.64, 8475.41, 4.92428255]
[1572919200, 8477.22, 8524.7, 8500.43, 8506.64, 11.59716269]
[1572915600, 8436.66, 8515.13, 8439.94, 8501.13, 22.74393658]
[1572912000, 8423, 8466.84, 8459.86, 8440.16, 23.51949641]
[1572908400, 8430.92, 8487.64, 8437.37, 8463.93, 29.61411482]
[1572904800, 8420.01, 8489.58, 8489.58, 8443.47, 72.66455838]
[1572901200, 8480, 8528, 8517.63, 8489.58, 66.92099486]
[1572897600, 8338.24, 8605, 8338.24, 8517.18, 314.94953599]
[1572894000, 8315.37, 8345, 8326.56, 8336.99, 35.06814823]
[1572890400, 8326, 8369.99, 8369.99, 8326.46, 41.35534141]
[1572886800, 8351.23, 8378.3, 8351.23, 8369.99, 38.81172165]
[1572883200, 8334.06, 8384.96, 8345.87, 8358.45, 36.85462836]
[1572879600, 8326.66, 8370.88, 8362.02, 8349, 33.6131932]
[1572876000, 8301.1, 8375, 8301.1, 8362.03, 53.06249078]
[1572872400, 8300, 8323.52, 8300.08, 8303.98, 48.02213267]
[1572868800, 8295.2, 8328.99, 8315.79, 8300.63, 65.51853799]
[1572865200, 8260, 8323.08, 8264, 8315.8, 41.35130792]
[1572861600, 8228.84, 8279, 8233.11, 8264.01, 26.92961945]
[1572858000, 8207.17, 8242.41, 8207.73, 8233.11, 28.95189014]
[1572854400, 8204.02, 8255, 8233.45, 8217.68, 25.60768157]
[1572850800, 8208.82, 8247.05, 8213.92, 8233.45, 16.67671141]
[1572847200, 8199.46, 8228.62, 8199.46, 8212.43, 8.92109803]
[1572843600, 8182.08, 8215.42, 8191.13, 8208.18, 4.19715966]
[1572840000, 8180, 8211.64, 8203.41, 8191.95, 5.1489298]
[1572836400, 8191, 8228.42, 8220.62, 8206.11, 3.17713525]
[1572832800, 8204.85, 8238.18, 8204.85, 8214.75, 4.39562382]
[1572829200, 8200.5, 8220, 8219.95, 8211.88, 7.13905513]
[1572825600, 8216.38, 8264.17, 8257.83, 8216.39, 11.06991688]
[1572822000, 8241.91, 8284.26, 8251.32, 8250.36, 19.40463917]
[1572818400, 8203.9, 8259, 8206.95, 8257.53, 32.33565032]
[1572814800, 8150, 8219.87, 8213.21, 8218.93, 66.65721372]
[1572811200, 8187.89, 8224.42, 8209.97, 8216.62, 36.7535415]
[1572807600, 8204.7, 8229.81, 8209.57, 8209.98, 24.21814288]
[1572804000, 8187.62, 8215.71, 8215.71, 8206.39, 21.1546199]
[1572800400, 8183, 8231.78, 8229.74, 8213.42, 22.87506012]
[1572796800, 8220, 8243.76, 8233.48, 8224.98, 24.58702582]
[1572793200, 8207.75, 8237.93, 8219.7, 8233.59, 36.10211282]
[1572789600, 8208.38, 8261.01, 8240, 8222.51, 37.94418572]
[1572786000, 8210.37, 8245.53, 8218.98, 8243.12, 15.43098871]
[1572782400, 8183, 8235.5, 8230, 8220.69, 32.32156857]
[1572778800, 8202.6, 8233.97, 8216.23, 8232.37, 55.01575466]
[1572775200, 8190.01, 8284.42, 8284.42, 8216.38, 73.97656369]
[1572771600, 8272.48, 8299.03, 8280, 8284.42, 17.94761671]
[1572768000, 8264.28, 8314.21, 8314.21, 8280, 37.67302477]
[1572764400, 8311, 8338.89, 8330.48, 8311, 21.25944815]
[1572760800, 8319.3, 8344.5, 8327.49, 8324.5, 7.76410862]
[1572757200, 8311, 8328.25, 8315.31, 8327.49, 2.80646261]
[1572753600, 8311.5, 8378.98, 8378.97, 8321.44, 13.40457319]
[1572750000, 8372.35, 8400, 8400, 8379, 6.32768669]
[1572746400, 8366.2, 8400, 8366.21, 8400, 3.77566291]
[1572742800, 8354.05, 8373.99, 8363.52, 8373.46, 3.63248637]
[1572739200, 8338.08, 8374.31, 8342.69, 8363.53, 13.09207733]
[1572735600, 8331.1, 8350, 8349.96, 8342.68, 10.05417581]
[1572732000, 8335.12, 8357.78, 8345.36, 8349.96, 13.53562531]
[1572728400, 8335.89, 8360, 8352.09, 8345.43, 12.86016783]
[1572724800, 8343.1, 8368.8, 8362.86, 8352.81, 10.43017715]
[1572721200, 8338, 8374, 8346.08, 8367.44, 19.53202933]
[1572717600, 8335, 8357.87, 8347.26, 8351.52, 18.39685721]
[1572714000, 8344.3, 8389.89, 8371.6, 8347.26, 26.40286864]
[1572710400, 8360.18, 8390, 8380.73, 8378.85, 18.20540103]
[1572706800, 8340, 8379.99, 8375, 8378.49, 19.94340094]
[1572703200, 8375, 8409.97, 8403.65, 8375, 40.67691048]
[1572699600, 8354.1, 8426.83, 8377.51, 8403.65, 80.27265658]
[1572696000, 8285.45, 8398, 8311.82, 8377.51, 121.12367499]
[1572692400, 8279.01, 8314.98, 8279.1, 8311.62, 28.52409266]
[1572688800, 8274.62, 8281, 8274.62, 8279.1, 12.33076814]
[1572685200, 8270.01, 8291.36, 8270.01, 8281, 9.26915954]
[1572681600, 8267.41, 8306.49, 8290.1, 8274.86, 11.44998261]
[1572678000, 8264, 8292.26, 8272.95, 8290.43, 8.23400297]
[1572674400, 8264, 8289.05, 8288.79, 8269.07, 5.33511934]
[1572670800, 8270, 8292.25, 8274, 8287.98, 2.16990476]
[1572667200, 8271.35, 8307.99, 8307.99, 8276.32, 3.25650251]
[1572663600, 8295.27, 8315.54, 8304.27, 8307.87, 6.8823383]
[1572660000, 8280.53, 8316.02, 8304.9, 8311.13, 4.51848782]
[1572656400, 8293.96, 8326, 8311.02, 8303.52, 7.51984201]
[1572652800, 8281.97, 8324.92, 8298.54, 8310.99, 34.36940269]
[1572649200, 8259.98, 8309.53, 8259.98, 8298.54, 11.49934589]
[1572645600, 8264.72, 8324, 8313.72, 8268.25, 59.21950396]
[1572642000, 8251.48, 8317, 8251.48, 8301, 54.33393278]
[1572638400, 8226.15, 8265.95, 8227, 8251.47, 41.60295159]
[1572634800, 8220.66, 8265.96, 8248.53, 8227, 39.49122217]
[1572631200, 8215.35, 8264.19, 8231, 8245.83, 19.09441425]
[1572627600, 8206.39, 8259, 8228.22, 8232.03, 28.64604656]
[1572624000, 8136.02, 8249.9, 8166.54, 8236.03, 77.37525108]
[1572620400, 8165.72, 8297, 8197.6, 8171.91, 118.85648485]
[1572616800, 8164.01, 8214.74, 8197.51, 8197.6, 31.72316645]
[1572613200, 8159.99, 8300, 8280.14, 8200, 99.06950776]
[1572609600, 8225, 8300, 8235.8, 8290.8, 34.33420556]
[1572606000, 8215.03, 8335, 8245, 8235.55, 68.56611067]
[1572602400, 8183.6, 8250, 8183.6, 8245, 30.62294082]
[1572598800, 8180.12, 8220.55, 8220.55, 8190.47, 22.72764093]
[1572595200, 8178.5, 8231, 8179.03, 8215, 38.01659665]
[1572591600, 8170, 8206.98, 8199.61, 8184.87, 18.6642444]
[1572588000, 8157.01, 8210.95, 8157.01, 8199.63, 21.79583099]
[1572584400, 8150.03, 8181.65, 8157.61, 8156.36, 6.1168181]
[1572580800, 8131, 8170.36, 8148.32, 8156.35, 6.86155483]
[1572577200, 8134.76, 8201.64, 8201.64, 8147.95, 22.37149053]
[1572573600, 8145.23, 8225.98, 8167, 8201.65, 16.23462374]
[1572570000, 8167.01, 8217, 8197.31, 8171.77, 11.20990805]
[1572566400, 8177.58, 8219.65, 8208.37, 8203.9, 11.74962214]
