[1563206400, 9342.96, 9469.99, 9420, 9469.96, 187.27780479]
[1563202800, 9325.6, 9429.99, 9409.98, 9420, 138.23684385]
[1563199200, 9240, 9446.36, 9240.2, 9415.66, 297.18610122]
[1563195600, 8965, 9240.22, 8989.01, 9236.56, 157.96625622]
[1563192000, 8977, 9183.76, 9163.69, 8994.81, 152.69464939]
[1563188400, 9114.97, 9236.71, 9139.39, 9161.9, 83.43823311]
[1563184800, 9134.01, 9222.67, 9168.98, 9155.26, 107.29243669]
[1563181200, 9010.01, 9218.93, 9047.81, 9166.83, 146.29856133]
[1563177600, 9031.2, 9199.73, 9182.82, 9047.77, 177.71301708]
[1563174000, 9023.9, 9216.72, 9023.9, 9190.7, 167.93979164]
[1563170400, 8956.34, 9074.95, 9048.44, 9034.31, 140.91888163]
[1563166800, 8923.94, 9054.87, 9011.73, 9050.01, 133.8956104]
[1563163200, 9010.8, 9147.99, 9111.79, 9023.57, 83.37891837]
[1563159600, 8934.16, 9130, 8975.27, 9111.67, 64.86017375]
[1563156000, 8780, 8973.02, 8935.58, 8961.97, 102.79224707]
[1563152400, 8882.82, 9043.3, 8902.94, 8924.49, 61.08213955]
[1563148800, 8811, 9074.14, 9064.62, 8903.43, 272.12266317]
[1563145200, 8999, 9323.61, 9323.61, 9060.98, 393.51922908]
[1563141600, 9321, 9489.95, 9484.43, 9321, 56.88975517]
[1563138000, 9400, 9521.55, 9477.64, 9479.32, 81.85621959]
[1563134400, 9238, 9578.33, 9316.26, 9477.64, 167.00434326]
[1563130800, 9242.96, 9384.11, 9316.99, 9316.28, 88.39584152]
[1563127200, 9191.01, 9410, 9408.5, 9326.55, 126.96456668]
[1563123600, 9356.28, 9494.98, 9419.22, 9408.5, 108.97705844]
[1563120000, 9187.23, 9444.8, 9259.21, 9402.38, 302.53759724]
[1563116400, 9170, 9493.6, 9460.06, 9268.27, 269.80561203]
[1563112800, 9390, 9530, 9486.1, 9453.83, 92.56636427]
[1563109200, 9369, 9666.91, 9554.99, 9484.75, 246.05596142]
[1563105600, 9430, 9572.52, 9523.38, 9554.99, 113.56759932]
[1563102000, 9414, 9632.34, 9560.01, 9523.38, 180.71777706]
[1563098400, 9450, 9739, 9630.53, 9566.63, 322.56364394]
[1563094800, 9506.12, 9915.2, 9880, 9623.54, 248.00708398]
[1563091200, 9880.46, 9951.06, 9905.07, 9883.89, 46.10859429]
[1563087600, 9867.68, 9994.85, 9994.85, 9912.19, 45.02094608]
[1563084000, 9970.76, 10054, 10001.94, 9990.18, 17.89475965]
[1563080400, 9935.73, 10009.81, 9950.1, 10000, 15.88779055]
[1563076800, 9925.84, 10091.16, 10045.58, 9949.71, 19.62711954]
[1563073200, 10030.06, 10101.2, 10085.14, 10043.61, 13.13409223]
[1563069600, 10070.59, 10178.98, 10123, 10081.68, 16.04183523]
[1563066000, 10042.03, 10178.95, 10072.82, 10129.76, 24.48773111]
[1563062400, 10048.85, 10175.7, 10117.94, 10072.12, 27.27695907]
[1563058800, 10000.74, 10157.17, 10030.01, 10120.44, 55.49035869]
[1563055200, 9784.97, 10175, 9798, 10030.01, 182.86293955]
[1563051600, 9608.23, 9798, 9709.27, 9797.99, 168.77992964]
[1563048000, 9650, 9965, 9964.8, 9707.18, 277.86935338]
[1563044400, 9800, 9990.04, 9921.56, 9972.06, 134.43097079]
[1563040800, 9857.53, 10102.52, 10099.77, 9921.8, 219.50976957]
[1563037200, 10000, 10148.17, 10100.02, 10092.62, 38.77399986]
[1563033600, 10074.83, 10200, 10149.99, 10100.02, 30.71319885]
[1563030000, 10043.58, 10156.01, 10063.46, 10149.99, 44.27695671]
[1563026400, 10057.78, 10168.06, 10126.33, 10062.76, 29.49902109]
[1563022800, 10077.77, 10198.91, 10085.61, 10126.37, 45.9425602]
[1563019200, 10007.67, 10169.29, 10064.16, 10095.95, 67.68661112]
[1563015600, 9980, 10088.96, 10063.79, 10052.77, 107.35939292]
[1563012000, 10012, 10265, 10265, 10079.5, 191.43330623]
[1563008400, 10211, 10322, 10265.06, 10281.25, 52.46455452]
[1563004800, 10221.23, 10322.64, 10228.79, 10284.64, 22.34127726]
[1563001200, 10220, 10300, 10300, 10229.56, 62.09456856]
[1562997600, 10298.32, 10376.61, 10376.61, 10305.01, 20.95784698]
[1562994000, 10330.07, 10390, 10330.97, 10358.14, 9.2457014]
[1562990400, 10268, 10350, 10300.01, 10344.75, 16.97681912]
[1562986800, 10296.82, 10431.27, 10380.48, 10296.82, 23.04261725]
[1562983200, 10384.25, 10449.35, 10401, 10386.67, 6.24609452]
[1562979600, 10359, 10467.33, 10428.73, 10401, 15.52530857]
[1562976000, 10408.86, 10518.29, 10488.75, 10442.98, 27.28569119]
[1562972400, 10469, 10519, 10479.98, 10486.6, 19.17976848]
[1562968800, 10439.66, 10529.65, 10469.38, 10479.99, 37.38340722]
[1562965200, 10439.25, 10599.68, 10560, 10469.39, 95.44649323]
[1562961600, 10324.99, 10600, 10324.99, 10560, 187.12606091]
[1562958000, 10272.44, 10330, 10303.44, 10325, 43.0123104]
[1562954400, 10281.92, 10395.99, 10348.69, 10319.75, 40.95910631]
[1562950800, 10250.01, 10366.52, 10270, 10334.09, 43.17668062]
[1562947200, 10175, 10334.47, 10251.78, 10263.52, 70.9483678]
[1562943600, 10213, 10360.15, 10352.8, 10253.53, 152.75184672]
[1562940000, 10344.9, 10450.29, 10404.23, 10361.27, 76.06854477]
[1562936400, 10390.01, 10469.5, 10404, 10410, 56.00917744]
[1562932800, 10304.85, 10441.87, 10417.55, 10403.7, 68.27210499]
[1562929200, 10354.24, 10435.8, 10392.33, 10421.18, 52.48363071]
[1562925600, 10351.89, 10499.54, 10397.97, 10392.32, 154.53559004]
[1562922000, 10327, 10399, 10327.6, 10396.15, 77.49420629]
[1562918400, 10288, 10411.99, 10380.01, 10337.01, 150.56110044]
[1562914800, 10140.47, 10417.22, 10140.47, 10385.94, 183.64070327]
[1562911200, 10064.64, 10167.99, 10090, 10140.24, 92.81104525]
[1562907600, 9961.36, 10115.63, 10027.47, 10090, 68.63751452]
[1562904000, 9852, 10055.6, 9924.72, 10038.32, 47.14011384]
[1562900400, 9866, 10095.09, 10095.09, 9920, 52.59733209]
[1562896800, 10033.34, 10125.84, 10125.84, 10094.49, 29.11614569]
[1562893200, 10086.07, 10215.62, 10195.7, 10125.84, 120.99385925]
[1562889600, 9974.74, 10232, 10098.02, 10187.09, 133.56594786]
[1562886000, 9972, 10110.72, 10054.99, 10099.99, 57.02161279]
[1562882400, 10035.01, 10181.53, 10062.27, 10054.99, 99.11044734]
[1562878800, 9852, 10089.99, 9937.55, 10049.95, 156.68473546]
[1562875200, 9777.71, 10358.5, 10299.56, 9922.16, 669.91002232]
[1562871600, 10256.99, 10382.76, 10379.86, 10306.89, 85.57530911]
[1562868000, 10321, 10430.6, 10414.49, 10379.14, 98.8764141]
[1562864400, 10388, 10480.71, 10413.74, 10418.03, 143.59167645]
[1562860800, 10164.42, 10444.12, 10260.77, 10401.48, 174.81158411]
[1562857200, 10200, 10543.64, 10485.39, 10259.87, 261.39694468]
[1562853600, 10358.75, 10548, 10365.71, 10486.99, 134.17756313]
[1562850000, 10289.75, 10432.87, 10320, 10367.95, 131.61281358]
[1562846400, 10293.32, 10486.64, 10318.01, 10320.01, 258.90335528]
[1562842800, 10159.4, 10323.5, 10195.87, 10322.93, 129.27251494]
[1562839200, 10044.99, 10255.54, 10208.33, 10195.99, 115.39978379]
[1562835600, 10110.1, 10249, 10176.14, 10205.51, 113.37375821]
[1562832000, 10132.96, 10363.03, 10326.26, 10162.35, 224.83657696]
[1562828400, 10161.01, 10345.99, 10301.88, 10327.79, 204.24592304]
[1562824800, 10137.14, 10320, 10190.43, 10301.88, 261.61093115]
[1562821200, 9983.47, 10201.7, 10102.04, 10201.69, 220.36837824]
[1562817600, 9937.18, 10414.63, 10400, 10101.17, 507.55359337]
[1562814000, 10330, 10655.94, 10625, 10400.01, 88.48101648]
[1562810400, 10554.24, 10703.28, 10667.47, 10625, 27.6238387]
[1562806800, 10537.49, 10743.37, 10600.64, 10691.22, 35.78256894]
[1562803200, 10477.36, 10768.3, 10768.3, 10609.36, 98.05809526]
[1562799600, 10709.85, 10839.99, 10754, 10768.3, 97.36206186]
[1562796000, 10520.41, 10820, 10632.88, 10751.39, 219.64097866]
[1562792400, 10263.98, 10643.65, 10488.01, 10639.87, 365.22544771]
[1562788800, 10346.07, 10760, 10725.31, 10488, 533.62007098]
[1562785200, 10560, 10879.31, 10864.25, 10725.31, 365.67458042]
[1562781600, 10800, 10970, 10928, 10875.45, 155.48430351]
[1562778000, 10699.12, 10950, 10945.45, 10928, 259.01150991]
[1562774400, 10778.62, 11010.86, 11010.86, 10946.44, 231.46246906]
[1562770800, 10760, 11254.08, 11082.64, 11001, 679.51241472]
[1562767200, 11082.63, 11647, 11624.85, 11082.63, 538.42109848]
[1562763600, 11580, 11700, 11610, 11621.93, 134.12789101]
[1562760000, 11501, 11655, 11596.21, 11608.58, 165.67336821]
[1562756400, 11574.62, 11700, 11582.57, 11591.01, 176.176527]
[1562752800, 11505, 11617.3, 11550, 11598.47, 133.69673569]
[1562749200, 11524.01, 11618.46, 11524.07, 11559.66, 166.24897358]
[1562745600, 11430, 11546.29, 11472.01, 11526.83, 100.72192604]
[1562742000, 11404.15, 11565.35, 11552.97, 11476.72, 146.83317062]
[1562738400, 11525, 11615.25, 11615.24, 11553.27, 116.51396324]
[1562734800, 11551.5, 11645.23, 11599.98, 11615.24, 114.24228651]
[1562731200, 11510.01, 11660.02, 11564.93, 11599.99, 92.35321017]
[1562727600, 11469.75, 11700, 11638, 11566.41, 101.00911367]
[1562724000, 11520, 11700, 11523.07, 11631.96, 93.24610657]
[1562720400, 11462, 11585, 11495.06, 11524.26, 104.69312125]
[1562716800, 11200, 11499, 11216.88, 11492.49, 156.75650044]
[1562713200, 11184.41, 11287, 11235.54, 11216.89, 29.57252573]
[1562709600, 11130.01, 11267.63, 11218.03, 11235.55, 108.85253266]
[1562706000, 11071, 11297.42, 11078.81, 11221.4, 113.83286192]
[1562702400, 11020.01, 11155, 11155, 11078.81, 89.34729276]
[1562698800, 11005, 11286.02, 11245.01, 11154.99, 174.30342048]
[1562695200, 11189.87, 11294.99, 11193.15, 11246.08, 93.43931929]
[1562691600, 11150.35, 11245.8, 11199.65, 11199, 91.26321476]
[1562688000, 11050.42, 11248, 11065.73, 11193, 149.59382547]
[1562684400, 10883, 11089.52, 10995.72, 11065.92, 158.83344748]
[1562680800, 10963.88, 11100, 11066.1, 10995.72, 96.8595728]
[1562677200, 11000.02, 11130.56, 11056, 11065.81, 134.63621137]
[1562673600, 10950, 11062.87, 10990.5, 11062.44, 74.53499522]
[1562670000, 10909.02, 11040, 10978, 10980.11, 147.15008764]
[1562666400, 10750, 11318.54, 11317.02, 10980.43, 557.33159315]
[1562662800, 11111, 11318.11, 11218.03, 11317.02, 175.39559114]
[1562659200, 11080.26, 11249.11, 11090.74, 11218.11, 196.10315908]
[1562655600, 10980, 11442.81, 11400, 11096.69, 471.39187817]
[1562652000, 11290, 11433.69, 11306, 11400, 227.19853841]
[1562648400, 11283.75, 11398.26, 11349.83, 11306, 155.52668287]
[1562644800, 11229.91, 11378.99, 11307.01, 11340, 122.47496409]
[1562641200, 11225.78, 11390, 11287.68, 11307, 153.15570548]
[1562637600, 11173.17, 11337.54, 11199.11, 11277.05, 120.57190483]
[1562634000, 10923.47, 11200, 10929, 11172.03, 131.36653629]
[1562630400, 10910.48, 10984.76, 10962.03, 10929, 46.6422812]
[1562626800, 10915.49, 11049.44, 10979.17, 10963.57, 81.41709845]
[1562623200, 10929.58, 11017, 10999.1, 10979.14, 187.62812389]
[1562619600, 10876.8, 11000, 10890, 10999, 156.46077192]
[1562616000, 10832.53, 10970, 10900.36, 10890, 305.95603142]
[1562612400, 10597, 10938.44, 10597.36, 10900.36, 427.42349986]
[1562608800, 10570.02, 10620.9, 10613.98, 10603.3, 63.86198868]
[1562605200, 10580, 10620, 10586.75, 10617.88, 63.7510653]
[1562601600, 10520.89, 10626.56, 10600.1, 10577.36, 151.22944617]
[1562598000, 10564.22, 10638.95, 10608.4, 10600.1, 86.23043283]
[1562594400, 10580.03, 10627.1, 10614.84, 10608.4, 69.04852573]
[1562590800, 10550.76, 10632.81, 10593.96, 10605.07, 127.63734743]
[1562587200, 10575.18, 10670, 10663.83, 10592.91, 120.62498426]
[1562583600, 10600, 10698.88, 10629.89, 10660, 146.85356169]
[1562580000, 10550, 10677.18, 10566.3, 10629.89, 150.00574022]
[1562576400, 10474.56, 10629.99, 10478.96, 10552.73, 470.2123682]
[1562572800, 10170, 10479, 10216.25, 10478.99, 145.71247986]
[1562569200, 10183.7, 10258.64, 10195, 10223.29, 44.83017923]
[1562565600, 10194, 10227.31, 10218.1, 10195, 25.09784956]
[1562562000, 10205.99, 10249.97, 10230, 10218.12, 27.78606264]
[1562558400, 10160, 10243.46, 10175, 10230, 16.58586144]
[1562554800, 10111.01, 10193.64, 10153.85, 10175, 16.78396159]
[1562551200, 10152.95, 10216.4, 10206.63, 10152.96, 11.70643452]
[1562547600, 10149.98, 10222.58, 10181.06, 10204.33, 19.75298942]
[1562544000, 10171.76, 10274.99, 10236.41, 10181.06, 13.15340809]
[1562540400, 10172.58, 10239.3, 10178.76, 10236.41, 8.98177691]
[1562536800, 10112, 10308, 10280.98, 10189.32, 84.94072815]
[1562533200, 10223.97, 10300, 10246.9, 10281.08, 68.90492038]
[1562529600, 10178, 10343.37, 10295.79, 10252.34, 139.81891653]
[1562526000, 10182.12, 10325, 10210, 10296.89, 138.78252367]
[1562522400, 10170.36, 10283, 10221.57, 10210, 129.54942169]
[1562518800, 9990.82, 10284.01, 9999.94, 10221.58, 177.11041109]
[1562515200, 9950, 10037.78, 10035.77, 9999.94, 61.47161954]
[1562511600, 10000, 10178.81, 10140, 10047.98, 68.64244195]
[1562508000, 10132.02, 10193.29, 10149.99, 10140.01, 29.34437079]
[1562504400, 10119.67, 10178, 10119.67, 10142.06, 34.93707081]
[1562500800, 10114.01, 10233.99, 10129.95, 10119.67, 76.17905454]
[1562497200, 10042.21, 10161.97, 10064.12, 10129.93, 42.31150992]
[1562493600, 10025, 10072, 10040.01, 10069.84, 22.77863327]
[1562490000, 9979.38, 10045.46, 9985.9, 10045, 35.30581209]
[1562486400, 9926.72, 9996.94, 9988.7, 9985.9, 30.60069465]
