[1564646400, 9027.69, 9058.26, 9036.01, 9037.41, 46.69451165]
[1564642800, 9002.05, 9045.14, 9014.94, 9038.14, 49.34533524]
[1564639200, 8937.19, 9026.99, 8963.13, 9015, 153.35061639]
[1564635600, 8951.01, 9032.92, 9020.95, 8963.14, 56.62531926]
[1564632000, 9001, 9054.53, 9046.26, 9020.96, 21.30337765]
[1564628400, 9030, 9067.59, 9059.98, 9046.39, 14.52972085]
[1564624800, 9045, 9078.57, 9075.33, 9076.04, 3.12847998]
[1564621200, 9038.01, 9102.08, 9091.34, 9074.95, 7.39095827]
[1564617600, 9067.85, 9157.73, 9098.18, 9091.47, 95.08073239]
[1564614000, 9006.95, 9098.19, 9025, 9097.85, 22.17471053]
[1564610400, 8969, 9059.96, 9059.96, 9025, 48.59471074]
[1564606800, 9026.42, 9058.22, 9044, 9047.3, 70.45502888]
[1564603200, 9035.01, 9082, 9037.42, 9044.96, 149.86501263]
[1564599600, 9001, 9047.88, 9006.44, 9037.42, 128.83269377]
[1564596000, 8945.36, 9029.99, 9000.42, 9006.46, 157.67296863]
[1564592400, 8953.36, 9004, 8971.94, 8998.63, 114.46928977]
[1564588800, 8945.01, 9095, 9048.64, 8971.95, 341.90131249]
[1564585200, 8960, 9074, 8961.48, 9048.88, 141.57943169]
[1564581600, 8931.48, 9020, 8943.9, 8966.8, 186.05853359]
[1564578000, 8819.09, 8950, 8819.09, 8943.89, 119.7308407]
[1564574400, 8761.99, 8884.22, 8762, 8825.93, 151.68212106]
[1564570800, 8752, 8782.67, 8782.67, 8762, 48.15671869]
[1564567200, 8753.34, 8785.01, 8769, 8782.72, 42.70769421]
[1564563600, 8733.85, 8769.14, 8758.61, 8769.02, 51.8479681]
[1564560000, 8729.36, 8774.14, 8729.54, 8758.62, 45.3392654]
[1564556400, 8723.84, 8782.97, 8750.91, 8729.54, 92.1353315]
[1564552800, 8683.27, 8750.91, 8692.58, 8750.9, 48.00644455]
[1564549200, 8660.8, 8742.5, 8660.81, 8692.63, 54.05325002]
[1564545600, 8655.67, 8665.22, 8663.03, 8660.81, 8.3328431]
[1564542000, 8639.19, 8666.48, 8656.85, 8663.29, 10.98709158]
[1564538400, 8653.55, 8700.89, 8700.89, 8662.9, 9.92675953]
[1564534800, 8660.9, 8702, 8688.92, 8699.12, 17.55515534]
[1564531200, 8572.32, 8689, 8578.86, 8688.3, 60.01073363]
[1564527600, 8572.02, 8601.9, 8579.59, 8587.43, 22.93767536]
[1564524000, 8574.87, 8639, 8590.01, 8580.56, 78.13134152]
[1564520400, 8537.81, 8597.07, 8553.47, 8591.07, 32.32478486]
[1564516800, 8541.01, 8634.6, 8613, 8544.6, 100.18795794]
[1564513200, 8543, 8668.72, 8651.95, 8612.99, 90.18383489]
[1564509600, 8636.75, 8669.86, 8638.59, 8653.15, 45.60813225]
[1564506000, 8613.81, 8695.97, 8689.99, 8640.17, 50.28624399]
[1564502400, 8679.12, 8732.12, 8704.97, 8690, 63.52806551]
[1564498800, 8584.03, 8750, 8584.03, 8704.99, 144.19729017]
[1564495200, 8570.08, 8599.98, 8570.08, 8584.03, 34.41863219]
[1564491600, 8556.44, 8583.96, 8559.99, 8573.65, 35.23551435]
[1564488000, 8536.29, 8630, 8553.83, 8554.26, 103.22017417]
[1564484400, 8480.36, 8610.89, 8519.99, 8553.73, 103.07942685]
[1564480800, 8499, 8540, 8510.04, 8524.66, 42.64843631]
[1564477200, 8492.98, 8525.99, 8498.99, 8511.82, 51.71565967]
[1564473600, 8492.99, 8540.48, 8519.47, 8501.68, 36.11803576]
[1564470000, 8505.6, 8533.13, 8530, 8519.58, 30.76470753]
[1564466400, 8477.32, 8549.26, 8478.83, 8530, 142.36801922]
[1564462800, 8442.56, 8488.77, 8460.01, 8479.08, 32.77246494]
[1564459200, 8451.76, 8469.99, 8458.62, 8460, 33.5935184]
[1564455600, 8435.44, 8469.38, 8449.07, 8460.9, 42.77738637]
[1564452000, 8421, 8510.93, 8496.27, 8449.98, 20.11343775]
[1564448400, 8492.8, 8548.99, 8548.98, 8492.8, 7.17438699]
[1564444800, 8526.37, 8549.8, 8526.42, 8542.92, 7.48700425]
[1564441200, 8470.25, 8547.94, 8527.46, 8538.21, 12.1210394]
[1564437600, 8506, 8544.46, 8526.07, 8532.98, 20.92169069]
[1564434000, 8511.16, 8556.05, 8547.28, 8529.71, 34.20471689]
[1564430400, 8489.48, 8551.56, 8507.75, 8547.11, 18.91009633]
[1564426800, 8502.36, 8539.99, 8532.18, 8508.88, 20.41875498]
[1564423200, 8472.58, 8540, 8504.84, 8532.72, 30.57540008]
[1564419600, 8446.92, 8570.31, 8556.47, 8511.04, 61.60019036]
[1564416000, 8425.01, 8664, 8532.9, 8565.82, 122.58801075]
[1564412400, 8525, 8598.9, 8555.16, 8535.47, 55.70085801]
[1564408800, 8534.34, 8598.49, 8563.17, 8557.23, 41.08314067]
[1564405200, 8525, 8599, 8568.98, 8563.16, 129.96423369]
[1564401600, 8508.22, 8568.26, 8517, 8568.26, 31.68274766]
[1564398000, 8486.6, 8557.56, 8533.45, 8516.99, 46.26516596]
[1564394400, 8500, 8546.99, 8514.97, 8535.91, 47.84075298]
[1564390800, 8426, 8610, 8589.98, 8510, 87.17164062]
[1564387200, 8584, 8647.3, 8641, 8589.98, 40.79770568]
[1564383600, 8612.59, 8643.59, 8616.39, 8632.4, 39.75012919]
[1564380000, 8599.99, 8638.67, 8636, 8612.31, 23.82735599]
[1564376400, 8621.82, 8684.13, 8665.97, 8636, 26.02008477]
[1564372800, 8655.91, 8694.12, 8657.08, 8665.97, 8.34899673]
[1564369200, 8644.14, 8677.54, 8671.17, 8657.09, 5.83572328]
[1564365600, 8641.83, 8696, 8696, 8671.18, 11.15850757]
[1564362000, 8558.92, 8739, 8571.44, 8696, 77.63644344]
[1564358400, 8534.31, 8589.65, 8574.88, 8570.75, 10.07182849]
[1564354800, 8510.93, 8623.91, 8562.01, 8574.64, 72.22611885]
[1564351200, 8212.04, 8695, 8515.38, 8569.84, 359.1095969]
[1564347600, 8501, 8573.42, 8560, 8516.47, 31.50108441]
[1564344000, 8510.51, 8599.99, 8589.98, 8560, 43.9396657]
[1564340400, 8581.58, 8605, 8593, 8587.2, 13.15065687]
[1564336800, 8574.38, 8617.32, 8595.97, 8592.99, 20.33990666]
[1564333200, 8570.51, 8608.96, 8573.4, 8598.77, 17.19325035]
[1564329600, 8554.61, 8619.96, 8558.66, 8573.32, 42.92006555]
[1564326000, 8551.29, 8588, 8556, 8559.37, 17.48299442]
[1564322400, 8545.78, 8579.92, 8548.01, 8556.13, 22.49474585]
[1564318800, 8531.94, 8564.68, 8562.75, 8553.91, 20.52859028]
[1564315200, 8535, 8585.87, 8571.1, 8562.78, 39.43170125]
[1564311600, 8501.27, 8589, 8507, 8571.13, 37.43053097]
[1564308000, 8492.42, 8532.5, 8530.01, 8506.47, 23.4921867]
[1564304400, 8530, 8568.81, 8567.68, 8530.01, 26.94962174]
[1564300800, 8536.39, 8569, 8540.9, 8568.86, 20.3016512]
[1564297200, 8535, 8565.29, 8546.41, 8536.15, 24.47920534]
[1564293600, 8530, 8573.52, 8554.91, 8547, 11.60759942]
[1564290000, 8554.91, 8579, 8558.97, 8554.92, 8.53874186]
[1564286400, 8519.73, 8595, 8528.56, 8549, 8.25483125]
[1564282800, 8506.95, 8541.86, 8518, 8519.56, 1.90972956]
[1564279200, 8510.18, 8549.66, 8528.94, 8518.43, 7.68378797]
[1564275600, 8491.54, 8528.94, 8499.31, 8528.94, 5.15390498]
[1564272000, 8428.42, 8535.42, 8523.62, 8493.87, 17.09376761]
[1564268400, 8474.01, 8577.38, 8510, 8521.04, 32.74407261]
[1564264800, 8400, 8592.4, 8575.68, 8510, 97.19589682]
[1564261200, 8506.64, 8588.3, 8508.42, 8565.09, 50.81320998]
[1564257600, 8460, 8520, 8480.49, 8519.94, 27.80518107]
[1564254000, 8462.06, 8530.27, 8467.78, 8492.16, 21.84882599]
[1564250400, 8461, 8532.65, 8522.86, 8467.82, 43.94193587]
[1564246800, 8489.07, 8537.67, 8514.01, 8517.92, 29.4445045]
[1564243200, 8469, 8538.81, 8482.64, 8515.11, 51.71844564]
[1564239600, 8400, 8517.64, 8500.4, 8482.48, 105.41801872]
[1564236000, 8480.1, 8533.75, 8498, 8500.93, 54.24025178]
[1564232400, 8457.76, 8531.04, 8477.63, 8498, 58.99490742]
[1564228800, 8427.51, 8564.8, 8564.8, 8485.61, 175.93633268]
[1564225200, 8500.54, 8583.63, 8560.01, 8565.01, 139.958003]
[1564221600, 8500, 9039.99, 9032.17, 8562.81, 482.41983833]
[1564218000, 9030.12, 9054.1, 9052.59, 9040.65, 26.80102013]
[1564214400, 9034, 9068.04, 9053, 9052.82, 27.79291]
[1564210800, 9021.53, 9060.52, 9043.47, 9053.01, 23.53061308]
[1564207200, 9037.89, 9055, 9042.7, 9042.89, 27.05147593]
[1564203600, 9035.4, 9087, 9086.9, 9042.7, 24.88920283]
[1564200000, 9074.63, 9099.87, 9090.28, 9086.89, 8.88457699]
[1564196400, 9083.73, 9099.99, 9095.12, 9085.54, 18.25234008]
[1564192800, 9066.92, 9097.48, 9097.48, 9095.11, 13.34366219]
[1564189200, 9090.05, 9159.18, 9132.99, 9099.29, 76.96761571]
[1564185600, 8834.08, 9200, 8854.89, 9132.98, 171.76836882]
[1564182000, 8805.54, 8873.5, 8813.39, 8854.88, 13.7586416]
[1564178400, 8805.27, 8852, 8837.34, 8813.51, 10.87270857]
[1564174800, 8800, 8852.54, 8849.83, 8837.23, 13.86890066]
[1564171200, 8763.03, 8889.84, 8880.22, 8840.42, 37.08899866]
[1564167600, 8840.7, 8893.61, 8850.95, 8872.31, 35.40782728]
[1564164000, 8804.06, 8885.06, 8812.23, 8855, 29.36523153]
[1564160400, 8778.01, 8842.06, 8823.38, 8810.11, 29.83634924]
[1564156800, 8801, 8924, 8818.44, 8825.66, 41.94003891]
[1564153200, 8801, 8830, 8801.39, 8821.43, 22.21605861]
[1564149600, 8728.1, 8817.97, 8810.65, 8806.03, 57.06113894]
[1564146000, 8766.77, 8825.92, 8803.01, 8810.65, 43.35258573]
[1564142400, 8780.75, 8866.25, 8817.26, 8803, 50.43172307]
[1564138800, 8789, 8844.56, 8794.19, 8820.59, 65.12993231]
[1564135200, 8774.16, 8819.99, 8819.01, 8794.69, 36.73824332]
[1564131600, 8777.5, 8820.17, 8820.17, 8819.01, 35.64068222]
[1564128000, 8771.1, 8837.37, 8810.4, 8820.21, 54.72917288]
[1564124400, 8721.89, 8816.08, 8724.79, 8810.41, 72.99101517]
[1564120800, 8705.98, 8756.57, 8751.74, 8720.53, 48.77422459]
[1564117200, 8723, 8756.3, 8740.5, 8751.16, 17.67215364]
[1564113600, 8723.59, 8750.25, 8727.45, 8740.5, 13.03684147]
[1564110000, 8686.06, 8765.75, 8721.31, 8727.9, 23.15183096]
[1564106400, 8705.81, 8733.8, 8730.22, 8723.01, 16.23162228]
[1564102800, 8690, 8746.37, 8732.94, 8732.17, 21.06951471]
[1564099200, 8685.55, 8881.46, 8871.4, 8744.42, 95.46025465]
[1564095600, 8864.54, 8926.46, 8897.69, 8881.59, 9.79628882]
[1564092000, 8850.97, 8954.3, 8894.91, 8900.99, 60.64805622]
[1564088400, 8821.29, 8895, 8870.69, 8894.94, 53.84940301]
[1564084800, 8821, 8893.11, 8867.69, 8871.1, 62.2580793]
[1564081200, 8822.14, 8983.46, 8973.46, 8870.48, 119.68082414]
[1564077600, 8958.96, 8992.64, 8976.42, 8981.26, 15.35208784]
[1564074000, 8972.39, 9004.84, 8975.58, 8977.81, 29.93873106]
[1564070400, 8921, 9041.57, 8962.99, 8975.7, 61.77704027]
[1564066800, 8939.8, 8973, 8939.8, 8962.99, 32.7020742]
[1564063200, 8914.99, 8970.72, 8930.13, 8939.8, 34.77259713]
[1564059600, 8875, 9105.07, 9105.07, 8931.54, 201.65115012]
[1564056000, 9073.12, 9141.54, 9079.97, 9107.67, 92.3065297]
[1564052400, 9040.32, 9080, 9064.07, 9079.97, 39.45350789]
[1564048800, 9031.08, 9079.09, 9059.18, 9064.08, 50.33150549]
[1564045200, 9043.44, 9110, 9077.26, 9061.08, 69.70737607]
[1564041600, 9020, 9086.7, 9053.15, 9078.66, 96.17703693]
[1564038000, 9030, 9076.42, 9076.41, 9052.78, 39.43529905]
[1564034400, 9020, 9083.03, 9047.96, 9076.67, 53.17971488]
[1564030800, 9003.27, 9050, 9027.84, 9049, 28.14548957]
[1564027200, 9011.02, 9075.17, 9073.68, 9027.35, 39.74836326]
[1564023600, 9034.96, 9075.17, 9034.96, 9074.66, 55.64498553]
[1564020000, 9013.18, 9057, 9049.94, 9035.8, 127.36978333]
[1564016400, 9040.68, 9125, 9078.57, 9050, 91.73125366]
[1564012800, 8740.11, 9108, 8770.43, 9079.08, 171.49072213]
[1564009200, 8766.31, 8826.95, 8772.57, 8770.44, 40.79224799]
[1564005600, 8760.65, 8825, 8776.58, 8773.39, 44.60088287]
[1564002000, 8677.17, 8813.77, 8691.77, 8776.58, 91.83052947]
[1563998400, 8600, 8737.95, 8673.98, 8691.77, 86.63606535]
[1563994800, 8601, 8715, 8650, 8666.65, 100.5528762]
[1563991200, 8633.19, 8697.99, 8635.3, 8650, 69.74643133]
[1563987600, 8576.81, 8679.94, 8607.33, 8643.87, 74.9244851]
[1563984000, 8547.68, 8910.19, 8898, 8607.67, 289.64882443]
[1563980400, 8847.36, 8921.64, 8865, 8897.99, 103.14831186]
[1563976800, 8682.43, 8875.72, 8711, 8866.55, 131.54401943]
[1563973200, 8680.14, 8785, 8760.04, 8711, 82.56109168]
[1563969600, 8714.9, 8770, 8722.03, 8760.04, 47.06579581]
[1563966000, 8631.33, 8740, 8701.39, 8721.47, 83.39205494]
[1563962400, 8675, 8776.7, 8776.7, 8701.41, 89.05223398]
[1563958800, 8722.12, 8781.69, 8760, 8775.01, 61.52323146]
[1563955200, 8717.99, 8785, 8718, 8760, 70.58143156]
[1563951600, 8700, 8741.34, 8706.94, 8717.99, 59.81671811]
[1563948000, 8700, 8768.68, 8710.14, 8706.94, 94.86649928]
[1563944400, 8632, 8765, 8662, 8710.14, 111.34128682]
[1563940800, 8613.18, 8683.55, 8668.99, 8670.48, 37.51968671]
[1563937200, 8660, 8710, 8710, 8669, 16.39931522]
[1563933600, 8638.7, 8724.68, 8716.38, 8721.83, 34.57051789]
[1563930000, 8685.96, 8724.92, 8702.57, 8716.53, 52.45106613]
[1563926400, 8651, 8853.92, 8853.91, 8702.59, 185.17823965]
