[1566806400, 9262.02, 9322, 9293.9, 9302.94, 39.515619]
[1566802800, 9275.64, 9358.99, 9325, 9293.9, 55.92924228]
[1566799200, 9259.99, 9322.52, 9299.02, 9319, 41.65019172]
[1566795600, 9205.78, 9308.53, 9288.95, 9307.63, 38.71694411]
[1566792000, 9230.43, 9312.13, 9238.79, 9286.14, 25.87559544]
[1566788400, 9171.36, 9373.67, 9336.76, 9239.18, 26.28263583]
[1566784800, 9317.73, 9421.37, 9383.98, 9341.38, 32.55613088]
[1566781200, 9365.41, 9475, 9438.68, 9384.1, 56.83987155]
[1566777600, 9107.41, 9575, 9107.41, 9439.53, 300.09846748]
[1566774000, 9029.91, 9135.53, 9029.91, 9122.43, 23.19833268]
[1566770400, 8950, 9049.99, 8994.11, 9037.79, 35.825761]
[1566766800, 8922.14, 9050, 8977.31, 8994.69, 49.00639536]
[1566763200, 8975, 9052.68, 9042.3, 8986.64, 30.52404018]
[1566759600, 8950, 9086.67, 9066.04, 9046.22, 77.67784288]
[1566756000, 9050, 9072.84, 9072.84, 9058.35, 16.65476915]
[1566752400, 9044, 9082.78, 9049.6, 9070, 16.40628138]
[1566748800, 9027.04, 9105.63, 9051.04, 9042.04, 23.16624148]
[1566745200, 9038, 9086.69, 9038.14, 9050.77, 28.73216975]
[1566741600, 8962.07, 9218.47, 9210, 9040, 123.92013109]
[1566738000, 9185.39, 9274.99, 9265, 9207.86, 32.98667016]
[1566734400, 9083.26, 9286.49, 9098.7, 9264.99, 90.81546632]
[1566730800, 9083.92, 9117.38, 9117.38, 9098.62, 16.15128166]
[1566727200, 9096.81, 9137.43, 9125, 9110.37, 16.86749857]
[1566723600, 9058.65, 9125, 9078.27, 9125, 18.4392248]
[1566720000, 9032.33, 9099.77, 9088.87, 9078.64, 35.31918683]
[1566716400, 9049.92, 9116, 9072.01, 9088.89, 13.57064888]
[1566712800, 9028.01, 9072.65, 9059.91, 9072.65, 6.75490097]
[1566709200, 9025.43, 9084.75, 9025.43, 9046.17, 4.10053306]
[1566705600, 9026.5, 9110, 9108.12, 9026.5, 4.31221885]
[1566702000, 9067.12, 9110, 9099.94, 9110, 0.73251224]
[1566698400, 9045.93, 9138.95, 9072.47, 9104.75, 7.32572849]
[1566694800, 9033.29, 9117.78, 9109.39, 9069.54, 12.96708371]
[1566691200, 9100.34, 9139.19, 9100.34, 9109.39, 10.43554391]
[1566687600, 9100, 9167, 9140, 9108.52, 27.49149005]
[1566684000, 8980, 9166.16, 9064.49, 9140, 63.04724707]
[1566680400, 9044.18, 9092, 9091.14, 9062.01, 16.75862567]
[1566676800, 9080.54, 9132.98, 9095.28, 9092, 27.95245072]
[1566673200, 9055.98, 9113.4, 9067.4, 9095.08, 19.61886039]
[1566669600, 9032.15, 9078.13, 9032.77, 9069.27, 11.61844754]
[1566666000, 9031.18, 9072.91, 9061.03, 9032.61, 23.09087822]
[1566662400, 8952.48, 9078.7, 8994.88, 9061.03, 36.49843176]
[1566658800, 8959, 9001.05, 8989.99, 8994.99, 47.69240231]
[1566655200, 8971.71, 9014.94, 8992.94, 8990.98, 25.05478621]
[1566651600, 8969.94, 9009.99, 8980, 8992.6, 26.71389279]
[1566648000, 8936.9, 9017.27, 9017.27, 8970.39, 76.35124942]
[1566644400, 8976.95, 9038.7, 8993.85, 9010.34, 59.01939]
[1566640800, 8960, 8998.2, 8979.15, 8993.85, 83.0586299]
[1566637200, 8900, 9115.24, 9090, 8979.2, 184.65016472]
[1566633600, 9061.65, 9257.44, 9257.15, 9090, 90.70238541]
[1566630000, 9203.2, 9270.39, 9270.39, 9257.18, 39.31597481]
[1566626400, 9264.4, 9306.44, 9292.66, 9265, 13.34685064]
[1566622800, 9270.61, 9319, 9294.21, 9299.64, 4.29773495]
[1566619200, 9283.3, 9322.71, 9311.27, 9294.19, 5.93692538]
[1566615600, 9190.88, 9313.3, 9291.73, 9307.84, 51.96941801]
[1566612000, 9280.44, 9334.5, 9334.5, 9289.26, 13.57517182]
[1566608400, 9327.74, 9353.9, 9347.93, 9334.32, 2.9817965]
[1566604800, 9326.77, 9364.27, 9345.72, 9351.37, 8.38932673]
[1566601200, 9316.38, 9375.77, 9326.05, 9343.56, 29.49968829]
[1566597600, 9313.33, 9375, 9358.77, 9326.47, 26.81717321]
[1566594000, 9301, 9384.05, 9303.12, 9358.77, 46.33396759]
[1566590400, 9255.47, 9376.61, 9350, 9301.01, 76.72443015]
[1566586800, 9314.35, 9398.99, 9356.87, 9350, 49.11780068]
[1566583200, 9339.21, 9367.01, 9352.03, 9359.49, 26.84626022]
[1566579600, 9337.95, 9370.95, 9347.95, 9355.71, 39.00117237]
[1566576000, 9339, 9379.91, 9339, 9344.27, 36.26771263]
[1566572400, 9324.31, 9410.5, 9393.15, 9339, 70.69849144]
[1566568800, 9377.67, 9412.05, 9380, 9381.8, 122.83256849]
[1566565200, 9210.59, 9437.47, 9239.61, 9379.98, 150.45273962]
[1566561600, 9158.07, 9240, 9178, 9239.6, 48.11611675]
[1566558000, 9145, 9200, 9179.82, 9181.72, 38.29248878]
[1566554400, 9118.44, 9189.65, 9167.45, 9180.07, 40.70035958]
[1566550800, 9161.01, 9226.04, 9208.64, 9167.46, 36.1522771]
[1566547200, 9194.07, 9275.63, 9275.63, 9201.51, 40.21910646]
[1566543600, 9209.32, 9278.61, 9261.99, 9276.08, 47.10175048]
[1566540000, 9150.01, 9279.58, 9169.57, 9258.48, 51.51716455]
[1566536400, 9151.04, 9199, 9199, 9174.38, 6.89766033]
[1566532800, 9167.36, 9223.73, 9188.98, 9199, 17.64227795]
[1566529200, 9124.38, 9191.79, 9136.18, 9175.43, 2.20893699]
[1566525600, 9104.73, 9151.4, 9124.4, 9128.87, 2.01377627]
[1566522000, 9102.78, 9151.73, 9146.73, 9126.27, 6.47616288]
[1566518400, 9056.64, 9152.5, 9129.5, 9146.66, 32.51618721]
[1566514800, 9123.82, 9184.66, 9176.94, 9132.93, 11.67831459]
[1566511200, 9156.58, 9198, 9160, 9169.76, 16.03337654]
[1566507600, 9118.31, 9193.31, 9187.96, 9162.1, 36.91052653]
[1566504000, 9169.6, 9220, 9185.4, 9194.63, 26.78766519]
[1566500400, 9166.51, 9225.11, 9210.59, 9177.49, 34.71106789]
[1566496800, 9173.21, 9247.87, 9173.21, 9210.61, 80.54444594]
[1566493200, 9130, 9195, 9140.76, 9177.04, 33.7554761]
[1566489600, 9088.98, 9156.69, 9128.66, 9141.48, 53.7680819]
[1566486000, 9103.48, 9181, 9119.64, 9123.55, 52.90505427]
[1566482400, 9090.04, 9139.37, 9128.57, 9117.8, 60.03297407]
[1566478800, 9085.35, 9168.99, 9085.35, 9133.04, 67.91243203]
[1566475200, 9000, 9097, 9011.01, 9084.09, 43.4928822]
[1566471600, 8945.24, 9074.2, 9073.82, 9011.08, 96.53630762]
[1566468000, 9022.8, 9126.57, 9033.06, 9073.82, 54.00355842]
[1566464400, 8932.16, 9037.41, 8956.3, 9035.71, 52.8871045]
[1566460800, 8926.82, 8999, 8984.43, 8956, 61.57930898]
[1566457200, 8984.43, 9042.96, 9038.62, 8984.89, 39.68236548]
[1566453600, 8940.73, 9080, 9014.95, 9042.21, 64.63196191]
[1566450000, 8987.15, 9055, 9000, 9014.95, 16.88465685]
[1566446400, 8904.44, 9035, 8922.86, 9000, 26.16001109]
[1566442800, 8912.24, 8972.33, 8965.86, 8926.36, 13.17469619]
[1566439200, 8822, 8994.5, 8875.49, 8953.85, 43.25894474]
[1566435600, 8825.81, 9099.92, 9096.87, 8878.81, 102.3268049]
[1566432000, 9060.97, 9165.72, 9134.91, 9094.9, 15.39699531]
[1566428400, 9013.76, 9144.99, 9079.89, 9134.84, 22.00104701]
[1566424800, 9051.14, 9110.31, 9063, 9079.89, 31.46468788]
[1566421200, 9063, 9200.15, 9186.17, 9063, 53.52406069]
[1566417600, 9135, 9222.82, 9137.78, 9186.2, 85.50693109]
[1566414000, 9080.06, 9153.14, 9096.41, 9136, 36.57257361]
[1566410400, 9091.58, 9149.23, 9123.26, 9093, 39.01424167]
[1566406800, 9088.01, 9134, 9134, 9123.27, 47.1510619]
[1566403200, 8889, 9154.67, 9002.2, 9133.83, 185.05719161]
[1566399600, 8991.4, 9097.47, 9036.02, 9003.12, 73.03070665]
[1566396000, 8977, 9077.36, 8977.01, 9036.02, 122.82177755]
[1566392400, 8941.78, 9020.25, 9000, 8979.8, 110.61225396]
[1566388800, 8927.44, 9180.36, 9172.41, 9000, 197.7334735]
[1566385200, 9087.02, 9184.66, 9150.8, 9178.12, 70.5139077]
[1566381600, 9082.1, 9210.09, 9202.51, 9160.8, 157.58835746]
[1566378000, 9153.21, 9243.85, 9180, 9206.58, 111.72263891]
[1566374400, 9136.16, 9195, 9143.34, 9180, 66.98727267]
[1566370800, 9125.25, 9238.98, 9185.39, 9134.64, 89.71211164]
[1566367200, 9101.1, 9288.48, 9235.57, 9185.49, 198.68972054]
[1566363600, 9163.9, 9288.99, 9187.46, 9235.9, 106.66053297]
[1566360000, 9156, 9296.9, 9295.23, 9187.98, 117.10994575]
[1566356400, 9231, 9590.41, 9565.9, 9302.26, 178.28266565]
[1566352800, 9530, 9642, 9633.69, 9580.22, 33.50523155]
[1566349200, 9583.57, 9662.57, 9653.52, 9633.83, 32.71668965]
[1566345600, 9631.23, 9747.11, 9703.9, 9656.63, 16.96357554]
[1566342000, 9680.09, 9785.97, 9773.41, 9700, 19.51403019]
[1566338400, 9705.23, 9773.42, 9735.4, 9773.41, 24.26333099]
[1566334800, 9640.29, 9765, 9648, 9726.14, 43.3465721]
[1566331200, 9607.29, 9690, 9686.3, 9648, 45.01064864]
[1566327600, 9667.42, 9700, 9697.96, 9686.58, 25.59806261]
[1566324000, 9658.85, 9701.89, 9692.64, 9685.2, 30.72305142]
[1566320400, 9675.54, 9723.66, 9699, 9699.9, 28.0829827]
[1566316800, 9669.39, 9737, 9685, 9699.99, 49.49218152]
[1566313200, 9545, 9700.01, 9583, 9685, 63.00249393]
[1566309600, 9555.01, 9638, 9630, 9588.42, 43.49855564]
[1566306000, 9615.07, 9671.09, 9615.07, 9633.59, 38.36906264]
[1566302400, 9611.04, 9680, 9672, 9615, 29.6585882]
[1566298800, 9585.02, 9672.61, 9621.02, 9672, 49.30682498]
[1566295200, 9620.83, 9680.72, 9675, 9625.1, 53.08183875]
[1566291600, 9531, 9690.94, 9669.26, 9677.59, 149.49514788]
[1566288000, 9631.11, 9791.42, 9789.4, 9676.32, 150.71317435]
[1566284400, 9765, 9796.18, 9772.12, 9789.4, 79.65332617]
[1566280800, 9702, 9794.15, 9735.34, 9775.89, 135.41074872]
[1566277200, 9735, 9769.68, 9759.22, 9735, 30.36264279]
[1566273600, 9734.99, 9786.62, 9741.88, 9769.97, 26.99034411]
[1566270000, 9735.32, 9829.81, 9822.15, 9740.84, 24.16028799]
[1566266400, 9796.24, 9829.98, 9823, 9827.9, 10.82013639]
[1566262800, 9793.38, 9872.28, 9845.93, 9823, 16.60977924]
[1566259200, 9816.65, 9902.34, 9855.57, 9835.88, 45.61036949]
[1566255600, 9731.11, 9867.53, 9734.55, 9862.31, 64.97969226]
[1566252000, 9680.53, 9777.51, 9680.53, 9729.26, 43.61855668]
[1566248400, 9640.99, 9700, 9640.99, 9689.42, 35.54264418]
[1566244800, 9590.01, 9683.67, 9665, 9641, 73.41348483]
[1566241200, 9627.12, 9799.87, 9695, 9660.84, 100.50299378]
[1566237600, 9664.74, 9699, 9665.09, 9695, 30.77007041]
[1566234000, 9638.57, 9667, 9644.91, 9667, 47.31411642]
[1566230400, 9622, 9699, 9679.85, 9644.9, 92.01744829]
[1566226800, 9623.04, 9693.06, 9692.59, 9679.85, 63.07315164]
[1566223200, 9650.01, 9714.21, 9670, 9684.66, 131.28670308]
[1566219600, 9638, 9683.06, 9652.4, 9670, 54.88616678]
[1566216000, 9601, 9652.84, 9633.23, 9652.41, 72.79657719]
[1566212400, 9603.14, 9741, 9649, 9642.01, 118.38506441]
[1566208800, 9614.03, 9666.21, 9614.03, 9650, 79.33153206]
[1566205200, 9610.25, 9685.89, 9640.3, 9621.29, 94.53674607]
[1566201600, 9620.42, 9683, 9671.43, 9641, 96.40301497]
[1566198000, 9442.99, 9675, 9443, 9675, 286.50263535]
[1566194400, 9332.31, 9443, 9344.11, 9443, 84.53312418]
[1566190800, 9309.61, 9380.37, 9368, 9309.61, 62.21038293]
[1566187200, 9358.94, 9400, 9400, 9368.02, 10.61558411]
[1566183600, 9346.22, 9399.76, 9387.09, 9399.76, 3.58181649]
[1566180000, 9339.03, 9433, 9340.92, 9383.76, 27.64036528]
[1566176400, 9289.67, 9357.73, 9317.38, 9341.91, 8.70644891]
[1566172800, 9266.01, 9322.8, 9307.57, 9322.02, 17.26948895]
[1566169200, 9293.01, 9349.99, 9328.75, 9319.24, 10.15288668]
[1566165600, 9293.01, 9409.22, 9399.99, 9334.44, 73.29769827]
[1566162000, 9325.46, 9400, 9341.95, 9399.99, 30.68857547]
[1566158400, 9297.47, 9367.16, 9355.65, 9343.18, 40.78548947]
[1566154800, 9335, 9394.73, 9369.88, 9355.87, 50.1558348]
[1566151200, 9345.88, 9392.05, 9370, 9369.88, 17.85999186]
[1566147600, 9350, 9424.22, 9408.89, 9365.77, 28.22157904]
[1566144000, 9371.84, 9445.29, 9374, 9402.41, 34.81943067]
[1566140400, 9371, 9425, 9381.32, 9374, 44.24112389]
[1566136800, 9370, 9475, 9422.26, 9381.31, 46.79134646]
[1566133200, 9363.06, 9473.11, 9368, 9420.85, 105.19766715]
[1566129600, 9350.13, 9417.75, 9394.65, 9368, 54.49188651]
[1566126000, 9328.81, 9427, 9361.71, 9394.56, 71.31789382]
[1566122400, 9184, 9390, 9197.98, 9361.83, 75.44815457]
[1566118800, 9126.21, 9238.99, 9127.07, 9197.98, 28.41107765]
[1566115200, 9107.35, 9174.7, 9153.81, 9124.42, 45.16387646]
[1566111600, 9124.62, 9187.89, 9179.69, 9159.85, 16.88830398]
[1566108000, 9156.68, 9201, 9159.49, 9179.74, 5.48749487]
[1566104400, 9122.01, 9162.32, 9141, 9158.51, 4.48980042]
[1566100800, 9090.19, 9144.05, 9130.77, 9141, 9.24119559]
[1566097200, 9126.79, 9176.58, 9166.75, 9140.25, 9.31490038]
[1566093600, 9165.66, 9210.8, 9195.07, 9170.71, 3.58908602]
[1566090000, 9162.3, 9237.55, 9220.13, 9193.98, 11.18550029]
[1566086400, 9211.56, 9265.55, 9211.56, 9226.53, 25.40061314]
