[1548806400, 2959.44, 2974.72, 2974.45, 2963.45, 14.79066452]
[1548802800, 2973.08, 2982.38, 2980.01, 2974.45, 41.04861914]
[1548799200, 2975, 2984.59, 2981.44, 2980.01, 36.33304665]
[1548795600, 2979.11, 2986.65, 2985, 2981.62, 48.20391568]
[1548792000, 2983.02, 2995, 2985.95, 2985, 40.04159403]
[1548788400, 2980.96, 2985.97, 2980.97, 2985.96, 48.89259852]
[1548784800, 2977, 2982.6, 2982.6, 2980.97, 37.68751754]
[1548781200, 2979.58, 2995.49, 2987.3, 2982.6, 60.65372011]
[1548777600, 2985.13, 2995.71, 2986.3, 2987.36, 82.84688483]
[1548774000, 2975.84, 2991.32, 2985.33, 2987.21, 186.41569935]
[1548770400, 2971.52, 2987, 2979.01, 2985.32, 72.93428913]
[1548766800, 2967.29, 2987, 2967.3, 2979.01, 92.49378617]
[1548763200, 2955.01, 2970, 2956.89, 2967.3, 73.1077081]
[1548759600, 2952.29, 2965.19, 2958.99, 2955.26, 64.39701846]
[1548756000, 2955.88, 2966.58, 2966.58, 2958.98, 68.33729554]
[1548752400, 2950.04, 2969.99, 2953.14, 2966.58, 111.65250894]
[1548748800, 2938, 2961, 2938, 2953.13, 94.37421901]
[1548745200, 2929.21, 2966.86, 2964.61, 2938, 138.05829166]
[1548741600, 2962.43, 2973.74, 2967.81, 2965.34, 29.63812483]
[1548738000, 2967.8, 2982.01, 2982.01, 2967.81, 38.69993247]
[1548734400, 2980.01, 2990.7, 2990.69, 2982, 189.71642293]
[1548730800, 2990.69, 2993.8, 2993.8, 2990.69, 172.90294744]
[1548727200, 2993.79, 3000.02, 2996.7, 2993.8, 7.07097726]
[1548723600, 2993.79, 3009.01, 3009.01, 2995.3, 55.34061798]
[1548720000, 3006.5, 3011.47, 3006.51, 3009.01, 16.88619157]
[1548716400, 3005.75, 3015, 3005.76, 3006.51, 41.14620039]
[1548712800, 2993.23, 3005.95, 2996.23, 3005.75, 44.33780471]
[1548709200, 2993.08, 2999.9, 2997.85, 2996.24, 39.34768991]
[1548705600, 2992.26, 3000, 2992.26, 2997.85, 58.57141315]
[1548702000, 2990.69, 2992.65, 2990.7, 2992.27, 493.25294064]
[1548698400, 2984.99, 2994, 2984.99, 2990.69, 250.59705904]
[1548694800, 2978.31, 2985, 2983.11, 2984.99, 137.12577227]
[1548691200, 2976.17, 2994, 2987.29, 2983.12, 161.39481898]
[1548687600, 2961.15, 2999.25, 2997.14, 2987.01, 548.85530305]
[1548684000, 2995.33, 3003.82, 3003.13, 2996.43, 91.53219099]
[1548680400, 2995, 3013.24, 2998.01, 3003.12, 76.75032844]
[1548676800, 2990, 3025.58, 2995.51, 2998.01, 151.02229919]
[1548673200, 2986, 3008.8, 3008.32, 2994.97, 136.43403658]
[1548669600, 3001.01, 3021.87, 3015.17, 3008.33, 88.8538554]
[1548666000, 3002, 3020, 3002.01, 3015.17, 101.36323315]
[1548662400, 3001, 3024.73, 3024.73, 3002.01, 99.87616546]
[1548658800, 3015.96, 3033, 3016.84, 3024.74, 79.79360812]
[1548655200, 2984.77, 3027.03, 3006.89, 3012.94, 191.6137909]
[1548651600, 3005.77, 3044.03, 3044.03, 3006.89, 93.51224602]
[1548648000, 3044.02, 3057.18, 3050.01, 3044.02, 30.50561257]
[1548644400, 3050, 3078.27, 3078.27, 3050.01, 29.59170935]
[1548640800, 3078.28, 3086.85, 3081.82, 3078.29, 12.95283762]
[1548637200, 3081.7, 3102.14, 3097.19, 3083.22, 12.89305094]
[1548633600, 3091.5, 3105.2, 3103.21, 3097.19, 19.51616327]
[1548630000, 3102.31, 3115.72, 3108.01, 3103.2, 39.44733579]
[1548626400, 3103.55, 3117.27, 3113.09, 3108, 41.17074963]
[1548622800, 3107.65, 3120.04, 3120.03, 3113.05, 25.36266949]
[1548619200, 3117, 3122, 3117.01, 3120.04, 31.73105394]
[1548615600, 3114.33, 3119.44, 3119.43, 3117.01, 54.22448282]
[1548612000, 3112.96, 3124.48, 3118.53, 3119.44, 35.48241141]
[1548608400, 3111.25, 3125, 3118.41, 3120.02, 41.35364863]
[1548604800, 3109.01, 3119, 3109.01, 3118.41, 54.37126295]
[1548601200, 3109, 3127.62, 3109.36, 3109.02, 68.22562456]
[1548597600, 3054, 3111.39, 3105.38, 3109.37, 107.89519502]
[1548594000, 3102.97, 3112.59, 3107.82, 3105.39, 32.31448545]
[1548590400, 3101.01, 3115.1, 3111.4, 3107.85, 27.84930596]
[1548586800, 3100, 3115.62, 3110.02, 3111.41, 87.24511931]
[1548583200, 3110, 3118.65, 3113.74, 3110.02, 32.16812674]
[1548579600, 3113, 3128.33, 3128.33, 3117.99, 17.47249334]
[1548576000, 3122.39, 3129.94, 3122.4, 3128.32, 14.1313214]
[1548572400, 3117, 3123.74, 3123.69, 3122.4, 7.5027122]
[1548568800, 3120.22, 3137.99, 3121.73, 3123.68, 17.86020399]
[1548565200, 3117, 3129.01, 3129.01, 3121.72, 5.06181356]
[1548561600, 3129, 3132.8, 3132.8, 3129.01, 0.94192893]
[1548558000, 3128.31, 3132.8, 3132.8, 3132.79, 7.49616239]
[1548554400, 3128.31, 3132.9, 3130.46, 3132.8, 4.59429603]
[1548550800, 3120, 3131.13, 3126.98, 3127.76, 4.15926151]
[1548547200, 3110.97, 3129.77, 3126.04, 3127.96, 42.2974363]
[1548543600, 3123, 3137.98, 3134.01, 3125.14, 21.54998827]
[1548540000, 3128.93, 3137.99, 3130.49, 3136, 16.4982924]
[1548536400, 3128.93, 3135, 3132.36, 3131.39, 20.21846248]
[1548532800, 3126.81, 3134.66, 3130.63, 3129.71, 11.65484795]
[1548529200, 3125.15, 3134.98, 3129.79, 3130.63, 20.6849672]
[1548525600, 3124.01, 3133.21, 3130, 3129.8, 16.53894859]
[1548522000, 3126.46, 3138.96, 3130.01, 3130, 26.17569036]
[1548518400, 3122.63, 3130.79, 3122.64, 3130.15, 16.38892914]
[1548514800, 3115.01, 3149.48, 3146.02, 3122.62, 67.69069144]
[1548511200, 3143.04, 3152.49, 3148.22, 3146.01, 25.28279681]
[1548507600, 3145.8, 3154.67, 3147.26, 3149.12, 29.05253916]
[1548504000, 3136.76, 3152.65, 3152.42, 3146.78, 40.74533933]
[1548500400, 3150.4, 3159.99, 3158.8, 3152.27, 31.01733929]
[1548496800, 3155.06, 3162, 3156.52, 3158.74, 29.29250352]
[1548493200, 3152.63, 3163.7, 3162.91, 3157.34, 53.91680135]
[1548489600, 3155, 3174.17, 3169.69, 3159.73, 60.98604667]
[1548486000, 3140.54, 3188, 3141.5, 3169.69, 85.05778253]
[1548482400, 3134.3, 3141.5, 3137.53, 3141.5, 8.91557042]
[1548478800, 3132.76, 3138.83, 3132.76, 3137.53, 5.56327148]
[1548475200, 3129.61, 3135, 3133.1, 3132.75, 5.01302493]
[1548471600, 3131.59, 3135, 3131.59, 3133.11, 22.80081653]
[1548468000, 3125.09, 3129.67, 3129.67, 3129.67, 6.72670894]
[1548464400, 3125.82, 3132.44, 3132.41, 3130.78, 12.85081696]
[1548460800, 3126.16, 3135, 3130.73, 3132.23, 8.4890095]
[1548457200, 3119.5, 3133.75, 3131.6, 3130.74, 13.56375006]
[1548453600, 3117.5, 3135, 3129.66, 3128.89, 20.96141533]
[1548450000, 3121.13, 3130.37, 3124.27, 3127.6, 33.32193298]
[1548446400, 3117.5, 3125.07, 3118.43, 3121.98, 34.40169824]
[1548442800, 3111.15, 3120.8, 3116.7, 3118.44, 37.29380705]
[1548439200, 3112.01, 3131.89, 3131.89, 3116.7, 51.79461026]
[1548435600, 3120, 3132.5, 3125.27, 3131.89, 30.00338698]
[1548432000, 3125.16, 3136.5, 3133.49, 3126.14, 64.56612832]
[1548428400, 3126.84, 3136.46, 3131.34, 3133.48, 52.26086317]
[1548424800, 3121.08, 3136.71, 3129.43, 3131.34, 71.29961325]
[1548421200, 3122.32, 3137.93, 3128.69, 3129.43, 46.45887074]
[1548417600, 3116.34, 3128.91, 3123.25, 3128.7, 40.83331225]
[1548414000, 3116.34, 3142.62, 3131.77, 3123.25, 111.1057048]
[1548410400, 3131, 3145, 3145, 3131.78, 109.69243626]
[1548406800, 3135.01, 3147.94, 3136.26, 3145, 78.97161546]
[1548403200, 3114.07, 3153.49, 3153.49, 3135.78, 86.93462116]
[1548399600, 3149.67, 3156.68, 3150.02, 3153.49, 55.93963184]
[1548396000, 3146.41, 3156.16, 3150.14, 3150.02, 12.2088138]
[1548392400, 3146, 3155.8, 3155.8, 3150.16, 15.24469889]
[1548388800, 3153.18, 3156.07, 3153.18, 3155.8, 3.02568259]
[1548385200, 3151.21, 3156.16, 3153.71, 3153.25, 2.40102177]
[1548381600, 3153.71, 3160.86, 3160.44, 3153.71, 23.2094915]
[1548378000, 3151.08, 3160.44, 3156.09, 3160.43, 31.22367261]
[1548374400, 3152.2, 3164.65, 3157.21, 3156.09, 54.3975855]
[1548370800, 3156.64, 3162.41, 3159.99, 3157.21, 19.66433065]
[1548367200, 3159.99, 3162.43, 3160, 3160, 21.24076192]
[1548363600, 3158.06, 3161.66, 3160, 3160, 33.45877463]
[1548360000, 3157.08, 3173, 3166.26, 3160, 34.32548905]
[1548356400, 3156, 3173, 3156.92, 3166.26, 146.0231904]
[1548352800, 3149.24, 3157.3, 3153.22, 3156.94, 38.2999201]
[1548349200, 3149.98, 3154, 3149.99, 3151.47, 26.52434509]
[1548345600, 3134.41, 3149.99, 3140.2, 3149.99, 73.79961429]
[1548342000, 3131.54, 3143.09, 3142.54, 3140.2, 31.92247704]
[1548338400, 3140.44, 3149.99, 3149.98, 3142.91, 94.55165536]
[1548334800, 3148.91, 3153.82, 3150, 3149.99, 65.34094747]
[1548331200, 3139.03, 3150, 3145.1, 3150, 45.70112359]
[1548327600, 3120.96, 3152.74, 3128.35, 3145.1, 65.12489721]
[1548324000, 3124.31, 3134.9, 3131.88, 3128.69, 62.71013693]
[1548320400, 3125.5, 3134.89, 3130.86, 3131.88, 59.39189188]
[1548316800, 3119.78, 3135.76, 3124.42, 3130.86, 103.4406772]
[1548313200, 3111.21, 3125.48, 3113.31, 3124.41, 73.69718444]
[1548309600, 3111.01, 3115.21, 3111.02, 3114.36, 10.18924758]
[1548306000, 3111.01, 3115.43, 3114.7, 3111.02, 6.66931308]
[1548302400, 3111.67, 3115.63, 3111.67, 3114.69, 4.65033353]
[1548298800, 3111.67, 3121.31, 3119.83, 3111.67, 5.07362336]
[1548295200, 3113.16, 3121.27, 3113.17, 3121.26, 10.04705123]
[1548291600, 3112.76, 3130.28, 3130.28, 3113.17, 32.70563098]
[1548288000, 3123.67, 3131.15, 3126.02, 3130.28, 7.44564149]
[1548284400, 3123.21, 3131.9, 3131.9, 3126.51, 48.54093862]
[1548280800, 3123.06, 3133.18, 3123.06, 3131.9, 13.45422222]
[1548277200, 3111.01, 3123.05, 3111.02, 3123.05, 49.63473083]
[1548273600, 3111.01, 3127.69, 3121.01, 3111.02, 66.93523582]
[1548270000, 3121.02, 3150.99, 3150.99, 3121.02, 98.63907071]
[1548266400, 3136.23, 3152.53, 3145.91, 3151.42, 52.41058144]
[1548262800, 3141.7, 3149.85, 3145.03, 3145.93, 70.55969126]
[1548259200, 3132.92, 3145.91, 3135.01, 3145.03, 44.55024706]
[1548255600, 3135, 3159.01, 3151.76, 3136.75, 99.49440282]
[1548252000, 3138.08, 3192.96, 3169.2, 3151.76, 143.93961316]
[1548248400, 3154.01, 3169.2, 3154.15, 3169.19, 68.80091683]
[1548244800, 3153.7, 3162.07, 3162.06, 3154.15, 53.76996753]
[1548241200, 3148.47, 3164.97, 3148.47, 3162.07, 128.01405589]
[1548237600, 3143.02, 3150.03, 3147.36, 3148.47, 40.8965304]
[1548234000, 3147.37, 3155.34, 3150.39, 3147.37, 75.59782634]
[1548230400, 3142.06, 3153.66, 3144.24, 3150.39, 58.93094247]
[1548226800, 3143.39, 3155.12, 3153.42, 3144.24, 34.55265388]
[1548223200, 3150.79, 3155.12, 3150.8, 3153.4, 12.4207175]
[1548219600, 3147.39, 3152.56, 3149.99, 3150.79, 49.8724694]
[1548216000, 3145.23, 3155.12, 3155.12, 3149.99, 23.33436691]
[1548212400, 3155.11, 3162.3, 3162.3, 3155.12, 18.72870328]
[1548208800, 3156.96, 3162.3, 3156.97, 3162.29, 2.0659997]
[1548205200, 3155.42, 3156.97, 3156.93, 3156.97, 4.19758531]
[1548201600, 3155.3, 3160.71, 3156.7, 3157.05, 20.90716133]
[1548198000, 3156.7, 3157.85, 3157.85, 3156.71, 11.03417375]
[1548194400, 3154.56, 3169.1, 3156.03, 3157.85, 51.81391131]
[1548190800, 3156.02, 3165.21, 3163.68, 3156.03, 37.08924558]
[1548187200, 3161.18, 3167.53, 3161.2, 3163.68, 23.68391585]
[1548183600, 3156, 3179, 3164.4, 3161.2, 64.70792654]
[1548180000, 3156, 3164.08, 3161.93, 3164.08, 41.49156659]
[1548176400, 3157, 3164.77, 3162.86, 3161.93, 63.81210909]
[1548172800, 3156.01, 3167.5, 3166.26, 3162.86, 55.18410065]
[1548169200, 3145, 3173.36, 3155.49, 3166.26, 72.48587235]
[1548165600, 3142.69, 3169.2, 3142.7, 3155.49, 72.2692235]
[1548162000, 3135.99, 3146.24, 3145, 3144.06, 54.14550646]
[1548158400, 3112.68, 3161.51, 3120, 3144.99, 119.08080834]
[1548154800, 3030.93, 3120, 3109.02, 3120, 237.80787004]
[1548151200, 3106.85, 3118.69, 3114.01, 3109.03, 48.94955157]
[1548147600, 3110.19, 3122.06, 3122.06, 3114, 54.67691834]
[1548144000, 3115.18, 3122.06, 3115.19, 3122.06, 32.83682124]
[1548140400, 3107.97, 3126.27, 3110.35, 3115.19, 50.92582126]
[1548136800, 3109.21, 3116.64, 3116.64, 3110.35, 20.64316113]
[1548133200, 3116.63, 3118.95, 3118.95, 3116.64, 3.87054965]
[1548129600, 3116.64, 3118.96, 3116.64, 3118.96, 3.01437602]
[1548126000, 3116.63, 3121.62, 3121.62, 3116.64, 1.69636946]
[1548122400, 3117.87, 3131, 3120.64, 3121.62, 9.10999131]
[1548118800, 3120.63, 3123.1, 3120.68, 3120.64, 8.89833244]
[1548115200, 3116.63, 3123.38, 3116.63, 3120.68, 15.07145277]
[1548111600, 3111, 3121, 3115.97, 3116.64, 27.44870487]
[1548108000, 3086.14, 3120.01, 3120.01, 3115.97, 134.3672489]
[1548104400, 3120, 3126.19, 3126.19, 3120, 143.88681595]
[1548100800, 3125.1, 3128.35, 3127.74, 3126.18, 19.02955978]
[1548097200, 3125.02, 3130.36, 3128.4, 3127.74, 36.18951038]
[1548093600, 3125, 3132.88, 3128.67, 3128.4, 41.08793708]
[1548090000, 3127.31, 3133.82, 3133.03, 3128.66, 68.19208292]
[1548086400, 3125, 3133.03, 3129.99, 3133.02, 70.82882096]
