[1559606400, 6917.29, 7231.45, 7231.45, 7095.71, 604.27404316]
[1559602800, 7176.02, 7554.45, 7554.42, 7231.89, 409.87633814]
[1559599200, 7500, 7574.51, 7572.31, 7554.42, 59.51690249]
[1559595600, 7545, 7638, 7630.48, 7572.96, 42.02614536]
[1559592000, 7600, 7636.29, 7629.76, 7636.29, 58.33747086]
[1559588400, 7600, 7632.98, 7610.59, 7630, 36.58398119]
[1559584800, 7552.1, 7637, 7552.1, 7617.5, 54.93873731]
[1559581200, 7550.01, 7625.99, 7625.73, 7565.12, 62.3185852]
[1559577600, 7560, 7640.16, 7582, 7625.99, 52.29516964]
[1559574000, 7440.15, 7587.61, 7514.31, 7583.77, 104.17764819]
[1559570400, 7477, 7599.98, 7559, 7514.37, 113.25693988]
[1559566800, 7555.63, 7642.99, 7641.76, 7561.67, 89.14022807]
[1559563200, 7600, 7681.06, 7616.87, 7641.76, 78.38273974]
[1559559600, 7606.99, 7666.04, 7652.44, 7624.99, 75.15998859]
[1559556000, 7600, 7665.74, 7600.71, 7652.44, 89.37954612]
[1559552400, 7544.63, 7608.63, 7599.86, 7607.54, 104.14504674]
[1559548800, 7591.97, 7647.23, 7596.34, 7602.29, 63.96482958]
[1559545200, 7480.68, 7655, 7646.35, 7596.35, 188.54247805]
[1559541600, 7610, 7715.32, 7692.67, 7644.03, 127.42502789]
[1559538000, 7670, 7787.41, 7783.56, 7695.84, 65.13547897]
[1559534400, 7765.37, 7791.18, 7786.89, 7776.41, 4.70927907]
[1559530800, 7765.37, 7797.24, 7778.11, 7765.37, 5.56423066]
[1559527200, 7760, 7799.42, 7789.11, 7778.11, 3.78313004]
[1559523600, 7730.1, 7799.92, 7783.51, 7790.77, 17.89646274]
[1559520000, 7770, 7842.23, 7839.97, 7782.68, 11.8205655]
[1559516400, 7827.32, 7858.97, 7839.28, 7838.97, 25.01097894]
[1559512800, 7790.17, 7849, 7808.78, 7848.69, 28.58077544]
[1559509200, 7780.03, 7811.69, 7795.56, 7806.57, 21.29363296]
[1559505600, 7770, 7814.12, 7793.34, 7803.99, 35.57871613]
[1559502000, 7752, 7793.54, 7788.89, 7775.78, 33.27991675]
[1559498400, 7732.56, 7795.55, 7763.53, 7788.93, 33.82385715]
[1559494800, 7760, 7814.88, 7800.34, 7773.22, 20.48103734]
[1559491200, 7790, 7824.28, 7809.51, 7805.49, 23.80428429]
[1559487600, 7789.89, 7827.41, 7793.82, 7800.94, 30.66504918]
[1559484000, 7776.99, 7831.31, 7776.99, 7800, 39.38191999]
[1559480400, 7727.27, 7897.02, 7897.02, 7777, 159.35594673]
[1559476800, 7831.39, 7898.84, 7840.2, 7897.02, 84.61907885]
[1559473200, 7812.24, 7840.33, 7820.01, 7840.33, 39.10684426]
[1559469600, 7800, 7825.42, 7816.01, 7820.01, 33.94675132]
[1559466000, 7795.71, 7845.08, 7824.77, 7816, 65.07678526]
[1559462400, 7781.31, 7849.94, 7799.99, 7824.87, 77.49619908]
[1559458800, 7691.22, 7824.28, 7697.99, 7799.3, 101.9284625]
[1559455200, 7680.01, 7700, 7699, 7691.99, 7.29139081]
[1559451600, 7677.2, 7700, 7699.51, 7696, 8.18415628]
[1559448000, 7672.52, 7699.52, 7679.54, 7692.5, 3.96743597]
[1559444400, 7661.19, 7692.92, 7677.58, 7670.35, 19.04935202]
[1559440800, 7671.65, 7700, 7680, 7689.02, 5.16992314]
[1559437200, 7677.16, 7700, 7687.56, 7680, 6.5958167]
[1559433600, 7661.06, 7697.75, 7661.06, 7686.28, 9.46052908]
[1559430000, 7637.84, 7700, 7699.5, 7661.06, 21.49116964]
[1559426400, 7650.37, 7699.99, 7697.82, 7697.61, 20.33524713]
[1559422800, 7650.03, 7700, 7654.28, 7699.99, 35.01730089]
[1559419200, 7641.54, 7675, 7641.54, 7654.09, 25.18820238]
[1559415600, 7600, 7663.67, 7622.01, 7647.82, 29.28668196]
[1559412000, 7622, 7659.67, 7636.05, 7622.02, 28.45776391]
[1559408400, 7630.01, 7676.98, 7666, 7633.05, 19.96151191]
[1559404800, 7646.26, 7679, 7646.5, 7666, 50.04262832]
[1559401200, 7615, 7648.96, 7623.66, 7646.5, 33.98688584]
[1559397600, 7591.73, 7658.32, 7636.31, 7613.09, 47.33899347]
[1559394000, 7636.01, 7668.48, 7666.86, 7640, 45.605517]
[1559390400, 7666.04, 7687.99, 7682.02, 7667.96, 38.89200254]
[1559386800, 7652.22, 7695, 7684.01, 7682.03, 24.83417577]
[1559383200, 7677.77, 7721.95, 7699.18, 7682.01, 50.59348407]
[1559379600, 7672.2, 7725, 7672.83, 7694.47, 82.47808047]
[1559376000, 7643.64, 7683.48, 7661.86, 7678.47, 45.77626302]
[1559372400, 7625.94, 7667.11, 7649.99, 7661.87, 37.06262117]
[1559368800, 7577.65, 7656.58, 7604.56, 7649.99, 25.80581686]
[1559365200, 7603, 7673.26, 7673.26, 7604.56, 27.79033867]
[1559361600, 7651.06, 7675.39, 7661.99, 7673.5, 15.36124325]
[1559358000, 7652.28, 7678.64, 7654.98, 7661.99, 4.4662207]
[1559354400, 7642.92, 7670.16, 7670.16, 7651.3, 20.68107934]
[1559350800, 7651.49, 7700, 7691.63, 7673.56, 11.56562901]
[1559347200, 7626.9, 7693.84, 7670.6, 7691.95, 35.91761133]
[1559343600, 7644.5, 7700, 7644.5, 7674.98, 38.05313141]
[1559340000, 7624.99, 7667.92, 7659.15, 7654.69, 50.23257283]
[1559336400, 7623.87, 7675.83, 7630.77, 7659.15, 84.83317626]
[1559332800, 7565.06, 7650, 7581.81, 7636.68, 123.85363961]
[1559329200, 7542.65, 7584, 7543.82, 7582.04, 34.14028796]
[1559325600, 7537.87, 7605, 7558.64, 7543.82, 54.99638372]
[1559322000, 7516.57, 7584.88, 7541.01, 7559.44, 56.90865871]
[1559318400, 7470, 7593.84, 7514.15, 7549.41, 68.35257091]
[1559314800, 7470, 7593.38, 7572.45, 7514.11, 103.94391899]
[1559311200, 7521, 7600, 7575.3, 7572.45, 115.69496577]
[1559307600, 7463.44, 7597.69, 7463.45, 7580.79, 151.78080227]
[1559304000, 7414.35, 7463.45, 7430, 7463.45, 67.79601432]
[1559300400, 7400, 7459.44, 7455.74, 7429.23, 108.25168395]
[1559296800, 7414.63, 7527.98, 7483.54, 7454.12, 113.88071832]
[1559293200, 7450.51, 7504.31, 7451.05, 7480, 60.62544149]
[1559289600, 7450, 7500, 7467.84, 7450, 88.90170189]
[1559286000, 7413.56, 7479.99, 7458.04, 7467.71, 98.68128684]
[1559282400, 7424.23, 7470.45, 7425.58, 7457.96, 80.80538048]
[1559278800, 7313, 7465.09, 7341.19, 7427.83, 125.02313012]
[1559275200, 7341.16, 7468.83, 7452.32, 7349.98, 82.81978119]
[1559271600, 7404.55, 7474.59, 7461.56, 7463.06, 37.546444]
[1559268000, 7450.5, 7510, 7501.68, 7461.06, 29.09041549]
[1559264400, 7474.77, 7542.28, 7474.77, 7506.56, 29.98260463]
[1559260800, 7468, 7521.47, 7468.01, 7474.76, 49.31467486]
[1559257200, 7397.14, 7494.99, 7455.52, 7469.97, 85.00232775]
[1559253600, 7362, 7501.9, 7400, 7465.23, 199.31873495]
[1559250000, 7201, 7654, 7627.27, 7400.01, 892.01780971]
[1559246400, 7557.92, 7757.89, 7757.88, 7621.18, 399.92453885]
[1559242800, 7720, 7790, 7779.99, 7757.89, 110.33988347]
[1559239200, 7753, 7780, 7771.35, 7780, 73.75887083]
[1559235600, 7700, 7817.8, 7817.8, 7771.35, 309.38513293]
[1559232000, 7733, 8191.23, 8031, 7817.81, 702.69045874]
[1559228400, 7850.03, 8047.35, 7850.03, 8028.94, 271.41895158]
[1559224800, 7848.01, 7867.87, 7850, 7858.92, 44.30274538]
[1559221200, 7836.99, 7862, 7844.32, 7850.01, 64.0351736]
[1559217600, 7810.1, 7859.62, 7840.38, 7844.35, 68.67660215]
[1559214000, 7840, 7859.6, 7840.28, 7840.39, 57.07210795]
[1559210400, 7827.27, 7874, 7827.99, 7840.28, 86.48315575]
[1559206800, 7813.05, 7839.94, 7819.61, 7827.99, 40.75209661]
[1559203200, 7792.9, 7848.19, 7831, 7827.12, 66.53724711]
[1559199600, 7814.41, 7855.09, 7838.38, 7831.01, 44.93269849]
[1559196000, 7825.4, 7865.29, 7827.58, 7841.39, 49.87597186]
[1559192400, 7807.52, 7878.78, 7807.52, 7828.69, 101.83533089]
[1559188800, 7778.95, 7819.97, 7819.07, 7812.98, 24.34357673]
[1559185200, 7731.47, 7819.99, 7731.47, 7819.04, 28.35155246]
[1559181600, 7703.27, 7764.2, 7756.82, 7731.02, 14.73213304]
[1559178000, 7701.12, 7838.99, 7796.37, 7756.82, 48.68106431]
[1559174400, 7742.46, 7804.34, 7795.57, 7795.23, 20.61390318]
[1559170800, 7756.99, 7806.4, 7792.03, 7792.61, 25.22912948]
[1559167200, 7789.3, 7828.46, 7789.3, 7797.75, 49.35977429]
[1559163600, 7762.56, 7804.91, 7774.5, 7789.3, 56.865574]
[1559160000, 7723.76, 7839, 7814.03, 7781.93, 79.35247102]
[1559156400, 7801.7, 7825.23, 7803.45, 7815, 33.87850503]
[1559152800, 7790, 7826.38, 7810.01, 7810.12, 50.71362415]
[1559149200, 7810, 7849, 7841.5, 7810, 45.41519386]
[1559145600, 7779.31, 7849, 7819.99, 7848.86, 86.62594043]
[1559142000, 7808.84, 7850.01, 7816.23, 7820, 77.70330333]
[1559138400, 7815.04, 7870, 7850, 7815.04, 74.59684511]
[1559134800, 7755.23, 7870, 7773.38, 7856.25, 120.13516905]
[1559131200, 7750, 7776.97, 7752.07, 7773.1, 45.23093145]
[1559127600, 7750, 7790.01, 7790, 7752.07, 58.15056365]
[1559124000, 7742.61, 7824.67, 7746.4, 7790.82, 126.37478702]
[1559120400, 7693.8, 7746.41, 7724.5, 7737.6, 68.14664033]
[1559116800, 7661.28, 7747.06, 7675.6, 7724.5, 124.00531367]
[1559113200, 7640.01, 7697, 7644.02, 7679.49, 100.05957027]
[1559109600, 7583.15, 7677.57, 7601.76, 7647.65, 153.02023483]
[1559106000, 7533.45, 7719.89, 7711.28, 7604.42, 207.74584666]
[1559102400, 7660, 7770.73, 7758.75, 7711.28, 83.50823722]
[1559098800, 7730.83, 7769, 7762.04, 7758.71, 16.96189931]
[1559095200, 7715, 7782.92, 7772.95, 7762.03, 34.46542163]
[1559091600, 7772.93, 7818.33, 7780.28, 7772.93, 13.69766276]
[1559088000, 7774.38, 7822.01, 7822.01, 7788.67, 15.20961949]
[1559084400, 7800.01, 7833, 7811.18, 7824.18, 14.0042114]
[1559080800, 7804, 7840, 7809.35, 7811.06, 35.27863825]
[1559077200, 7773.29, 7810.34, 7810.29, 7809.03, 81.00025486]
[1559073600, 7802, 7824.98, 7803.26, 7810.16, 56.69421478]
[1559070000, 7760.51, 7870.33, 7845.95, 7805.33, 109.94834057]
[1559066400, 7807.04, 7861.6, 7855, 7848.98, 72.71769375]
[1559062800, 7757, 7885, 7758.34, 7850.05, 179.42812175]
[1559059200, 7744.5, 7803.17, 7802.43, 7763, 62.78469901]
[1559055600, 7780, 7802.91, 7798.66, 7802.9, 45.71833141]
[1559052000, 7744.58, 7802.04, 7753.08, 7798.66, 115.54617194]
[1559048400, 7618.88, 7827.74, 7810.25, 7752.23, 292.30424769]
[1559044800, 7801.03, 7839.39, 7828.55, 7804.57, 66.18173851]
[1559041200, 7780.35, 7830, 7789.46, 7828.56, 87.6941517]
[1559037600, 7763.79, 7809.62, 7799.8, 7781.22, 86.0835683]
[1559034000, 7796, 7830.78, 7811.25, 7799.76, 71.89037191]
[1559030400, 7791, 7821.43, 7821.43, 7802.3, 67.98314272]
[1559026800, 7760.22, 7829, 7797.34, 7820.08, 141.55226072]
[1559023200, 7780.5, 7829.27, 7824.13, 7804.91, 68.00029958]
[1559019600, 7787.91, 7860.73, 7850.03, 7820.6, 50.73380155]
[1559016000, 7850, 7884, 7864, 7850.03, 25.41486033]
[1559012400, 7833.41, 7863.27, 7858.81, 7862.7, 16.27181687]
[1559008800, 7853.91, 7885.13, 7855.78, 7861.08, 7.01931885]
[1559005200, 7821.77, 7876.85, 7825.38, 7855.78, 15.78649266]
[1559001600, 7825.91, 7877.22, 7834.53, 7830.64, 24.58495042]
[1558998000, 7822.07, 7899.95, 7872, 7834.54, 46.43804795]
[1558994400, 7840, 7886.84, 7886, 7871.53, 45.55028773]
[1558990800, 7800, 7890, 7808.9, 7884.96, 71.79814082]
[1558987200, 7795.65, 7893.13, 7869.11, 7824.21, 89.91035492]
[1558983600, 7845.18, 7899, 7879.76, 7874.83, 84.41033479]
[1558980000, 7771.85, 7896.98, 7771.85, 7873.14, 105.76415542]
[1558976400, 7763.32, 7841.52, 7764.04, 7776.99, 142.56792199]
[1558972800, 7750, 7974.91, 7910, 7774.73, 332.37244341]
[1558969200, 7855.54, 7977.99, 7872.39, 7917.76, 209.96692172]
[1558965600, 7850, 7898.16, 7879.96, 7872.35, 148.28801693]
[1558962000, 7861.69, 7924.78, 7870, 7872.28, 140.14148135]
[1558958400, 7792.69, 7889.99, 7792.69, 7870, 231.33096389]
[1558954800, 7758.17, 7823.8, 7814.99, 7797.59, 163.3322624]
[1558951200, 7796.27, 7824.98, 7816.53, 7815, 100.53587116]
[1558947600, 7796.55, 7844.99, 7796.55, 7816.52, 80.69631547]
[1558944000, 7791, 7836, 7835.97, 7799.99, 116.98405024]
[1558940400, 7798, 7850, 7799.97, 7826.17, 113.60525555]
[1558936800, 7777, 7812.89, 7778.28, 7799.99, 88.12215639]
[1558933200, 7720, 7810, 7740.49, 7778.28, 101.16359753]
[1558929600, 7700, 7812.99, 7797.74, 7740.49, 97.42085982]
[1558926000, 7786.27, 7844.23, 7800.64, 7799.66, 39.64747461]
[1558922400, 7745.83, 7870, 7856.75, 7791, 49.33243367]
[1558918800, 7790.97, 7945, 7917.53, 7864.09, 75.70401939]
[1558915200, 7770.06, 7944.99, 7777.98, 7917.53, 132.36131717]
[1558911600, 7685.63, 7799, 7685.63, 7782.75, 102.69803718]
[1558908000, 7679.82, 7824.99, 7685.94, 7685.36, 195.32898577]
[1558904400, 7560.37, 7714, 7650, 7685.67, 284.61657941]
[1558900800, 7613, 7886.19, 7654.09, 7652.66, 1005.270091]
[1558897200, 7166.99, 7706.61, 7167, 7654.06, 1193.637768]
[1558893600, 7158.94, 7174.27, 7158.95, 7168.99, 33.53809024]
[1558890000, 7144.22, 7168.97, 7151.15, 7158.94, 17.5280883]
[1558886400, 7144.22, 7167, 7166.61, 7151.14, 34.80423144]
