[1575446400, 6402, 6523.47, 6448.72, 6493.99, 122.9622988]
[1575442800, 6442.71, 6465.24, 6461, 6452.23, 60.16617188]
[1575439200, 6440, 6472, 6446.09, 6463.25, 34.07891496]
[1575435600, 6440, 6463, 6456.87, 6442.25, 10.46287068]
[1575432000, 6446.04, 6474.28, 6460.99, 6462.86, 10.87391387]
[1575428400, 6452.86, 6475.43, 6454.68, 6462.13, 4.86429862]
[1575424800, 6443.54, 6477.51, 6474.12, 6462, 8.65057649]
[1575421200, 6420, 6484.92, 6449.63, 6468.14, 20.16023603]
[1575417600, 6435, 6592.64, 6592.64, 6452.38, 98.98046963]
[1575414000, 6588.52, 6615.5, 6605.17, 6592.32, 11.95956242]
[1575410400, 6595.48, 6633.68, 6616.5, 6604.5, 18.13021263]
[1575406800, 6583.04, 6629.74, 6598.15, 6621.89, 32.63778742]
[1575403200, 6590, 6627.81, 6627.8, 6598.15, 46.34185401]
[1575399600, 6618, 6648, 6640.95, 6627.81, 30.57066182]
[1575396000, 6623.49, 6648, 6627.49, 6645.39, 34.50833142]
[1575392400, 6617.85, 6634.47, 6620.01, 6627.49, 53.64163453]
[1575388800, 6605, 6633.76, 6632.7, 6623.78, 33.91279989]
[1575385200, 6610.68, 6650, 6632.08, 6632.64, 42.87053819]
[1575381600, 6582.49, 6643.55, 6584.11, 6632.09, 40.70318949]
[1575378000, 6581.01, 6597.44, 6593.35, 6584.1, 31.37156655]
[1575374400, 6563.97, 6600, 6563.97, 6597.28, 41.05802754]
[1575370800, 6554.25, 6600.3, 6582, 6569.12, 40.16999849]
[1575367200, 6527.55, 6589.98, 6565.45, 6585.37, 74.53839927]
[1575363600, 6562, 6611.43, 6600.88, 6562, 51.09348592]
[1575360000, 6583.65, 6607.74, 6586.72, 6605.13, 30.68646858]
[1575356400, 6580, 6604.45, 6601.35, 6590.64, 45.95541212]
[1575352800, 6579.89, 6604.86, 6585.07, 6604.86, 15.56855388]
[1575349200, 6572.69, 6616.8, 6603.99, 6585.07, 17.21632274]
[1575345600, 6582, 6645.8, 6637.62, 6603.66, 14.9989179]
[1575342000, 6629.84, 6647.42, 6637.59, 6640.61, 11.96335032]
[1575338400, 6625.01, 6657.61, 6649.95, 6640.74, 11.94318473]
[1575334800, 6629.94, 6675.98, 6658.04, 6650.16, 37.79417177]
[1575331200, 6600, 6687.87, 6600, 6663, 39.71929434]
[1575327600, 6600, 6638.99, 6624.36, 6600.01, 35.53418352]
[1575324000, 6600, 6639, 6600.17, 6630.16, 31.48402775]
[1575320400, 6584.57, 6606.38, 6588.66, 6604.26, 42.06096426]
[1575316800, 6576, 6614.83, 6583.04, 6588.66, 46.93024767]
[1575313200, 6566.75, 6588.08, 6574.45, 6583.04, 43.38481962]
[1575309600, 6560, 6586.19, 6583, 6574.45, 39.19756061]
[1575306000, 6557.04, 6594.92, 6577.1, 6587.35, 63.66573512]
[1575302400, 6566.28, 6630.04, 6615.93, 6580.62, 51.40267793]
[1575298800, 6590, 6631.26, 6611.94, 6610.02, 43.93608322]
[1575295200, 6582.62, 6670.22, 6628.79, 6603, 93.58927718]
[1575291600, 6618.81, 6656.92, 6642.19, 6630.93, 43.64003656]
[1575288000, 6590, 6662.93, 6640.04, 6652.48, 70.8213359]
[1575284400, 6605.49, 6655.54, 6626.47, 6646.01, 38.89492568]
[1575280800, 6611.92, 6698.34, 6629.24, 6626.13, 84.51203871]
[1575277200, 6560.23, 6670.01, 6561.19, 6634.35, 154.41260632]
[1575273600, 6524.55, 6588.78, 6585.1, 6568.61, 44.83748653]
[1575270000, 6555.22, 6599.99, 6588.03, 6588.78, 23.77201999]
[1575266400, 6513.97, 6614.46, 6607.04, 6582.65, 119.35665608]
[1575262800, 6571.71, 6698.46, 6692.43, 6610.92, 101.42934563]
[1575259200, 6653.05, 6697.68, 6687.34, 6694.2, 18.73948114]
[1575255600, 6684.37, 6730.48, 6730.47, 6687.34, 9.03339793]
[1575252000, 6709.85, 6741.87, 6733.74, 6723.24, 13.31027708]
[1575248400, 6684.73, 6735, 6708.7, 6733.82, 27.07631914]
[1575244800, 6684.92, 6738, 6732.99, 6706.84, 29.53417136]
[1575241200, 6704.34, 6806.88, 6704.34, 6734.21, 68.44415407]
[1575237600, 6674.63, 6739, 6708.22, 6709.07, 44.92379093]
[1575234000, 6649.99, 6713.7, 6692.03, 6707.84, 55.48493522]
[1575230400, 6686.02, 6716, 6692, 6696.12, 33.26166044]
[1575226800, 6625.01, 6696.49, 6650.32, 6691.89, 26.56492498]
[1575223200, 6645, 6667.89, 6659.69, 6650.32, 27.102986]
[1575219600, 6629.4, 6674.41, 6659.63, 6662.58, 38.37544733]
[1575216000, 6621.25, 6680.65, 6639.62, 6662, 66.25956319]
[1575212400, 6625.85, 6741.31, 6721.01, 6640, 55.65880609]
[1575208800, 6720.03, 6797.04, 6764.42, 6726.24, 37.44374365]
[1575205200, 6695, 6788.99, 6695, 6764.44, 62.50137726]
[1575201600, 6652.98, 6709.33, 6655, 6696.91, 28.28345576]
[1575198000, 6657.07, 6717.59, 6689.99, 6659.31, 61.1034258]
[1575194400, 6641.03, 6721.14, 6660.52, 6690, 95.59066623]
[1575190800, 6589, 6668.78, 6641.11, 6662.58, 44.15907539]
[1575187200, 6601.01, 6662.88, 6617.19, 6641.11, 71.25779375]
[1575183600, 6603.34, 6680, 6649.46, 6621.07, 18.24481397]
[1575180000, 6639.39, 6669.98, 6655.7, 6643.53, 18.41676727]
[1575176400, 6605.54, 6674.9, 6672.67, 6654.68, 18.13701334]
[1575172800, 6614.14, 6687.11, 6635.14, 6668.38, 11.10076853]
[1575169200, 6591.1, 6669.1, 6648.63, 6630.45, 29.19983624]
[1575165600, 6642, 6762.59, 6723.8, 6648.74, 51.08540106]
[1575162000, 6701.26, 6818.97, 6804, 6726.41, 42.827191]
[1575158400, 6801.3, 6877.69, 6869.69, 6801.3, 17.22441447]
[1575154800, 6865, 6883, 6865, 6874.06, 10.19057925]
[1575151200, 6855.93, 6878.99, 6865, 6865.38, 14.81091871]
[1575147600, 6814.64, 6864.65, 6819.06, 6864.38, 25.35234048]
[1575144000, 6801, 6838.61, 6827.7, 6819.06, 23.66190999]
[1575140400, 6795.39, 6856.41, 6795.41, 6827.7, 22.86666313]
[1575136800, 6787.85, 6838.14, 6793.28, 6795.44, 65.26897162]
[1575133200, 6778, 6916.49, 6907.54, 6793.28, 77.88928777]
[1575129600, 6825.01, 6927.9, 6867.12, 6907.54, 38.51935202]
[1575126000, 6850.48, 6906.98, 6880, 6867.12, 41.66967783]
[1575122400, 6856.01, 6961.81, 6948.45, 6880.01, 140.59896418]
[1575118800, 6948.07, 7004.13, 7000.18, 6954.2, 27.28589741]
[1575115200, 6955.89, 7018.08, 6969.92, 6997.57, 25.12476285]
[1575111600, 6945.02, 7018.9, 7003.58, 6965.02, 50.217887]
[1575108000, 6936.22, 7118.99, 7020, 7015.62, 198.00762071]
[1575104400, 7000, 7054.83, 7052, 7019.99, 102.3664811]
[1575100800, 7050.56, 7067.99, 7053.89, 7052.02, 26.76643574]
[1575097200, 7035.35, 7060.42, 7050.7, 7060.4, 14.89644871]
[1575093600, 7045.55, 7070.66, 7064.81, 7050.7, 8.23452764]
[1575090000, 7024.33, 7070.96, 7030, 7070.92, 12.08027874]
[1575086400, 7018.13, 7038.02, 7032.51, 7033.61, 10.94834066]
[1575082800, 7026.65, 7038.08, 7038.07, 7037.99, 2.44984073]
[1575079200, 7031.71, 7056.42, 7056.42, 7038.07, 5.83690292]
[1575075600, 7047.3, 7075.64, 7061.05, 7056.42, 9.59499928]
[1575072000, 7037.51, 7074.06, 7043.39, 7060.22, 17.22103103]
[1575068400, 7029.17, 7050, 7031.57, 7047.74, 19.81111162]
[1575064800, 6997.98, 7039.95, 7000, 7030.95, 20.65496425]
[1575061200, 6977.94, 7045.89, 7040.76, 7005.61, 52.52834685]
[1575057600, 7013.63, 7073.28, 7018.71, 7040.76, 44.60402051]
[1575054000, 7012.91, 7057.5, 7053.19, 7018.77, 36.60572175]
[1575050400, 7049.5, 7069.42, 7054.02, 7053.19, 51.65839612]
[1575046800, 7032.96, 7062.41, 7040.29, 7061.2, 49.75588289]
[1575043200, 7022.01, 7145.87, 7097.22, 7045, 146.44450596]
[1575039600, 7051.32, 7124.88, 7074.4, 7103.67, 97.11119199]
[1575036000, 7036.87, 7119.95, 7063.96, 7071.45, 118.81713233]
[1575032400, 6916.74, 7200, 6937.13, 7062.94, 305.55981117]
[1575028800, 6765, 6955, 6859.96, 6932.98, 128.8086705]
[1575025200, 6845.09, 6898.99, 6873, 6859.96, 33.32409823]
[1575021600, 6856.93, 6935.49, 6891.56, 6873.61, 52.51340204]
[1575018000, 6833.25, 6918.46, 6840.51, 6897.19, 71.6866374]
[1575014400, 6820.67, 6870.37, 6852.85, 6840.52, 79.89849742]
[1575010800, 6802.84, 6865, 6802.84, 6852.85, 40.61047607]
[1575007200, 6792, 6808.86, 6796.07, 6806.96, 7.95295596]
[1575003600, 6781.63, 6816.09, 6816.07, 6800.24, 14.77649567]
[1575000000, 6794.42, 6827.86, 6818.6, 6810.07, 8.4774708]
[1574996400, 6790.88, 6840, 6798.45, 6827.83, 10.37135652]
[1574992800, 6777.55, 6805.68, 6785.16, 6794.36, 2.72680839]
[1574989200, 6770.73, 6819.52, 6808.22, 6789.14, 12.56352977]
[1574985600, 6751.68, 6824.88, 6761.85, 6808.35, 16.84577604]
[1574982000, 6715.37, 6786.87, 6722.47, 6762.12, 41.94831989]
[1574978400, 6681.92, 6898.35, 6890.01, 6737.11, 177.19568987]
[1574974800, 6875.01, 6919, 6909.87, 6890.01, 41.15365644]
[1574971200, 6884.63, 6955.87, 6945.6, 6912.63, 84.65503171]
[1574967600, 6909.71, 6968.09, 6925.72, 6950.08, 106.83574714]
[1574964000, 6905.03, 6954.15, 6914.14, 6925.14, 39.14983846]
[1574960400, 6900, 6995.86, 6927.18, 6914.15, 102.37196377]
[1574956800, 6874.63, 6951, 6939.13, 6934.44, 118.79171702]
[1574953200, 6786.18, 6955.85, 6795.6, 6934.37, 218.16707623]
[1574949600, 6780.12, 6815, 6792, 6788.85, 40.09604315]
[1574946000, 6773.83, 6803.35, 6777.86, 6792, 44.30224791]
[1574942400, 6760, 6816.15, 6809.76, 6777.86, 72.81983972]
[1574938800, 6778.78, 6822.73, 6797.19, 6816.14, 86.22544588]
[1574935200, 6775.15, 6849.48, 6840, 6797.2, 128.37914872]
[1574931600, 6800, 6873.01, 6847.11, 6840.44, 135.92073615]
[1574928000, 6801, 6847.13, 6835.12, 6847.12, 49.13868977]
[1574924400, 6816.56, 6877.95, 6830.95, 6834.24, 47.97119093]
[1574920800, 6758.45, 6855, 6778.99, 6842.78, 26.1832067]
[1574917200, 6752.48, 6821.47, 6816.01, 6780, 28.35017027]
[1574913600, 6812.23, 6842.75, 6831.09, 6816.21, 4.57220331]
[1574910000, 6823.07, 6856.72, 6845, 6832, 8.87748979]
[1574906400, 6820, 6859.98, 6831.94, 6845, 6.41140497]
[1574902800, 6828.71, 6888.01, 6888, 6828.71, 4.70554623]
[1574899200, 6845.46, 6899.77, 6846.5, 6888.01, 23.48216419]
[1574895600, 6825, 6868.77, 6854.31, 6848.17, 29.32953858]
[1574892000, 6841.78, 6916.34, 6878, 6859.54, 137.47261268]
[1574888400, 6820, 6899.88, 6898.12, 6880.77, 135.50551236]
[1574884800, 6863.41, 6986.9, 6892.89, 6890.01, 164.30193787]
[1574881200, 6832, 6906.18, 6835.88, 6892.89, 80.89417776]
[1574877600, 6831.02, 6968, 6896.18, 6832, 119.03278277]
[1574874000, 6800.02, 6962.57, 6810, 6896.06, 461.31123691]
[1574870400, 6581.01, 6906, 6660.15, 6811.67, 420.44441364]
[1574866800, 6570.03, 6689, 6583.93, 6660.05, 115.720942]
[1574863200, 6541.97, 6629.41, 6607.38, 6590.86, 161.19392331]
[1574859600, 6578.04, 6624.67, 6587.82, 6607.38, 77.38457615]
[1574856000, 6492.18, 6717.96, 6510, 6587.82, 313.18247093]
[1574852400, 6293.37, 6519, 6293.67, 6506.45, 164.23544039]
[1574848800, 6230.01, 6322.75, 6281.15, 6294.8, 109.92139293]
[1574845200, 6250, 6408.58, 6403.82, 6281.71, 278.75875866]
[1574841600, 6406.2, 6458.89, 6438.06, 6406.2, 42.45656926]
[1574838000, 6414.46, 6479.86, 6454.41, 6438.07, 45.84540017]
[1574834400, 6420, 6468.37, 6433.85, 6454.41, 23.94181308]
[1574830800, 6415.84, 6443.46, 6426.02, 6437.76, 6.79850037]
[1574827200, 6412.77, 6449.46, 6426.03, 6427.25, 4.75012438]
[1574823600, 6420, 6498.52, 6498.52, 6421.67, 20.81392965]
[1574820000, 6490.49, 6517.87, 6511.06, 6495.06, 11.25713381]
[1574816400, 6492.83, 6530, 6513.84, 6501, 8.77541288]
[1574812800, 6481.99, 6523, 6516.22, 6518.29, 21.51943235]
[1574809200, 6485.34, 6523, 6493.73, 6510.16, 42.80839682]
[1574805600, 6441.04, 6509.44, 6466.4, 6493.73, 41.2886284]
[1574802000, 6457.57, 6499, 6467, 6471.03, 58.09278863]
[1574798400, 6431.74, 6469.88, 6444.77, 6467, 64.81974272]
[1574794800, 6432.05, 6480, 6445.8, 6442.07, 35.20882416]
[1574791200, 6403.82, 6452.7, 6441.01, 6445.8, 41.98703807]
[1574787600, 6428.39, 6485.78, 6476.29, 6441.74, 45.05849859]
[1574784000, 6450, 6504.6, 6462.4, 6485.36, 50.60904983]
[1574780400, 6421.77, 6472.67, 6435.07, 6462.43, 46.43440197]
[1574776800, 6386.82, 6469.96, 6421.31, 6435.07, 70.56431219]
[1574773200, 6403.72, 6490.58, 6484.99, 6420.67, 113.63856624]
[1574769600, 6461, 6567, 6521.34, 6486.02, 59.9372984]
[1574766000, 6381, 6550, 6517.02, 6534.61, 159.0620507]
[1574762400, 6503.46, 6539.99, 6510.14, 6516.25, 50.30773744]
[1574758800, 6487, 6539.99, 6510.91, 6513.04, 69.83735737]
[1574755200, 6484.29, 6612.69, 6529.83, 6510.34, 104.05350415]
[1574751600, 6490, 6553.39, 6514.39, 6529.83, 74.79002751]
[1574748000, 6515.91, 6679.84, 6584.94, 6526.3, 68.29786258]
[1574744400, 6538.4, 6639.28, 6542.48, 6581.76, 24.5910637]
[1574740800, 6533.1, 6591.17, 6591.17, 6537.78, 13.50040846]
[1574737200, 6488.87, 6580, 6497.16, 6580, 9.63199836]
[1574733600, 6480.2, 6553.09, 6526.3, 6493.99, 5.74972776]
[1574730000, 6484.4, 6546.18, 6504.86, 6515.2, 11.20621408]
[1574726400, 6439.32, 6527.82, 6472.68, 6502.68, 47.89244424]
