[1553126400, 3531, 3535, 3531.01, 3535, 16.58474481]
[1553122800, 3531, 3534.63, 3534.63, 3531.53, 13.18835701]
[1553119200, 3515.16, 3534.98, 3515.38, 3534.63, 42.5024748]
[1553115600, 3513.21, 3522.23, 3520, 3515.25, 44.46339306]
[1553112000, 3517.01, 3525, 3517.01, 3520.01, 37.13651377]
[1553108400, 3513.07, 3519.8, 3513.08, 3517.02, 47.50075165]
[1553104800, 3513.06, 3526.84, 3526.8, 3513.08, 81.88384017]
[1553101200, 3525, 3534, 3532.76, 3526.61, 53.22409623]
[1553097600, 3527.5, 3534.99, 3531.59, 3532.75, 72.59716076]
[1553094000, 3521.17, 3533.4, 3530, 3531.59, 100.54523515]
[1553090400, 3523.43, 3530, 3526.96, 3530, 50.35393176]
[1553086800, 3524.49, 3528.09, 3524.5, 3526.68, 53.73842728]
[1553083200, 3518, 3525.35, 3525.35, 3524.49, 50.67001521]
[1553079600, 3522.99, 3529.35, 3523.58, 3525.35, 52.6010656]
[1553076000, 3508, 3527.76, 3511.24, 3523.58, 56.19303615]
[1553072400, 3511.23, 3525.13, 3524.36, 3511.24, 61.89279749]
[1553068800, 3521.32, 3527.46, 3524.48, 3524.37, 60.35456097]
[1553065200, 3516.94, 3524.97, 3516.94, 3524.47, 59.95370858]
[1553061600, 3515.68, 3520.04, 3515.69, 3516.95, 20.3585286]
[1553058000, 3506.39, 3516.04, 3506.4, 3515.68, 14.42213311]
[1553054400, 3506.39, 3509.45, 3509.45, 3506.4, 3.51207981]
[1553050800, 3505.23, 3509.45, 3505.54, 3509.45, 10.49840194]
[1553047200, 3505, 3505.55, 3505.01, 3505.54, 8.20869982]
[1553043600, 3505, 3505.55, 3505.55, 3505.01, 6.64115467]
[1553040000, 3505.55, 3530.99, 3524.97, 3505.55, 43.47404413]
[1553036400, 3520.41, 3525.05, 3525.04, 3524.97, 31.72211689]
[1553032800, 3516.99, 3525.35, 3519.35, 3525.03, 17.07703217]
[1553029200, 3516.99, 3522.95, 3522.95, 3519.36, 50.33665498]
[1553025600, 3519, 3526.45, 3520.1, 3522.96, 37.80483874]
[1553022000, 3515, 3523.17, 3518.42, 3520.11, 71.01563829]
[1553018400, 3517.26, 3528.38, 3521.37, 3518.41, 84.3471483]
[1553014800, 3517.57, 3535, 3524.66, 3521.27, 101.80849175]
[1553011200, 3509.8, 3524.66, 3509.8, 3524.66, 64.15600054]
[1553007600, 3506.42, 3510.01, 3510.01, 3509.8, 64.72061682]
[1553004000, 3496.53, 3530, 3508.54, 3510, 157.7684587]
[1553000400, 3504.95, 3508.58, 3506.03, 3508.55, 50.35455762]
[1552996800, 3504.9, 3506.78, 3506.78, 3506.03, 63.44233006]
[1552993200, 3501.12, 3510.34, 3510.01, 3507.62, 95.3356972]
[1552989600, 3505.45, 3510.46, 3505.46, 3510.01, 56.44536151]
[1552986000, 3490.36, 3505.48, 3490.36, 3505.46, 93.44732937]
[1552982400, 3489.51, 3493.46, 3493.46, 3490.37, 72.91855384]
[1552978800, 3493.26, 3496.35, 3496.35, 3493.45, 48.07555003]
[1552975200, 3495.49, 3496.35, 3495.5, 3496.35, 14.06837489]
[1552971600, 3492.29, 3495.5, 3492.3, 3495.5, 10.98379047]
[1552968000, 3492.29, 3509.32, 3509.32, 3492.29, 16.81900166]
[1552964400, 3509.54, 3510.54, 3510.54, 3509.54, 4.41410442]
[1552960800, 3510.53, 3512.18, 3512.17, 3510.54, 3.57264312]
[1552957200, 3512.18, 3515, 3513.1, 3512.19, 7.88020756]
[1552953600, 3509.15, 3513.1, 3509.5, 3513.1, 8.56877464]
[1552950000, 3509.45, 3512.46, 3512, 3509.45, 13.36988975]
[1552946400, 3511.64, 3512, 3511.79, 3512, 31.31055665]
[1552942800, 3508.94, 3512, 3509.08, 3511.8, 25.99323282]
[1552939200, 3500.62, 3509.36, 3500.95, 3509.08, 35.56954137]
[1552935600, 3500.63, 3503.75, 3503.74, 3500.96, 36.24419205]
[1552932000, 3502.22, 3504.1, 3502.23, 3503.74, 24.86875582]
[1552928400, 3499.01, 3507.26, 3506.71, 3502.23, 48.06895886]
[1552924800, 3503.99, 3507, 3503.99, 3506.71, 41.65733548]
[1552921200, 3497.04, 3503.99, 3497.15, 3503.99, 51.5667942]
[1552917600, 3494.01, 3499.97, 3499.97, 3497.16, 65.68909717]
[1552914000, 3497.28, 3500, 3497.3, 3499.98, 71.7776014]
[1552910400, 3491.17, 3499.79, 3491.17, 3497.5, 58.71858663]
[1552906800, 3475.17, 3496.97, 3489.4, 3491.18, 101.299471]
[1552903200, 3487.59, 3495.53, 3495.53, 3489.4, 83.89524756]
[1552899600, 3494.39, 3506.68, 3504.66, 3495.52, 121.87117972]
[1552896000, 3491.45, 3506, 3491.45, 3504.65, 109.72355709]
[1552892400, 3487.94, 3492.88, 3490.01, 3492.88, 63.21192228]
[1552888800, 3478.76, 3490.63, 3488.61, 3490.01, 57.88111451]
[1552885200, 3488.99, 3511.91, 3508.33, 3488.99, 21.0050492]
[1552881600, 3508.33, 3519.76, 3516.23, 3508.34, 4.05126633]
[1552878000, 3516.24, 3526.8, 3523.48, 3516.24, 16.14702987]
[1552874400, 3522.95, 3530.64, 3524.18, 3523.49, 6.34154769]
[1552870800, 3509.99, 3546.81, 3509.99, 3524.19, 79.1762503]
[1552867200, 3497.35, 3509.99, 3497.4, 3509.99, 13.61971397]
[1552863600, 3497.4, 3498.97, 3498.96, 3497.41, 23.21640033]
[1552860000, 3498.96, 3505.51, 3505.51, 3498.97, 24.36308903]
[1552856400, 3505.5, 3507.92, 3506, 3505.51, 17.8692881]
[1552852800, 3502.98, 3506, 3502.99, 3505.99, 22.38049644]
[1552849200, 3498.29, 3503.04, 3498.3, 3503.03, 29.92391624]
[1552845600, 3494.92, 3499.2, 3494.99, 3498.29, 16.94499559]
[1552842000, 3493.68, 3495, 3494.99, 3494.85, 26.41599211]
[1552838400, 3493.26, 3495, 3494.3, 3494.92, 29.00404803]
[1552834800, 3492.35, 3495, 3494.9, 3494.3, 24.04453955]
[1552831200, 3493.12, 3494.9, 3493.12, 3494.9, 24.71699607]
[1552827600, 3491.99, 3493.12, 3492, 3493.12, 23.61219162]
[1552824000, 3489, 3494.9, 3494.36, 3492.03, 21.18430673]
[1552820400, 3489.76, 3494.9, 3489.77, 3494.36, 24.84740117]
[1552816800, 3484.84, 3490.02, 3485.83, 3489.87, 17.65363576]
[1552813200, 3484.98, 3488.07, 3485, 3485.83, 15.7268196]
[1552809600, 3479.46, 3486.98, 3479.51, 3484.99, 33.24473685]
[1552806000, 3477.39, 3479.51, 3477.4, 3479.51, 10.53790106]
[1552802400, 3468.96, 3477.4, 3469, 3477.4, 13.73953984]
[1552798800, 3468.6, 3469, 3468.61, 3468.99, 2.73368699]
[1552795200, 3465.61, 3477.4, 3477.37, 3468.61, 9.42634444]
[1552791600, 3460, 3477.38, 3468.11, 3477.36, 40.38743896]
[1552788000, 3465, 3481.29, 3481.28, 3468.11, 16.01751327]
[1552784400, 3481.27, 3485.03, 3482.23, 3481.29, 8.31592037]
[1552780800, 3482.22, 3488.49, 3488.49, 3482.23, 24.96679226]
[1552777200, 3488.48, 3488.49, 3488.48, 3488.49, 6.18515786]
[1552773600, 3485, 3488.49, 3485.88, 3488.48, 11.22212944]
[1552770000, 3482.22, 3488.49, 3488.49, 3485.87, 14.61242933]
[1552766400, 3488.48, 3493.8, 3492.22, 3488.49, 18.34264007]
[1552762800, 3491, 3493.99, 3493.54, 3491.84, 21.85885258]
[1552759200, 3493.5, 3494.78, 3494.13, 3493.54, 27.18583963]
[1552755600, 3489.79, 3494.79, 3494.79, 3494.14, 21.31051951]
[1552752000, 3488.93, 3494.9, 3490.34, 3494.79, 32.54063645]
[1552748400, 3488.8, 3494.31, 3494.3, 3489.62, 45.94816507]
[1552744800, 3488.7, 3495.04, 3495.04, 3494.31, 40.26941523]
[1552741200, 3487.5, 3498.51, 3498.51, 3495.03, 37.67674686]
[1552737600, 3498.23, 3520, 3519, 3498.5, 93.90957248]
[1552734000, 3519, 3521.99, 3521.98, 3519, 34.43285978]
[1552730400, 3505.28, 3524.95, 3505.29, 3521.98, 108.25403156]
[1552726800, 3496.52, 3505.55, 3497.29, 3505.28, 38.00610118]
[1552723200, 3495, 3500, 3499.55, 3497.34, 34.78692747]
[1552719600, 3489.04, 3510.01, 3510.01, 3499.36, 40.01022139]
[1552716000, 3489.31, 3512, 3502.63, 3510, 31.86242771]
[1552712400, 3469.11, 3512, 3511.99, 3502.63, 70.36641984]
[1552708800, 3473.97, 3512, 3473.97, 3511.99, 84.93578503]
[1552705200, 3455.99, 3473.97, 3456, 3473.96, 36.54664617]
[1552701600, 3455.99, 3456, 3455.99, 3455.99, 12.39032176]
[1552698000, 3443.18, 3456, 3443.19, 3455.99, 44.29311603]
[1552694400, 3440.65, 3443.27, 3441.02, 3443.19, 21.49598072]
[1552690800, 3440, 3443.6, 3440, 3441.01, 11.48761122]
[1552687200, 3436.38, 3442.62, 3438.55, 3440.01, 15.32248619]
[1552683600, 3435.71, 3446.51, 3446.51, 3438.56, 20.51339146]
[1552680000, 3446.5, 3449.89, 3449.14, 3446.51, 38.3569913]
[1552676400, 3446.44, 3449.69, 3446.44, 3449.14, 41.47784759]
[1552672800, 3445, 3448.37, 3447.99, 3446.45, 50.80617108]
[1552669200, 3435.83, 3448, 3435.84, 3448, 129.43119328]
[1552665600, 3435.52, 3445, 3439.98, 3435.83, 106.85359779]
[1552662000, 3430.01, 3439.99, 3430.52, 3439.99, 75.99348529]
[1552658400, 3426.17, 3433.44, 3430.23, 3430.51, 77.93349605]
[1552654800, 3430.22, 3436.64, 3435.59, 3430.23, 27.77289684]
[1552651200, 3427.6, 3438, 3434.8, 3435.31, 69.86574976]
[1552647600, 3415.65, 3435, 3416.64, 3434.79, 116.10076647]
[1552644000, 3411.84, 3419, 3415.81, 3415.66, 64.35958394]
[1552640400, 3402.31, 3417.93, 3405.71, 3417.18, 89.95713351]
[1552636800, 3402.37, 3409.82, 3407.55, 3405.8, 53.37833415]
[1552633200, 3401, 3410.51, 3407.62, 3407.56, 33.95483886]
[1552629600, 3407.1, 3413.99, 3410.99, 3407.62, 24.18005449]
[1552626000, 3408.37, 3411, 3408.37, 3411, 5.43125323]
[1552622400, 3406.72, 3410.04, 3408.81, 3408.37, 2.91258642]
[1552618800, 3408.02, 3410.06, 3410.06, 3409.28, 3.27455687]
[1552615200, 3410.04, 3410.97, 3410.96, 3410.06, 3.84950071]
[1552611600, 3406.99, 3410.97, 3406.99, 3410.97, 6.05130894]
[1552608000, 3403.93, 3407.16, 3406.01, 3406.51, 31.45900105]
[1552604400, 3405, 3407.18, 3407.17, 3406.78, 41.10134192]
[1552600800, 3405.47, 3408.66, 3408.65, 3407.18, 30.31121046]
[1552597200, 3405.09, 3408.99, 3408.35, 3408.66, 29.18334436]
[1552593600, 3406.57, 3409.78, 3408.18, 3407.81, 45.41918824]
[1552590000, 3408, 3410.45, 3410.24, 3408.17, 42.23282007]
[1552586400, 3408, 3413.11, 3412.81, 3410.24, 44.55586382]
[1552582800, 3408.4, 3413.99, 3408.48, 3412.81, 55.03502737]
[1552579200, 3408.24, 3413.39, 3411.42, 3408.48, 44.04894221]
[1552575600, 3404.02, 3414.88, 3404.39, 3411.42, 192.74840933]
[1552572000, 3342.14, 3435, 3407, 3404.38, 378.47637819]
[1552568400, 3405.75, 3411.16, 3407.68, 3407, 99.79672075]
[1552564800, 3400, 3410.23, 3405.01, 3407.68, 57.7761051]
[1552561200, 3405, 3409.99, 3408.05, 3405, 154.17336514]
[1552557600, 3402.62, 3409.98, 3402.63, 3408.05, 53.50634125]
[1552554000, 3398, 3409.99, 3398.34, 3402.63, 131.24249918]
[1552550400, 3395, 3399.37, 3395, 3398.34, 64.98571979]
[1552546800, 3395, 3401.64, 3399.78, 3395, 82.14170986]
[1552543200, 3399.78, 3402.45, 3401.75, 3399.79, 14.53701335]
[1552539600, 3401.57, 3405, 3403.39, 3401.75, 15.29545178]
[1552536000, 3403.39, 3403.4, 3403.4, 3403.4, 2.1482908]
[1552532400, 3403.39, 3405.33, 3405.33, 3403.39, 9.45140226]
[1552528800, 3405.14, 3408.74, 3408.74, 3405.32, 5.29459176]
[1552525200, 3403.43, 3411.18, 3409.66, 3408.73, 14.45985569]
[1552521600, 3399.9, 3409.9, 3400.48, 3409.66, 45.74609586]
[1552518000, 3400, 3400.49, 3400.02, 3400.49, 23.67199715]
[1552514400, 3400, 3400.02, 3400, 3400.02, 20.53650173]
[1552510800, 3400, 3404.82, 3404.81, 3400.01, 28.59605523]
[1552507200, 3402.29, 3409.41, 3408, 3404.81, 70.9164673]
[1552503600, 3408, 3411.9, 3410.02, 3408, 55.01328849]
[1552500000, 3409.07, 3414.58, 3412.21, 3409.21, 70.94325347]
[1552496400, 3406, 3414.98, 3406.01, 3412.22, 61.34217878]
[1552492800, 3406, 3414.7, 3411.58, 3406, 62.58366281]
[1552489200, 3404.5, 3414.56, 3407.75, 3411.58, 83.18559857]
[1552485600, 3403.66, 3427.4, 3417.8, 3407.75, 58.41660286]
[1552482000, 3416.99, 3429.99, 3416.99, 3417.79, 69.17133389]
[1552478400, 3402.35, 3417, 3407.67, 3417, 65.39803473]
[1552474800, 3401.07, 3414.99, 3401.07, 3407.68, 142.21719123]
[1552471200, 3400, 3410.76, 3410.76, 3401.67, 102.66153624]
[1552467600, 3407.93, 3422.55, 3418, 3410.76, 90.12985291]
[1552464000, 3418, 3429.46, 3423.58, 3418, 55.82480251]
[1552460400, 3418.53, 3423.59, 3422.03, 3423.59, 40.11551449]
[1552456800, 3422.03, 3423, 3422.09, 3422.03, 19.37649409]
[1552453200, 3421, 3426.22, 3421.01, 3422.08, 5.46101801]
[1552449600, 3421.01, 3426, 3426, 3421.01, 4.42940294]
[1552446000, 3418.05, 3426, 3418.05, 3425.99, 32.22403754]
[1552442400, 3418, 3419, 3418.99, 3418.06, 14.76235055]
[1552438800, 3418, 3421.66, 3421.66, 3418.99, 10.25492338]
[1552435200, 3418.4, 3422.6, 3422.01, 3421.65, 9.51986566]
[1552431600, 3422, 3424.56, 3424.13, 3422, 21.17429548]
[1552428000, 3423.06, 3425, 3424.97, 3424.12, 31.99530978]
[1552424400, 3422.99, 3426, 3425, 3424.96, 21.68601479]
[1552420800, 3417.7, 3426, 3417.71, 3425, 41.25450988]
[1552417200, 3414, 3422.89, 3421.83, 3417.7, 46.96441166]
[1552413600, 3416.06, 3425.97, 3424.52, 3421.85, 51.17941276]
[1552410000, 3421.66, 3428.45, 3424.43, 3424.9, 66.14983775]
[1552406400, 3412.61, 3426.22, 3421.22, 3424.44, 103.0971856]
