[1549526400, 2969.13, 2975, 2969.13, 2975, 39.61020978]
[1549522800, 2968.51, 2971.39, 2970.59, 2969.14, 28.14626336]
[1549519200, 2967.88, 2973.58, 2971.98, 2969.38, 15.33521244]
[1549515600, 2968.48, 2971.98, 2971.41, 2971.98, 7.69332682]
[1549512000, 2968.69, 2972.63, 2972.02, 2971.18, 3.73570475]
[1549508400, 2967.98, 2972.63, 2967.99, 2972.01, 5.86539166]
[1549504800, 2967.92, 2971, 2969.87, 2967.98, 3.23508679]
[1549501200, 2965.03, 2970, 2965.04, 2969.86, 5.31351629]
[1549497600, 2963.62, 2968.01, 2968.01, 2965.04, 13.80246718]
[1549494000, 2966, 2970.92, 2968.06, 2968, 21.16506175]
[1549490400, 2963.96, 2969.68, 2966.93, 2968.07, 31.62836338]
[1549486800, 2961.38, 2967.58, 2965.36, 2966.93, 53.98857357]
[1549483200, 2961.04, 2968.15, 2963, 2965.35, 36.97806481]
[1549479600, 2960, 2967.99, 2965.96, 2963, 38.01320934]
[1549476000, 2951.01, 2966.29, 2960.22, 2965.07, 68.87234538]
[1549472400, 2960.22, 2965.34, 2965.34, 2960.22, 40.25008827]
[1549468800, 2965.2, 2975, 2965.21, 2965.33, 67.25518332]
[1549465200, 2941.01, 2968.99, 2959.34, 2965.21, 116.43384741]
[1549461600, 2959.33, 2973, 2962.11, 2959.34, 102.90184219]
[1549458000, 2960, 2963.36, 2963, 2962.11, 54.0836872]
[1549454400, 2960.1, 2969.92, 2960.91, 2963, 60.23368079]
[1549450800, 2960, 2974.09, 2961.24, 2960.91, 148.20671866]
[1549447200, 2956, 2965.45, 2963.42, 2961.11, 77.36055323]
[1549443600, 2962.42, 2969.58, 2968.27, 2963.57, 65.02534615]
[1549440000, 2965.2, 2974.46, 2972.31, 2968.28, 64.82164331]
[1549436400, 2968.54, 2975.52, 2968.55, 2972.95, 42.97614096]
[1549432800, 2962.42, 2969.45, 2962.42, 2968.55, 26.77938387]
[1549429200, 2960.65, 2962.47, 2960.65, 2962.43, 11.68140354]
[1549425600, 2955.12, 2967.01, 2967.01, 2960.65, 11.81398247]
[1549422000, 2964, 2969.49, 2964.81, 2967.01, 7.79245258]
[1549418400, 2962.88, 2972.68, 2968.65, 2964.81, 17.97698251]
[1549414800, 2955.12, 3000.61, 3000.61, 2972.51, 118.63787747]
[1549411200, 3000.11, 3018.88, 3008.01, 3000.61, 24.92605114]
[1549407600, 3002.95, 3009, 3004.49, 3008, 19.68765576]
[1549404000, 3002.61, 3006.99, 3005.43, 3004.5, 36.65149916]
[1549400400, 3001.5, 3006.86, 3003.22, 3005.42, 34.71601367]
[1549396800, 3000.54, 3003.99, 3001.51, 3003.23, 40.7871654]
[1549393200, 2999, 3003.96, 3000.03, 3001.51, 55.52802938]
[1549389600, 2999.94, 3003.97, 3000.87, 3000.03, 52.57166195]
[1549386000, 2999.45, 3002.62, 2999.9, 2999.46, 58.56647463]
[1549382400, 2997.9, 3002.65, 3001.68, 2999.93, 38.90495055]
[1549378800, 2992.57, 3002.87, 2999.29, 3001.92, 117.34923956]
[1549375200, 2999.28, 3003.63, 3002.16, 2999.28, 77.80327693]
[1549371600, 3001.3, 3004.97, 3002.65, 3002.88, 43.7632367]
[1549368000, 3002.26, 3007.38, 3005.79, 3002.65, 84.71601605]
[1549364400, 3001.32, 3024.29, 3008.62, 3005.79, 140.87515465]
[1549360800, 3000.82, 3013, 3004.79, 3008.26, 123.71749364]
[1549357200, 2993.46, 3005, 2996.98, 3004.78, 106.51336681]
[1549353600, 2992.01, 2997, 2993.7, 2996.97, 50.9032327]
[1549350000, 2985.11, 2994.58, 2992.15, 2993.69, 52.66291894]
[1549346400, 2990.19, 2996.73, 2990.84, 2992.14, 17.87554802]
[1549342800, 2989.21, 2995.44, 2991.78, 2990.84, 8.45773293]
[1549339200, 2987.95, 2993.37, 2990.4, 2992.14, 14.402709]
[1549335600, 2987.94, 2990.41, 2987.95, 2989.78, 5.38010514]
[1549332000, 2980.05, 2988.83, 2981.68, 2987.95, 14.25278823]
[1549328400, 2981.68, 2989.74, 2987.18, 2981.69, 12.22729641]
[1549324800, 2986.21, 2990.02, 2990.02, 2987.19, 20.59500454]
[1549321200, 2990.01, 2990.32, 2990.15, 2990.01, 27.43717797]
[1549317600, 2990.01, 2997.82, 2995.98, 2990.15, 28.37463635]
[1549314000, 2994.5, 2996, 2995, 2995.98, 23.69192326]
[1549310400, 2992.29, 2995, 2993.38, 2995, 64.02899661]
[1549306800, 2990.01, 2994, 2994, 2993.38, 56.83204842]
[1549303200, 2990.49, 2996, 2992.48, 2994.01, 50.4685649]
[1549299600, 2984.6, 2992.49, 2989.38, 2992.18, 38.05587497]
[1549296000, 2987.99, 2995.73, 2992.38, 2989.39, 50.07118381]
[1549292400, 2984.46, 2992.39, 2988.71, 2992.38, 54.28772575]
[1549288800, 2983.26, 2989.76, 2983.27, 2989.01, 85.721135]
[1549285200, 2983.26, 2984.11, 2983.27, 2983.26, 84.9558663]
[1549281600, 2975.43, 2983.27, 2976.76, 2983.27, 51.91264133]
[1549278000, 2976.76, 2981.65, 2981.65, 2976.77, 54.09817808]
[1549274400, 2977.68, 2983.46, 2980, 2981.64, 41.74303284]
[1549270800, 2974.72, 2993.71, 2992.11, 2980, 67.82091143]
[1549267200, 2989.23, 3002.87, 2989.23, 2992.11, 66.85763713]
[1549263600, 2985.65, 2993.01, 2990.76, 2989.23, 26.33861853]
[1549260000, 2984.87, 2993.08, 2985.59, 2990.76, 14.85382433]
[1549256400, 2982.03, 2989.9, 2989.9, 2985.04, 16.78164649]
[1549252800, 2982.1, 2989.91, 2982.55, 2989.91, 3.93611959]
[1549249200, 2980.02, 2985.5, 2983.03, 2981.89, 9.41191317]
[1549245600, 2983.01, 2988.33, 2987.02, 2983.02, 12.06292455]
[1549242000, 2981.93, 2988.47, 2988.38, 2986.17, 8.22906045]
[1549238400, 2983.69, 2993.94, 2983.69, 2988.36, 17.86079533]
[1549234800, 2972.99, 2985.82, 2974.62, 2983.69, 30.66600615]
[1549231200, 2964.53, 2975.4, 2967.64, 2975.2, 29.10797482]
[1549227600, 2963.1, 2977.56, 2977.56, 2966.18, 51.69118376]
[1549224000, 2968.67, 2979.58, 2974.78, 2977.56, 33.67741832]
[1549220400, 2971, 2992, 2988.01, 2974.77, 44.30312242]
[1549216800, 2985.03, 2991.99, 2987.66, 2988.02, 31.3767032]
[1549213200, 2981.78, 2994.17, 2993.64, 2987.5, 59.46903524]
[1549209600, 2987.78, 2995.63, 2990.07, 2992.98, 32.09378404]
[1549206000, 2985.04, 2991.21, 2989.86, 2990.07, 25.7015302]
[1549202400, 2986.95, 2996.58, 2996.57, 2990.03, 39.12384976]
[1549198800, 2990.67, 2996.58, 2990.99, 2996.57, 32.96529659]
[1549195200, 2985.14, 2991.14, 2988.9, 2991, 17.17910607]
[1549191600, 2985.8, 2994.87, 2992.86, 2988.66, 41.21949493]
[1549188000, 2986.09, 2996, 2986.92, 2992.85, 26.10976247]
[1549184400, 2985.03, 2989.36, 2988.91, 2986.91, 23.41343815]
[1549180800, 2984.89, 2992.01, 2992.01, 2988.92, 19.41352664]
[1549177200, 2992, 3002.01, 3002, 2992.01, 24.88688337]
[1549173600, 3002, 3003.16, 3003.15, 3002, 8.69370868]
[1549170000, 3002.7, 3005.67, 3005.66, 3003.16, 3.10322917]
[1549166400, 3002.02, 3007.54, 3005.04, 3005.67, 3.13969235]
[1549162800, 3002, 3008.71, 3008.71, 3005.05, 9.37663234]
[1549159200, 3008.7, 3013.48, 3008.7, 3008.71, 4.65705969]
[1549155600, 3007.21, 3017.5, 3015.7, 3008.7, 14.41346722]
[1549152000, 3015, 3029.88, 3027.5, 3015.69, 17.88154867]
[1549148400, 2999.5, 3042.63, 3001.96, 3027.4, 135.24225296]
[1549144800, 3001.95, 3002.99, 3002.97, 3001.96, 15.47192434]
[1549141200, 2997.16, 3002.97, 3002.46, 3002.96, 23.83253161]
[1549137600, 2997.57, 3002.99, 3002.42, 3002.47, 32.01874434]
[1549134000, 2998.72, 3003, 3001.09, 3001.69, 45.30031062]
[1549130400, 2994.52, 3001.98, 2999.4, 3001.1, 18.63105163]
[1549126800, 2990.03, 2999.99, 2994, 2999.4, 25.98468532]
[1549123200, 2990.51, 2994, 2993.4, 2994, 24.76192801]
[1549119600, 2990.86, 3003.57, 3003.56, 2993.4, 62.62207219]
[1549116000, 2996.76, 3004.57, 3002.96, 3003.39, 33.77973423]
[1549112400, 3000.29, 3008.01, 3005.03, 3002.96, 34.29303684]
[1549108800, 3005.02, 3010, 3009.99, 3005.03, 24.93444633]
[1549105200, 2999.51, 3010, 3001.99, 3010, 26.73541723]
[1549101600, 2996.67, 3007.31, 2999.89, 3002.16, 36.22728455]
[1549098000, 2987.34, 2999.9, 2989.3, 2999.9, 17.94549445]
[1549094400, 2986, 2993.94, 2992, 2989.75, 27.61945253]
[1549090800, 2986, 2993.12, 2986.01, 2991.99, 9.19950568]
[1549087200, 2986, 2988.84, 2988.83, 2986, 4.72015018]
[1549083600, 2987.41, 3001, 3000.31, 2988.85, 9.76368039]
[1549080000, 2997.52, 3000.86, 3000.06, 3000.86, 3.20850298]
[1549076400, 2998, 3000.36, 2999.27, 3000.21, 9.37151346]
[1549072800, 2995, 3000.25, 2999.05, 2999.81, 10.23924879]
[1549069200, 2994, 3001.42, 2996.02, 2999.05, 15.92988472]
[1549065600, 2996, 3005.43, 3002.17, 2996.34, 18.09988724]
[1549062000, 3001.3, 3010, 3006.73, 3002.16, 19.34837794]
[1549058400, 3002.93, 3010, 3009.88, 3006.74, 37.91720821]
[1549054800, 3003.64, 3010, 3010, 3009.88, 35.60518942]
[1549051200, 3003.16, 3010, 3005.38, 3009.99, 48.00973534]
[1549047600, 2996.65, 3015, 2999.99, 3005.38, 103.50999218]
[1549044000, 2992.3, 2999.99, 2994.01, 2999.99, 44.68283455]
[1549040400, 2990, 2998.21, 2991, 2994.01, 47.95538005]
[1549036800, 2986.78, 2998.38, 2998.37, 2991.01, 48.31218304]
[1549033200, 2997.99, 3001.14, 3000.51, 2998.48, 90.58074325]
[1549029600, 2998, 3003.98, 2998, 3000.52, 138.95233109]
[1549026000, 2995.92, 2998.82, 2995.92, 2998, 89.61949892]
[1549022400, 2989.5, 3000, 2990.49, 2995.93, 64.08012993]
[1549018800, 2971.53, 2998.06, 2972.97, 2990.5, 132.6145586]
[1549015200, 2960.01, 2972.97, 2965.58, 2972.97, 74.37615875]
[1549011600, 2964.73, 2974.62, 2971.49, 2964.97, 61.54816675]
[1549008000, 2955.36, 2972.5, 2955.38, 2971.48, 83.65972255]
[1549004400, 2955, 2971.93, 2971.61, 2955.39, 54.83054386]
[1549000800, 2961.12, 2971.97, 2970, 2971.62, 23.20113973]
[1548997200, 2964.88, 2971.98, 2967, 2970.46, 12.87391295]
[1548993600, 2967, 2971.13, 2971.13, 2967.06, 6.32262528]
[1548990000, 2960.58, 2979.06, 2963.42, 2971.12, 26.05541691]
[1548986400, 2957.76, 2967.48, 2962.99, 2963.42, 26.87427581]
[1548982800, 2960, 2981.7, 2981.7, 2965.5, 31.45231782]
[1548979200, 2980.3, 2987.79, 2980.31, 2981.7, 26.54286032]
[1548975600, 2980, 2991.91, 2991.9, 2980.31, 39.92146042]
[1548972000, 2986.93, 2993.71, 2986.93, 2991.91, 37.65461627]
[1548968400, 2986.81, 2994.98, 2993.77, 2986.93, 66.97369445]
[1548964800, 2981.17, 2994.98, 2984.99, 2993.77, 65.42888367]
[1548961200, 2977.64, 2992, 2978.63, 2985.08, 74.89150923]
[1548957600, 2975.31, 2981.84, 2981.62, 2978.63, 33.51057234]
[1548954000, 2975.22, 2988.68, 2978, 2981.62, 58.60576232]
[1548950400, 2976.99, 2982.72, 2977.69, 2977.93, 72.02752592]
[1548946800, 2970.81, 2980.27, 2972.71, 2978.07, 78.62467545]
[1548943200, 2970, 2981.96, 2981.95, 2972.73, 99.59700453]
[1548939600, 2972.43, 2983.14, 2974.86, 2981.96, 60.85334188]
[1548936000, 2966, 2980.97, 2972.9, 2974.88, 108.02353302]
[1548932400, 2966.22, 2976.53, 2971.15, 2972.9, 116.27492225]
[1548928800, 2966.62, 2983.75, 2977.74, 2971.14, 56.52977786]
[1548925200, 2970.32, 2982.24, 2976.67, 2978.06, 84.72260128]
[1548921600, 2969.52, 3005.78, 3005.78, 2976.44, 98.03994276]
[1548918000, 3001.91, 3006.94, 3005.01, 3005.78, 64.41884813]
[1548914400, 2998.03, 3006.16, 2999.47, 3005.01, 31.93968891]
[1548910800, 2998.91, 3003.28, 3000, 2999.58, 42.56616758]
[1548907200, 2996.84, 3001.65, 3001.65, 3000, 21.46633267]
[1548903600, 3001.64, 3006.21, 3006.21, 3001.64, 6.04501943]
[1548900000, 3004.58, 3011.3, 3011.3, 3004.58, 6.82145868]
[1548896400, 3010.71, 3020.19, 3020.18, 3011.46, 17.79814147]
[1548892800, 2995.99, 3023.85, 2996.1, 3020.18, 34.22195187]
[1548889200, 2995.18, 3003.5, 3001.01, 2996.1, 35.7627844]
[1548885600, 2998.63, 3001.88, 3001.83, 3001, 32.50915694]
[1548882000, 2995.14, 3001.83, 2998.4, 3001.83, 44.36740211]
[1548878400, 2995.22, 3002.72, 3000.01, 2998.4, 40.80455577]
[1548874800, 2997, 3023.77, 3023.74, 3000.01, 58.46184795]
[1548871200, 3020.55, 3029.79, 3021.22, 3023.74, 75.05430374]
[1548867600, 3018, 3023, 3018.61, 3021, 60.01793795]
[1548864000, 3018, 3022.65, 3020.55, 3018.6, 113.62619646]
[1548860400, 3018, 3023.72, 3023.11, 3020.56, 56.93115274]
[1548856800, 3016, 3029.98, 3018.93, 3023.12, 117.56861009]
[1548853200, 3012.82, 3033.47, 3017.14, 3018.93, 102.86988528]
[1548849600, 2989.64, 3030.82, 2994.06, 3017.27, 160.14332426]
[1548846000, 2992.37, 3008.97, 2998.98, 2994.24, 108.29383307]
[1548842400, 2990.15, 2999.64, 2992.52, 2998.98, 45.94944912]
[1548838800, 2991, 2997.44, 2996.01, 2992.51, 83.37962838]
[1548835200, 2989.63, 2998.99, 2991.27, 2996, 55.32533684]
[1548831600, 2983.96, 2993.16, 2987.91, 2991.27, 53.31218727]
[1548828000, 2983.27, 2996.89, 2996.89, 2984.11, 31.97081644]
[1548824400, 2989.98, 2997.09, 2989.99, 2996.88, 20.69164476]
[1548820800, 2979.97, 2992.24, 2979.98, 2989.98, 13.88863029]
[1548817200, 2976, 2983.83, 2980, 2979.97, 5.90496357]
[1548813600, 2964.42, 2980, 2964.98, 2980, 46.39053155]
[1548810000, 2963.45, 2970.31, 2963.46, 2964.98, 8.83943131]
[1548806400, 2959.44, 2974.72, 2974.45, 2963.45, 14.79066452]
