[1579046400, 7834, 7990.32, 7928.4, 7899.76, 192.62520671]
[1579042800, 7840, 7982.03, 7860, 7949.54, 201.71781167]
[1579039200, 7848.04, 7902.22, 7851.71, 7860, 94.43272065]
[1579035600, 7798.28, 7875, 7808.53, 7857.44, 80.26850954]
[1579032000, 7802.11, 7894.55, 7887.64, 7808.53, 93.39432093]
[1579028400, 7820, 7894.97, 7884.76, 7894.95, 42.55676563]
[1579024800, 7801, 7958.99, 7881.41, 7895, 260.17470232]
[1579021200, 7765.15, 7929.88, 7800, 7881.41, 352.6918683]
[1579017600, 7653.57, 7814.62, 7811, 7793.79, 352.2052826]
[1579014000, 7774.5, 7879, 7820.01, 7819.08, 267.65802909]
[1579010400, 7713.01, 7885.28, 7734.64, 7826.71, 382.40452316]
[1579006800, 7639.15, 7735.53, 7640, 7726.92, 159.13011611]
[1579003200, 7620, 7740, 7660.27, 7644.1, 179.15982116]
[1578999600, 7636.41, 7665.03, 7651.86, 7660.15, 60.28556372]
[1578996000, 7600, 7655.87, 7629.41, 7651.93, 102.37766743]
[1578992400, 7610, 7689.6, 7635.53, 7637.26, 152.28279083]
[1578988800, 7627.46, 7664.11, 7645.22, 7638.55, 209.91465798]
[1578985200, 7617.02, 7669.95, 7627.89, 7638.12, 139.88918196]
[1578981600, 7598.95, 7643.02, 7616.48, 7627.89, 86.1937962]
[1578978000, 7594.47, 7669.99, 7660.06, 7610.68, 97.76757139]
[1578974400, 7598.97, 7699, 7598.97, 7654.65, 114.38844659]
[1578970800, 7520.9, 7610, 7569.59, 7609.54, 21.65323355]
[1578967200, 7523, 7573.87, 7559.04, 7571.15, 50.06148493]
[1578963600, 7428.9, 7621, 7429.6, 7568.94, 134.57245275]
[1578960000, 7290, 7472.43, 7290, 7422.8, 88.85399801]
[1578956400, 7290, 7319.79, 7300.06, 7290, 14.01131858]
[1578952800, 7290.07, 7318.62, 7318.54, 7297.43, 25.19394057]
[1578949200, 7296.65, 7335, 7328.84, 7314.1, 32.55689894]
[1578945600, 7290.01, 7343.33, 7291.24, 7330, 63.83369457]
[1578942000, 7276.98, 7310.78, 7282.5, 7294.95, 36.45938057]
[1578938400, 7263.21, 7282.59, 7270.07, 7282.55, 27.95576618]
[1578934800, 7270, 7309, 7279.78, 7275.28, 29.49261838]
[1578931200, 7256, 7287.03, 7259.95, 7279.53, 29.15471673]
[1578927600, 7252.01, 7285, 7276.12, 7259.72, 39.05944346]
[1578924000, 7258.33, 7282.25, 7267.16, 7279.16, 40.38983425]
[1578920400, 7258.72, 7288.16, 7276.11, 7266.29, 72.74487342]
[1578916800, 7247.66, 7283.24, 7266.43, 7282.73, 33.6323994]
[1578913200, 7268.36, 7319, 7308.67, 7273.58, 44.96429914]
[1578909600, 7286.98, 7314.77, 7292.37, 7306.8, 44.82171081]
[1578906000, 7273.19, 7300, 7298.99, 7296.97, 39.91306358]
[1578902400, 7250.21, 7300, 7263.13, 7299, 34.81259301]
[1578898800, 7242.54, 7270.96, 7244.8, 7263.13, 19.36886759]
[1578895200, 7241.01, 7292.75, 7262.19, 7244.73, 31.38348838]
[1578891600, 7255.31, 7288.76, 7282.52, 7260.78, 6.50578728]
[1578888000, 7250.01, 7299.15, 7290, 7290.58, 30.03959605]
[1578884400, 7279.39, 7302.54, 7297.91, 7290.85, 5.93179924]
[1578880800, 7297.56, 7334.32, 7327.48, 7297.56, 5.62707933]
[1578877200, 7321.71, 7348.49, 7333.1, 7332.59, 11.36666334]
[1578873600, 7323.01, 7374.96, 7360.42, 7339.06, 22.62358626]
[1578870000, 7325.07, 7365.76, 7334.84, 7359.94, 43.9163176]
[1578866400, 7288.14, 7345, 7289.03, 7331.97, 40.04921763]
[1578862800, 7286.71, 7331.49, 7326.1, 7286.71, 35.44506761]
[1578859200, 7313.66, 7340.75, 7313.66, 7331.49, 28.28968349]
[1578855600, 7301.09, 7346.99, 7304.5, 7314.1, 25.83253385]
[1578852000, 7277.04, 7321.12, 7290.38, 7304.5, 21.53472408]
[1578848400, 7275, 7369.99, 7290.22, 7300.85, 63.62991152]
[1578844800, 7289.54, 7356, 7337.67, 7293.99, 33.91720381]
[1578841200, 7324.57, 7357.24, 7324.57, 7337.67, 38.57593219]
[1578837600, 7318.8, 7372.59, 7346.05, 7331.19, 66.83919645]
[1578834000, 7308.58, 7349.98, 7317.62, 7349.98, 20.65036389]
[1578830400, 7295.06, 7335.3, 7295.06, 7323.94, 27.58341045]
[1578826800, 7290.19, 7316.33, 7311.04, 7295.61, 13.96512384]
[1578823200, 7284.51, 7323.17, 7313.47, 7311.04, 32.78048874]
[1578819600, 7305.31, 7340.94, 7327.48, 7314, 22.77515504]
[1578816000, 7276.12, 7330.65, 7282.78, 7322.11, 11.25880284]
[1578812400, 7274.92, 7302.54, 7280.01, 7288.7, 13.19063229]
[1578808800, 7280, 7335, 7290, 7280.01, 4.95557923]
[1578805200, 7262.01, 7294.34, 7267.44, 7289.99, 1.10713314]
[1578801600, 7261.86, 7295.52, 7281.79, 7261.86, 2.91661412]
[1578798000, 7258.34, 7297.5, 7290.54, 7282.44, 2.77403006]
[1578794400, 7245.57, 7295.68, 7250.29, 7286.91, 3.90659039]
[1578790800, 7238.6, 7271.25, 7256.99, 7245.04, 8.8857527]
[1578787200, 7168.07, 7264.86, 7221.5, 7264.85, 39.50567776]
[1578783600, 7200, 7264.86, 7264.86, 7216.79, 47.34801665]
[1578780000, 7221.35, 7297.58, 7297.58, 7264.86, 109.28666909]
[1578776400, 7254.94, 7448, 7334.91, 7298.13, 144.05949606]
[1578772800, 7320.86, 7358.46, 7330.77, 7342.11, 46.55850029]
[1578769200, 7318.57, 7354.24, 7340.14, 7338.79, 22.512247]
[1578765600, 7318.37, 7372.3, 7337.77, 7342.47, 43.6574799]
[1578762000, 7324.36, 7388.99, 7345.31, 7340, 70.30974952]
[1578758400, 7255.21, 7349, 7277.01, 7345.31, 78.41043861]
[1578754800, 7241.52, 7288.36, 7245, 7277, 40.11148057]
[1578751200, 7245, 7299.99, 7268.41, 7245, 67.9998424]
[1578747600, 7236.86, 7278.25, 7248.37, 7268.41, 19.36984269]
[1578744000, 7207.09, 7253.95, 7226.87, 7243.13, 37.62019437]
[1578740400, 7207.08, 7260.45, 7244.54, 7231.17, 44.47795503]
[1578736800, 7239, 7300.01, 7300, 7249.51, 45.46238054]
[1578733200, 7240.54, 7313.47, 7241.32, 7300, 25.77224917]
[1578729600, 7223.01, 7283.19, 7260.31, 7242.83, 39.42433899]
[1578726000, 7250, 7325.38, 7297.5, 7253.04, 18.54900559]
[1578722400, 7243.29, 7302.58, 7269.94, 7297.5, 17.33726239]
[1578718800, 7235, 7291.71, 7291.71, 7271.52, 10.10681527]
[1578715200, 7282.02, 7345, 7335.31, 7291.76, 9.17713746]
[1578711600, 7303.44, 7375.43, 7368.22, 7342, 18.65409379]
[1578708000, 7337.02, 7384.06, 7383.28, 7375.56, 24.3681403]
[1578704400, 7341.2, 7415, 7341.95, 7383.28, 49.43518049]
[1578700800, 7312.57, 7370, 7368.61, 7345.54, 90.73098516]
[1578697200, 7257.92, 7371.52, 7272.21, 7369.65, 74.42729096]
[1578693600, 7193, 7282.01, 7245.01, 7272.89, 43.65967313]
[1578690000, 7223.7, 7309.99, 7268.84, 7253.44, 157.60707195]
[1578686400, 7250.16, 7298.41, 7266.17, 7274.45, 53.98976277]
[1578682800, 7181, 7299.9, 7219.63, 7265.66, 99.28053116]
[1578679200, 7169.01, 7300, 7177.62, 7221.69, 153.09238841]
[1578675600, 7110, 7177.63, 7158.97, 7177.62, 77.1566937]
[1578672000, 7137.94, 7324.93, 7269.87, 7154.53, 190.17814006]
[1578668400, 7174.13, 7280.69, 7190.92, 7275.19, 165.34100912]
[1578664800, 7082.02, 7198.25, 7104.07, 7188.98, 113.13118965]
[1578661200, 7099.11, 7162.49, 7117.59, 7103.5, 80.52443067]
[1578657600, 7056.76, 7125, 7062.36, 7123.04, 72.51740871]
[1578654000, 7008.37, 7080, 7008.37, 7074.71, 109.2340673]
[1578650400, 6911.22, 7018.94, 6966.01, 7014.6, 65.69435307]
[1578646800, 6933.54, 6995.46, 6936.3, 6966.01, 84.59507594]
[1578643200, 6930.81, 6987.98, 6987.98, 6940.2, 103.1929785]
[1578639600, 6952.53, 6987.32, 6969.38, 6987.32, 40.66504388]
[1578636000, 6951, 7011.34, 6975.01, 6975.64, 47.96309829]
[1578632400, 6975, 7024, 7024, 6975, 25.13506094]
[1578628800, 7001, 7040.07, 7033.7, 7019.61, 24.86873207]
[1578625200, 7005, 7044.5, 7034, 7040.05, 8.55523457]
[1578621600, 7027.01, 7055.3, 7030, 7034.81, 5.59948451]
[1578618000, 7026.07, 7062.96, 7042.31, 7036, 14.90738121]
[1578614400, 7041.14, 7080.38, 7047.01, 7042.31, 24.69531845]
[1578610800, 7030, 7062.43, 7032.6, 7047.02, 20.84866795]
[1578607200, 7021.26, 7102.02, 7025.66, 7038.05, 47.08261315]
[1578603600, 6985, 7075.98, 7050, 7025.66, 112.89378938]
[1578600000, 7030, 7215.49, 7128.36, 7059.32, 153.73004622]
[1578596400, 7042, 7169.61, 7044.79, 7136.04, 66.38008306]
[1578592800, 7014.11, 7054.81, 7022.31, 7042.48, 55.74642341]
[1578589200, 7006.25, 7065, 7047, 7023.19, 99.16591962]
[1578585600, 7044, 7136.36, 7125.52, 7051.57, 68.04833479]
[1578582000, 7092.28, 7136.26, 7092.28, 7125.52, 52.51355914]
[1578578400, 7088.78, 7126.76, 7104.01, 7092.26, 40.10948262]
[1578574800, 7102.06, 7152.24, 7102.07, 7110.83, 45.47133997]
[1578571200, 7072.63, 7123.29, 7087.52, 7102.16, 96.95298709]
[1578567600, 7069.59, 7110.56, 7099.31, 7089.93, 65.38879932]
[1578564000, 7071.39, 7148.9, 7083.63, 7099.38, 86.74752232]
[1578560400, 7077, 7148.36, 7141.34, 7083.25, 112.83321167]
[1578556800, 7120.73, 7165.34, 7158.44, 7147.62, 35.09195696]
[1578553200, 7105.01, 7175.74, 7107.01, 7158.54, 62.0456279]
[1578549600, 7106, 7138.8, 7130.41, 7107.01, 38.02801659]
[1578546000, 7130.62, 7162.39, 7159.92, 7138.79, 20.01521238]
[1578542400, 7135.24, 7176.76, 7164.09, 7158.64, 6.6728268]
[1578538800, 7136.9, 7186.75, 7186.75, 7155.54, 10.27274232]
[1578535200, 7180, 7205, 7193.04, 7186.33, 4.16759095]
[1578531600, 7144.76, 7227.99, 7155.4, 7190.43, 15.05346824]
[1578528000, 7128.26, 7244.62, 7240.74, 7156.09, 48.51324629]
[1578524400, 7221.02, 7300, 7261.73, 7240.42, 62.42315151]
[1578520800, 7185.73, 7280.8, 7207.47, 7261.74, 62.76753342]
[1578517200, 7170.11, 7243.76, 7240.47, 7205.87, 102.81858638]
[1578513600, 7051.84, 7252.55, 7155.66, 7248.95, 398.16647379]
[1578510000, 7137.41, 7255.41, 7241.96, 7155.66, 240.48225773]
[1578506400, 7227.02, 7287.27, 7270, 7241.39, 98.29750104]
[1578502800, 7195.02, 7306.27, 7294.27, 7281.2, 302.74557664]
[1578499200, 7242.38, 7499.77, 7468.7, 7299, 292.83386167]
[1578495600, 7415, 7517, 7476.14, 7476.6, 73.41657005]
[1578492000, 7381.6, 7553.39, 7550.05, 7471.24, 142.03534371]
[1578488400, 7401.26, 7589.99, 7466.53, 7550.03, 194.70428814]
[1578484800, 7460.03, 7520, 7515.39, 7470.7, 115.45287391]
[1578481200, 7505.75, 7533, 7509.49, 7515, 72.36059213]
[1578477600, 7455, 7533, 7464.45, 7509.49, 154.76657611]
[1578474000, 7445, 7485.24, 7477.87, 7459.48, 92.18222294]
[1578470400, 7430, 7498.38, 7459.87, 7485.23, 114.27074233]
[1578466800, 7445, 7503.48, 7493.32, 7464.79, 84.85254451]
[1578463200, 7470.01, 7511.93, 7486, 7492.4, 57.65297388]
[1578459600, 7461, 7524.93, 7498.64, 7488.96, 44.52729757]
[1578456000, 7445.77, 7499.51, 7450, 7498.8, 16.51303086]
[1578452400, 7400.33, 7480, 7425.39, 7453.16, 29.03204882]
[1578448800, 7408.8, 7555.97, 7514.3, 7423.83, 82.93870998]
[1578445200, 7476.81, 7589.96, 7571.37, 7513.95, 99.45955836]
[1578441600, 7314.42, 7590, 7326.47, 7571.37, 277.18169531]
[1578438000, 7201, 7377.73, 7219.59, 7326.47, 134.29588011]
[1578434400, 7134.24, 7251.75, 7210, 7219.59, 172.295315]
[1578430800, 7189.72, 7377.57, 7347.99, 7210, 234.97010006]
[1578427200, 7244.08, 7366.08, 7265.62, 7347.9, 236.68816135]
[1578423600, 7221.69, 7306.67, 7225.74, 7265.05, 166.72952997]
[1578420000, 7131.13, 7310, 7137.58, 7221.83, 417.31606281]
[1578416400, 7086.46, 7152.65, 7117.01, 7138.64, 99.86656817]
[1578412800, 6950.1, 7135.31, 6987.15, 7121.38, 146.19366707]
[1578409200, 6958.82, 7063.88, 7063.87, 6987.15, 174.45191665]
[1578405600, 7037.18, 7087.19, 7051.56, 7063.87, 65.06634581]
[1578402000, 7003.38, 7061.98, 7060.01, 7051.57, 162.86473223]
[1578398400, 7021.9, 7097.25, 7085.73, 7061.57, 118.99891755]
[1578394800, 7068, 7142.58, 7070.27, 7077.51, 234.06858356]
[1578391200, 7037.11, 7080, 7039.19, 7070.28, 84.60565634]
[1578387600, 7036.61, 7057.43, 7049.02, 7037.11, 60.29390557]
[1578384000, 7035.87, 7079.97, 7059.15, 7053, 96.88773506]
[1578380400, 7031.03, 7064.95, 7047.25, 7059.15, 47.31565796]
[1578376800, 7030.04, 7050.27, 7045.75, 7040.43, 51.04751279]
[1578373200, 7005.79, 7050.11, 7011.21, 7050.11, 22.93587354]
[1578369600, 6983.84, 7064.99, 7063.26, 7011.86, 32.91966684]
[1578366000, 7057, 7081.57, 7061.28, 7062.07, 7.40748222]
[1578362400, 7061.16, 7089.45, 7066.04, 7061.28, 26.64433105]
[1578358800, 7030.27, 7090.51, 7055.83, 7066.04, 61.57560175]
[1578355200, 6935.91, 7149.99, 6940.99, 7047.53, 244.03876313]
[1578351600, 6880.97, 6975, 6900.01, 6935.7, 173.25096735]
[1578348000, 6771.33, 6936.41, 6771.33, 6908.28, 265.66096826]
[1578344400, 6755.73, 6800, 6755.78, 6778, 100.33958011]
[1578340800, 6745.01, 6765.17, 6749.99, 6761.6, 43.42165612]
[1578337200, 6730, 6763.72, 6738.29, 6756.05, 51.7738833]
[1578333600, 6733, 6761.46, 6753.99, 6743.26, 55.30053462]
[1578330000, 6735.93, 6754, 6737.83, 6753.99, 28.18908952]
[1578326400, 6715.3, 6751.92, 6733.82, 6742.59, 39.62476307]
