[1581206400, 9033.84, 9097.88, 9065.74, 9097.63, 28.34093201]
[1581202800, 9057.51, 9079, 9070.19, 9060.73, 32.67436281]
[1581199200, 9002, 9082.74, 9071.77, 9070.41, 50.469239]
[1581195600, 9025.2, 9085, 9025.21, 9071.59, 60.64821251]
[1581192000, 9010.91, 9036.98, 9020.46, 9025.21, 43.54705895]
[1581188400, 9005.67, 9034.67, 9010.07, 9026.71, 29.06747398]
[1581184800, 9002, 9033.37, 9031.25, 9013.77, 40.95961337]
[1581181200, 8999.96, 9041, 9015, 9032.61, 68.26572047]
[1581177600, 8974.92, 9012, 8990.61, 9012, 76.58371094]
[1581174000, 8985, 9012, 9001.41, 8990.72, 74.27081076]
[1581170400, 8942.43, 9011.9, 8959.99, 8999.31, 28.21598295]
[1581166800, 8915.09, 9020, 8971, 8960, 59.78331883]
[1581163200, 8959.82, 8985.03, 8966.53, 8973.14, 24.177383]
[1581159600, 8950, 8980.79, 8961.23, 8965.9, 26.29189531]
[1581156000, 8957.27, 8994.5, 8957.27, 8967.08, 67.44902983]
[1581152400, 8939.8, 8972, 8963.72, 8963.14, 28.15091692]
[1581148800, 8915.37, 8978.03, 8915.37, 8964.89, 27.7791343]
[1581145200, 8894.53, 8927.25, 8910.44, 8915.55, 18.34712737]
[1581141600, 8907.87, 8944, 8920.42, 8911.84, 15.1875128]
[1581138000, 8893.18, 8934.14, 8914.2, 8918.33, 3.56759669]
[1581134400, 8865.79, 8920.81, 8866.83, 8906.47, 9.96131055]
[1581130800, 8835, 8882.39, 8878.14, 8866.81, 29.43984617]
[1581127200, 8860, 8936.9, 8936.9, 8878.14, 51.41378501]
[1581123600, 8915, 8941.5, 8938.31, 8935, 15.5992422]
[1581120000, 8927.1, 8970, 8964.18, 8941.15, 23.76433884]
[1581116400, 8947.32, 8970, 8956.85, 8964.18, 37.16966108]
[1581112800, 8908.56, 8964.6, 8910.82, 8961.34, 24.34963991]
[1581109200, 8890, 8930.82, 8900, 8914.94, 36.47958652]
[1581105600, 8900, 8933.83, 8928.11, 8900, 44.07398649]
[1581102000, 8920.77, 8955.08, 8950.05, 8928.15, 20.25681808]
[1581098400, 8930.67, 8959.87, 8937.01, 8955.12, 29.20106032]
[1581094800, 8934.01, 8959.4, 8941.18, 8942.57, 25.99021956]
[1581091200, 8896.06, 8973.53, 8929.03, 8947.61, 59.12329172]
[1581087600, 8904.99, 8969.44, 8963.48, 8929.01, 171.84202476]
[1581084000, 8924.47, 8973.86, 8933.14, 8963.62, 71.86858807]
[1581080400, 8890.04, 8944.17, 8892.77, 8933.4, 38.03044538]
[1581076800, 8882.34, 8978.63, 8962.75, 8892.77, 251.79074707]
[1581073200, 8950.23, 9029.99, 8967.65, 8958.78, 91.32724316]
[1581069600, 8948.53, 8985.96, 8948.53, 8975, 132.37952097]
[1581066000, 8915, 8957.87, 8916.14, 8948.78, 55.66638555]
[1581062400, 8908.96, 8944.99, 8932.23, 8915.81, 47.48046076]
[1581058800, 8890.63, 8938.15, 8901.76, 8932.09, 45.3558361]
[1581055200, 8872.5, 8918, 8879.26, 8906.59, 22.08523925]
[1581051600, 8871.44, 8937.7, 8914.25, 8884.07, 20.61464385]
[1581048000, 8871.15, 8928.37, 8897.82, 8920, 43.63173574]
[1581044400, 8894.95, 8950, 8917.04, 8903.28, 8.90898647]
[1581040800, 8906.18, 8960, 8927.1, 8910.17, 31.34782769]
[1581037200, 8899.89, 8948.96, 8911.33, 8932.77, 12.67283942]
[1581033600, 8890, 8945, 8902.12, 8902.83, 17.76692494]
[1581030000, 8811.17, 8909.6, 8830, 8900.72, 24.95331638]
[1581026400, 8830.05, 8899.04, 8885.92, 8830.08, 39.13743467]
[1581022800, 8879.95, 8933.93, 8914.51, 8885.92, 59.33134384]
[1581019200, 8875.71, 8924.41, 8882, 8914.51, 48.08875376]
[1581015600, 8865.04, 8918.58, 8906.99, 8882.22, 50.66669655]
[1581012000, 8860, 8915.14, 8905.16, 8899.88, 64.38941073]
[1581008400, 8880, 8943.92, 8917.41, 8915.12, 54.9441141]
[1581004800, 8890.31, 8965, 8919.64, 8917.3, 116.5193156]
[1581001200, 8893.15, 8952.58, 8929.08, 8919.59, 70.67453647]
[1580997600, 8811.06, 8969.99, 8864.6, 8929, 180.49439623]
[1580994000, 8769.1, 8969.89, 8928.99, 8875.12, 169.87918857]
[1580990400, 8813.03, 8946.74, 8818.11, 8944.98, 277.98044523]
[1580986800, 8777.89, 8819.45, 8790.62, 8818, 72.28916591]
[1580983200, 8765.04, 8809, 8773.04, 8796.42, 49.34164359]
[1580979600, 8742.7, 8780, 8770.5, 8778.27, 79.06367727]
[1580976000, 8732, 8791.41, 8747.66, 8770.49, 59.17596046]
[1580972400, 8742, 8816.03, 8779.98, 8747.65, 49.95599695]
[1580968800, 8737.27, 8795, 8760, 8780.11, 27.42611158]
[1580965200, 8753.82, 8786.16, 8771.93, 8767.21, 11.92703125]
[1580961600, 8748.19, 8781.06, 8763.35, 8770.98, 13.26834835]
[1580958000, 8705.05, 8761.16, 8711.03, 8757.12, 16.61471631]
[1580954400, 8701.23, 8761.27, 8755.5, 8718.77, 16.95607831]
[1580950800, 8676.74, 8755.47, 8679.47, 8755.47, 19.509432]
[1580947200, 8670, 8768.12, 8745.33, 8686.48, 77.05138278]
[1580943600, 8713.67, 8796.18, 8751.16, 8741.73, 82.9590664]
[1580940000, 8736.08, 8816.03, 8816.03, 8755.23, 118.24585042]
[1580936400, 8805, 8849.99, 8808.98, 8811.04, 113.83844771]
[1580932800, 8790, 8836, 8790.81, 8808.98, 141.14254482]
[1580929200, 8781.37, 8867.76, 8811.43, 8799.97, 143.92999446]
[1580925600, 8679.6, 8880, 8679.6, 8820.5, 378.58204773]
[1580922000, 8650, 8682.9, 8664.99, 8679.63, 94.92922264]
[1580918400, 8596.83, 8679, 8600.06, 8665, 256.21317881]
[1580914800, 8553.54, 8615, 8564.02, 8607.58, 175.88419463]
[1580911200, 8535.47, 8585.33, 8550.8, 8565.09, 84.22332858]
[1580907600, 8525.01, 8570, 8564, 8559.33, 69.76916897]
[1580904000, 8530, 8585, 8532.7, 8564, 111.86406711]
[1580900400, 8462.55, 8539.62, 8502.12, 8530, 106.68455724]
[1580896800, 8381.59, 8512, 8390, 8507.4, 151.92236728]
[1580893200, 8360.34, 8398.9, 8372.32, 8392.29, 50.53189301]
[1580889600, 8342.34, 8385.29, 8385.16, 8372.79, 45.89256737]
[1580886000, 8365.85, 8400, 8374.95, 8383.64, 50.09748644]
[1580882400, 8371.27, 8400, 8381.79, 8382.62, 44.93373133]
[1580878800, 8335, 8393.28, 8344.53, 8381.73, 65.41146768]
[1580875200, 8321.94, 8347.96, 8339.19, 8344.51, 17.13309762]
[1580871600, 8312.85, 8342.03, 8334.66, 8341.11, 13.36221597]
[1580868000, 8285.62, 8331.21, 8300, 8329.14, 4.62781273]
[1580864400, 8300.01, 8348, 8329.45, 8305.83, 14.83467582]
[1580860800, 8290.01, 8342.72, 8294.49, 8329.56, 40.59048485]
[1580857200, 8279.03, 8319, 8308.04, 8299.54, 34.87751394]
[1580853600, 8266.49, 8312, 8274.34, 8312, 28.07783953]
[1580850000, 8270.07, 8314.42, 8308.89, 8278.26, 47.50569095]
[1580846400, 8258.21, 8315.45, 8289.97, 8308.89, 49.54674139]
[1580842800, 8282.13, 8315.86, 8302.65, 8293.75, 40.6380278]
[1580839200, 8285.74, 8344, 8338.78, 8307.27, 52.04540671]
[1580835600, 8310.13, 8340.61, 8338.92, 8338.07, 55.22768906]
[1580832000, 8314, 8350, 8316.67, 8334.97, 44.149373]
[1580828400, 8265.62, 8347.77, 8266.97, 8323.45, 105.74611159]
[1580824800, 8240.84, 8292, 8274.65, 8272.31, 57.58955312]
[1580821200, 8218.25, 8274.65, 8248.12, 8268.71, 63.2955529]
[1580817600, 8217.78, 8313.6, 8306, 8246.71, 135.05556785]
[1580814000, 8217, 8357, 8275.12, 8308.02, 158.7963405]
[1580810400, 8270.79, 8315.59, 8277.1, 8275.36, 130.63592294]
[1580806800, 8277, 8374.41, 8350, 8283.99, 204.78638723]
[1580803200, 8350, 8401.08, 8388.8, 8350, 39.06206858]
[1580799600, 8367.59, 8422.12, 8367.59, 8388.72, 63.67967895]
[1580796000, 8352.65, 8394.79, 8384.88, 8367.54, 21.41361688]
[1580792400, 8338.13, 8384.95, 8362.85, 8377.24, 27.0000181]
[1580788800, 8358.03, 8413.99, 8391, 8361.43, 6.59477558]
[1580785200, 8371.69, 8404.32, 8395.48, 8391.01, 10.60098618]
[1580781600, 8373.13, 8410.02, 8373.13, 8392.61, 9.51030323]
[1580778000, 8370.98, 8446.33, 8426.94, 8375.35, 15.9781561]
[1580774400, 8389.34, 8450, 8400.79, 8424.48, 44.65369228]
[1580770800, 8349.65, 8412.7, 8387.1, 8402.36, 132.82148856]
[1580767200, 8371.01, 8412.5, 8382.08, 8382.42, 37.25006924]
[1580763600, 8377.01, 8425.98, 8420.39, 8381.02, 48.69852333]
[1580760000, 8407.38, 8448.13, 8416.9, 8426.44, 34.0775539]
[1580756400, 8400, 8420, 8407.72, 8419.89, 33.40006921]
[1580752800, 8362.15, 8417.85, 8389.87, 8409.86, 63.64358355]
[1580749200, 8338.03, 8402.16, 8363.45, 8398.57, 102.60099256]
[1580745600, 8360.1, 8434.07, 8380.32, 8365.63, 82.24118393]
[1580742000, 8377.31, 8457.93, 8453.98, 8381.56, 111.84981993]
[1580738400, 8400, 8459.84, 8411.18, 8446.54, 51.23701465]
[1580734800, 8400, 8437.44, 8429.81, 8416.91, 65.5689662]
[1580731200, 8420.61, 8463.52, 8433.63, 8430.23, 63.82736117]
[1580727600, 8411, 8486.86, 8414, 8437.91, 54.49114823]
[1580724000, 8411.55, 8444.52, 8429.55, 8418.36, 41.39070518]
[1580720400, 8427.36, 8466.02, 8466.02, 8435.83, 45.83499904]
[1580716800, 8437.49, 8486.26, 8457.35, 8466.12, 54.64115012]
[1580713200, 8439, 8475.63, 8472.4, 8458.69, 44.70599968]
[1580709600, 8464.91, 8489.15, 8482.9, 8472.4, 19.09639569]
[1580706000, 8471, 8497.15, 8471, 8482.9, 13.13134651]
[1580702400, 8444.44, 8481.82, 8472.55, 8468.51, 6.69523477]
[1580698800, 8427.08, 8478.25, 8458.98, 8466.91, 29.3303002]
[1580695200, 8380, 8589.51, 8589.51, 8452.94, 65.55726235]
[1580691600, 8484.64, 8668.74, 8492.13, 8570.55, 146.6340842]
[1580688000, 8382.67, 8494.79, 8421.65, 8492.13, 37.04415876]
[1580684400, 8411.66, 8499.4, 8473.39, 8412.45, 55.97445546]
[1580680800, 8465, 8529.36, 8521.95, 8473.4, 51.60081605]
[1580677200, 8504.45, 8528.86, 8516.45, 8528.64, 27.35752006]
[1580673600, 8501, 8531.59, 8507.15, 8522.37, 35.53470541]
[1580670000, 8503.6, 8534, 8512.4, 8512, 45.07542696]
[1580666400, 8503.5, 8525, 8509.1, 8518.58, 53.58716007]
[1580662800, 8475.9, 8524.69, 8501.98, 8509.02, 39.21370873]
[1580659200, 8490.83, 8524.96, 8524, 8501.86, 24.68338602]
[1580655600, 8508.19, 8525, 8514.04, 8524.99, 30.33478383]
[1580652000, 8442, 8520, 8488.88, 8513.93, 23.04133999]
[1580648400, 8480, 8508.8, 8492.26, 8482.44, 54.97319011]
[1580644800, 8480, 8538, 8498.59, 8498.86, 50.17289278]
[1580641200, 8480, 8505.23, 8487.23, 8503.12, 45.13199928]
[1580637600, 8449.25, 8516.32, 8449.25, 8487.21, 87.17452428]
[1580634000, 8428.81, 8458.98, 8435.3, 8454.6, 19.37710971]
[1580630400, 8420.53, 8462.89, 8443.6, 8442.02, 30.00846274]
[1580626800, 8428.68, 8454.78, 8435.63, 8451.5, 8.87416764]
[1580623200, 8371.33, 8452.66, 8393.42, 8443.62, 8.79301845]
[1580619600, 8373.66, 8410.23, 8396.37, 8384.29, 5.13047431]
[1580616000, 8260, 8409.75, 8348.7, 8402.71, 66.02588171]
[1580612400, 8335.98, 8366.05, 8346.24, 8347.36, 5.17877567]
[1580608800, 8335, 8408.84, 8401.76, 8346.22, 30.07174414]
[1580605200, 8392, 8420.6, 8405.01, 8401.72, 25.00287459]
[1580601600, 8401, 8461.27, 8454.05, 8404.99, 27.87508086]
[1580598000, 8444.45, 8481.95, 8445.68, 8454.09, 29.64552896]
[1580594400, 8432, 8478.39, 8439.86, 8445.69, 27.11066923]
[1580590800, 8435.67, 8457.66, 8452.83, 8447.02, 15.55685045]
[1580587200, 8423.7, 8464.43, 8430.59, 8452.5, 26.71569635]
[1580583600, 8424.4, 8456.94, 8449.99, 8432.84, 26.75356559]
[1580580000, 8435.82, 8478.71, 8456.57, 8450, 36.68153558]
[1580576400, 8452.92, 8482, 8465.72, 8464.7, 21.66362492]
[1580572800, 8400.6, 8470, 8405.42, 8469.7, 45.48187404]
[1580569200, 8405.46, 8448.01, 8419.47, 8405.46, 43.21464599]
[1580565600, 8382.61, 8431.16, 8426.14, 8426.87, 44.04720428]
[1580562000, 8379.17, 8442.05, 8383.5, 8426.2, 43.25657078]
[1580558400, 8375.18, 8439.82, 8422.54, 8383.43, 32.50507324]
[1580554800, 8401.03, 8453.09, 8450, 8427.1, 32.69323814]
[1580551200, 8431.25, 8475, 8455.91, 8451.9, 43.25849027]
[1580547600, 8431.6, 8467.98, 8464.31, 8455.91, 35.46917336]
[1580544000, 8451, 8490.61, 8486.16, 8463.68, 19.37364244]
[1580540400, 8466.09, 8519.13, 8466.09, 8490.67, 26.28090212]
[1580536800, 8450, 8477.03, 8451.33, 8468.62, 13.15605187]
[1580533200, 8451.33, 8480.42, 8463.33, 8451.34, 6.61672078]
[1580529600, 8461, 8512.28, 8499.99, 8461, 24.13682426]
[1580526000, 8471.77, 8516.49, 8498.35, 8499.99, 43.24031801]
[1580522400, 8473.18, 8524.78, 8484.45, 8502, 64.1810762]
[1580518800, 8446.88, 8489.99, 8449.15, 8489.97, 47.78044576]
[1580515200, 8411.5, 8462.95, 8418.95, 8453.4, 26.71959405]
[1580511600, 8401.21, 8486.44, 8474.69, 8410.71, 32.86286411]
[1580508000, 8410.03, 8491.9, 8439.12, 8475.7, 57.02145037]
[1580504400, 8392.45, 8440, 8393.28, 8433.32, 35.97752796]
[1580500800, 8375.59, 8419.2, 8383.33, 8400.38, 26.75834824]
[1580497200, 8375.01, 8405.55, 8398.92, 8382.25, 39.15785964]
[1580493600, 8357, 8402.38, 8358.08, 8399.06, 30.18830259]
[1580490000, 8354.75, 8392.37, 8374.82, 8364.11, 78.96048011]
[1580486400, 8347.82, 8439, 8418.2, 8375.86, 100.41256451]
