[1581926400, 8983.13, 9057.87, 9004, 9049.95, 61.24569674]
[1581922800, 8996.94, 9061.74, 9016.68, 9003.99, 67.002226]
[1581919200, 8988.75, 9074.69, 8999.6, 9027.1, 23.91459984]
[1581915600, 8978.87, 9056.46, 8978.87, 9004.24, 19.38115294]
[1581912000, 8950.57, 9057.13, 9050.92, 8985.49, 34.83990051]
[1581908400, 9010, 9086.04, 9085.66, 9059.48, 8.86565853]
[1581904800, 9045, 9090.84, 9090.84, 9087.66, 18.66311991]
[1581901200, 9085.6, 9143.86, 9099.77, 9097.07, 18.50026522]
[1581897600, 9095.01, 9196.4, 9142.8, 9103.83, 27.42374436]
[1581894000, 9102.29, 9230, 9102.49, 9149.15, 109.6257745]
[1581890400, 8997.31, 9115.8, 9009.14, 9111, 32.86920631]
[1581886800, 8990.04, 9032.44, 9006.79, 9011.29, 28.29023631]
[1581883200, 8968.71, 9020.71, 8992.34, 9010.88, 56.19540479]
[1581879600, 8966, 9063.56, 9060, 8993.65, 122.12748263]
[1581876000, 9016, 9090, 9016, 9062.12, 97.07669855]
[1581872400, 8937.02, 9041.22, 8951.79, 9018.09, 125.70409708]
[1581868800, 8841.24, 9165.81, 9118.58, 8951.69, 317.34004305]
[1581865200, 9090, 9184.27, 9161.39, 9124.53, 97.41818991]
[1581861600, 9151.01, 9230.97, 9198.33, 9160.25, 21.81359532]
[1581858000, 9111.99, 9202.55, 9175, 9201, 60.76319229]
[1581854400, 9143.78, 9214.99, 9180.06, 9175.42, 46.17824628]
[1581850800, 9170.01, 9228.76, 9193.55, 9186.17, 17.70462261]
[1581847200, 9192.53, 9244.06, 9228.58, 9193.55, 44.43769347]
[1581843600, 9224.29, 9267.83, 9242.97, 9235.36, 28.64333737]
[1581840000, 9202.3, 9273.84, 9216.23, 9249.48, 22.5754723]
[1581836400, 9215.21, 9251.09, 9226, 9217.65, 26.08541992]
[1581832800, 9198.56, 9235.82, 9206.74, 9226.9, 17.10354048]
[1581829200, 9194.71, 9280.08, 9267.98, 9212.93, 4.41638015]
[1581825600, 9237, 9270.35, 9253.94, 9270.21, 5.91416585]
[1581822000, 9241.87, 9301.6, 9280.44, 9255.16, 8.11333294]
[1581818400, 9182, 9288.79, 9191.09, 9288.43, 32.66396346]
[1581814800, 9170.22, 9198.9, 9184.21, 9187.7, 15.68774964]
[1581811200, 9115, 9189.73, 9158.71, 9189.73, 22.38580245]
[1581807600, 9140, 9197.29, 9181.05, 9159.98, 25.4807249]
[1581804000, 9166.45, 9194.2, 9179.83, 9183.5, 47.86519822]
[1581800400, 9145.97, 9186.11, 9153.58, 9180, 30.28084954]
[1581796800, 9130.83, 9171.78, 9150.49, 9153.68, 53.98190106]
[1581793200, 9147.87, 9189.85, 9157.26, 9150.49, 62.6833979]
[1581789600, 9071, 9163.53, 9093.6, 9156.83, 153.77018975]
[1581786000, 9090.9, 9208.93, 9143.45, 9099.84, 145.25086482]
[1581782400, 9110.94, 9340.28, 9231.62, 9152.95, 290.26716235]
[1581778800, 9069.69, 9481, 9473.27, 9245.11, 279.23895372]
[1581775200, 9468.95, 9500, 9470.48, 9473.03, 34.81262535]
[1581771600, 9462, 9490.97, 9480.26, 9475.63, 34.68441753]
[1581768000, 9462, 9495.71, 9480.4, 9480.11, 25.22303167]
[1581764400, 9463.17, 9496.69, 9486.32, 9485.04, 32.8031263]
[1581760800, 9486.88, 9516.5, 9503.02, 9497.48, 38.45041897]
[1581757200, 9464.33, 9509.91, 9491.89, 9503.02, 42.15111723]
[1581753600, 9460.13, 9494.93, 9470.07, 9494.93, 24.48315092]
[1581750000, 9445.5, 9487.64, 9481.03, 9464.98, 55.54398676]
[1581746400, 9444.36, 9496.56, 9460, 9488.88, 15.31793027]
[1581742800, 9460.27, 9503.01, 9503.01, 9460.27, 17.96113945]
[1581739200, 9485, 9512.07, 9500.48, 9503.77, 3.85440555]
[1581735600, 9469.28, 9515.62, 9469.28, 9512.56, 3.13850742]
[1581732000, 9459, 9505, 9487.19, 9466.31, 17.99999832]
[1581728400, 9471, 9578.24, 9558, 9488.74, 30.46044176]
[1581724800, 9547.04, 9597, 9574.65, 9557.95, 29.54915281]
[1581721200, 9551.22, 9581.18, 9575.59, 9577.01, 27.4986108]
[1581717600, 9520, 9586.5, 9555.52, 9582.86, 58.97231796]
[1581714000, 9545, 9589.99, 9578.85, 9558.4, 39.0498168]
[1581710400, 9563.39, 9589.98, 9564.58, 9585.13, 43.01936404]
[1581706800, 9545, 9589.88, 9579.96, 9564.58, 43.90612397]
[1581703200, 9508.94, 9589.54, 9513.64, 9579.92, 160.1218555]
[1581699600, 9499.26, 9524.09, 9521.74, 9517.95, 46.96988561]
[1581696000, 9474.34, 9527.5, 9485.98, 9513.48, 25.01180624]
[1581692400, 9450, 9510, 9450, 9482.07, 77.07092719]
[1581688800, 9444.66, 9565.02, 9465.25, 9453.32, 117.52587677]
[1581685200, 9450.49, 9496.91, 9495.93, 9472.12, 44.31970245]
[1581681600, 9471.01, 9525, 9500, 9491.2, 68.89635388]
[1581678000, 9450, 9500, 9485.44, 9492.88, 49.36023738]
[1581674400, 9423.24, 9530.71, 9435.17, 9497.93, 108.09824331]
[1581670800, 9377.91, 9449, 9377.91, 9435.22, 59.04075912]
[1581667200, 9341.12, 9408.81, 9343.02, 9385.47, 75.51818126]
[1581663600, 9340, 9434.55, 9420.18, 9343.02, 91.98502904]
[1581660000, 9386, 9424.78, 9392.16, 9423.66, 24.07874132]
[1581656400, 9391.65, 9452.94, 9444.96, 9391.65, 16.55605524]
[1581652800, 9420.86, 9495, 9473.98, 9444, 18.54213378]
[1581649200, 9432.6, 9498, 9478.78, 9468.52, 17.5764657]
[1581645600, 9445.66, 9481.2, 9454.19, 9479.28, 7.23557416]
[1581642000, 9434.18, 9493.77, 9443.13, 9454.2, 14.84204133]
[1581638400, 9410.5, 9464.75, 9457.45, 9442.38, 22.60183216]
[1581634800, 9427.19, 9471.13, 9431.6, 9458.31, 38.58667267]
[1581631200, 9411.51, 9454, 9411.51, 9440.82, 36.41975126]
[1581627600, 9410, 9450.59, 9450.59, 9411.51, 25.11434126]
[1581624000, 9429.04, 9487.44, 9471.5, 9451.47, 26.80370082]
[1581620400, 9419.21, 9493.77, 9428.66, 9464.27, 95.38288108]
[1581616800, 9405.62, 9457.79, 9413.67, 9428.66, 31.86795661]
[1581613200, 9380, 9468.4, 9400.87, 9423.1, 131.28247541]
[1581609600, 9400, 9521.94, 9487.39, 9400, 72.15364645]
[1581606000, 9440.28, 9549, 9465.73, 9491.37, 75.0921268]
[1581602400, 9387.73, 9566.13, 9452.95, 9476.76, 260.11805595]
[1581598800, 9425.12, 9700, 9434.28, 9439.49, 327.5701601]
[1581595200, 9340, 9453.84, 9372.11, 9430, 92.83257566]
[1581591600, 9306.99, 9399, 9381, 9372.28, 115.02570005]
[1581588000, 9318.26, 9400, 9353.56, 9383.95, 96.02072297]
[1581584400, 9282.09, 9454.07, 9454.06, 9356.49, 182.78778824]
[1581580800, 9350, 9556.56, 9529.15, 9454.06, 253.02555271]
[1581577200, 9527, 9669.99, 9645.27, 9535.86, 166.51634431]
[1581573600, 9625, 9645.5, 9629.98, 9645.5, 60.34395922]
[1581570000, 9592.57, 9629.99, 9595.32, 9629.98, 62.64990617]
[1581566400, 9583.55, 9620.15, 9583.55, 9595.33, 14.05581791]
[1581562800, 9581.13, 9645.5, 9608.93, 9588.81, 21.11620661]
[1581559200, 9577.37, 9619.9, 9596.74, 9610.62, 17.750506]
[1581555600, 9562.63, 9599, 9578.73, 9596.74, 27.39866671]
[1581552000, 9522, 9580.86, 9529.44, 9577.96, 16.70951096]
[1581548400, 9520, 9565.23, 9539.99, 9532.59, 46.91744945]
[1581544800, 9531.21, 9577.07, 9574.21, 9540, 41.63896705]
[1581541200, 9525, 9620, 9579.58, 9573.14, 94.92925767]
[1581537600, 9528.62, 9588.95, 9530.7, 9581, 65.46481149]
[1581534000, 9528.62, 9555.02, 9549.44, 9533.78, 55.18054183]
[1581530400, 9525.55, 9568.45, 9564.99, 9554, 95.0509544]
[1581526800, 9527.51, 9570.36, 9561.32, 9564.99, 59.09753282]
[1581523200, 9498.01, 9580, 9532.01, 9563.09, 66.17253502]
[1581519600, 9471, 9548.25, 9547.3, 9532.01, 70.94651345]
[1581516000, 9483.14, 9595, 9550.01, 9534.68, 84.11200305]
[1581512400, 9518.74, 9560, 9521, 9550.01, 107.16032946]
[1581508800, 9480.03, 9535.37, 9520.06, 9521.38, 81.99045557]
[1581505200, 9468.48, 9544.81, 9480.82, 9530.87, 85.10416955]
[1581501600, 9415.67, 9500, 9427.77, 9486.3, 77.01030068]
[1581498000, 9412.91, 9458.98, 9456.61, 9434.1, 73.05937868]
[1581494400, 9400.01, 9546.95, 9546.95, 9456.61, 116.82790315]
[1581490800, 9478.01, 9605, 9496.95, 9547.67, 210.29006373]
[1581487200, 9440.87, 9500, 9487.31, 9492.06, 121.43978044]
[1581483600, 9430.54, 9497, 9445.93, 9487.6, 46.72824669]
[1581480000, 9434.67, 9473.1, 9434.68, 9445.93, 45.99749917]
[1581476400, 9421.74, 9460.89, 9429.34, 9434.15, 22.21945851]
[1581472800, 9408.67, 9473.7, 9456.14, 9432.09, 7.30219959]
[1581469200, 9447.39, 9490, 9489, 9465.18, 38.93840563]
[1581465600, 9419.9, 9489, 9419.91, 9489, 75.37168386]
[1581462000, 9370, 9438.62, 9379, 9419.9, 48.06820432]
[1581458400, 9360.31, 9399.99, 9380, 9379, 37.74519508]
[1581454800, 9352.82, 9412.82, 9404.13, 9380, 95.63045835]
[1581451200, 9386.45, 9425.43, 9418.65, 9409.03, 105.22403238]
[1581447600, 9341.99, 9420, 9388.59, 9409.84, 132.65953257]
[1581444000, 9369.04, 9470, 9430.04, 9388.59, 171.95296204]
[1581440400, 9390.65, 9447.99, 9397.09, 9430.25, 180.62859704]
[1581436800, 9338.8, 9485, 9344.97, 9397.09, 330.33043367]
[1581433200, 9039.21, 9370.86, 9039.21, 9344.98, 440.71136375]
[1581429600, 9039.01, 9105.58, 9070.99, 9039.14, 57.85775071]
[1581426000, 9045, 9113.95, 9049.98, 9076.24, 67.27553572]
[1581422400, 8982.68, 9070, 8992.33, 9049.98, 87.9965539]
[1581418800, 8960.87, 9000, 8970.64, 8996.44, 53.34208342]
[1581415200, 8950.16, 8990, 8970, 8975.57, 58.60460825]
[1581411600, 8950.06, 8990, 8970.68, 8970, 84.19849871]
[1581408000, 8913.38, 8973.31, 8922, 8972.17, 41.9903897]
[1581404400, 8912.45, 8975.01, 8954.95, 8917.53, 59.64069677]
[1581400800, 8921.15, 8968.37, 8939, 8953.46, 45.70952383]
[1581397200, 8925.32, 8968.48, 8927.05, 8934.72, 14.58448349]
[1581393600, 8905, 8946.93, 8912.69, 8923.29, 28.52616241]
[1581390000, 8913.3, 8958.4, 8939.78, 8919.14, 18.8259252]
[1581386400, 8936.2, 8994.2, 8991.96, 8937.63, 10.64717465]
[1581382800, 8907.32, 8994.57, 8963.2, 8992.21, 46.01502016]
[1581379200, 8958, 9045.03, 9038, 8961.23, 52.6687638]
[1581375600, 9019.88, 9075.99, 9019.88, 9038.01, 55.72863382]
[1581372000, 8990, 9049.76, 9046.02, 9022.97, 56.36259009]
[1581368400, 9018.29, 9053.74, 9027.36, 9053.5, 54.88913942]
[1581364800, 9004.41, 9060.63, 9004.41, 9034.68, 49.20068336]
[1581361200, 8977.01, 9026.63, 9011.73, 9012.14, 48.33900312]
[1581357600, 8995.92, 9039.78, 9023.29, 9018.55, 59.68699432]
[1581354000, 8986.63, 9028.94, 9003.59, 9026.13, 44.64294173]
[1581350400, 8990.1, 9068.9, 9032, 9009.85, 76.81325164]
[1581346800, 9029.49, 9087.43, 9043.18, 9039.64, 127.53106186]
[1581343200, 8972.88, 9066.04, 8977.02, 9043.19, 197.35530182]
[1581339600, 8960.21, 9000, 8994.3, 8977.13, 109.3687996]
[1581336000, 8914.59, 8999.99, 8952.72, 8986.15, 101.76565458]
[1581332400, 8915, 9001.32, 8995, 8952.15, 137.13264296]
[1581328800, 8964.07, 9009.99, 8977.01, 8995, 81.53001285]
[1581325200, 8927.91, 9050.47, 9048.39, 8977, 312.10609394]
[1581321600, 9019.22, 9132.65, 9125.73, 9048.39, 124.74204242]
[1581318000, 9091.77, 9174.21, 9091.81, 9133.53, 76.52916555]
[1581314400, 8947.21, 9151.89, 8965, 9095.63, 160.39217762]
[1581310800, 8920.26, 9205.69, 9186.76, 8965, 227.24646695]
[1581307200, 9161.32, 9230.48, 9217.42, 9194.97, 26.90936119]
[1581303600, 9189.07, 9244.79, 9244.79, 9213.78, 14.79149893]
[1581300000, 9209.48, 9275.29, 9267.01, 9235.83, 21.02334533]
[1581296400, 9256.64, 9309.42, 9309.35, 9270.03, 12.99497587]
[1581292800, 9275.68, 9316.66, 9280.44, 9309.35, 53.34797106]
[1581289200, 9248.41, 9289.92, 9257.59, 9283.65, 49.44350874]
[1581285600, 9211.65, 9258.11, 9211.65, 9250.08, 56.74129258]
[1581282000, 9188.36, 9228.21, 9193.31, 9211.68, 44.24430986]
[1581278400, 9185.2, 9228.75, 9202.85, 9193.34, 37.91419303]
[1581274800, 9203.49, 9234.92, 9215, 9207.03, 56.07987731]
[1581271200, 9194.45, 9244.19, 9244.19, 9209.45, 44.72575564]
[1581267600, 9223.31, 9254.95, 9254.78, 9244.35, 36.79142887]
[1581264000, 9217.22, 9267.41, 9248.83, 9254.28, 37.81038115]
[1581260400, 9160, 9260.97, 9220.51, 9249.06, 96.31117738]
[1581256800, 9220, 9265.61, 9238.1, 9225.14, 84.1428317]
[1581253200, 9232.39, 9276.18, 9268.06, 9242, 47.90801735]
[1581249600, 9246.45, 9290, 9250.02, 9267.94, 63.71471887]
[1581246000, 9250, 9284.89, 9265.39, 9252.05, 67.07700041]
[1581242400, 9191.95, 9273.76, 9218.57, 9265.24, 66.31462931]
[1581238800, 9211.5, 9279.93, 9239.07, 9218.55, 85.13391866]
[1581235200, 9232.59, 9296.19, 9275.2, 9249.52, 114.01536919]
[1581231600, 9236.66, 9297.99, 9245.02, 9275.2, 78.41884763]
[1581228000, 9223.75, 9265.94, 9241.38, 9247.97, 88.10116029]
[1581224400, 9193.36, 9260, 9218.73, 9248.61, 49.33086927]
[1581220800, 9193.74, 9260, 9194.19, 9229.97, 62.07819402]
[1581217200, 9107.35, 9200, 9116.3, 9194.18, 69.44937437]
[1581213600, 9076.1, 9120, 9091.95, 9119.96, 35.63902735]
[1581210000, 9064.63, 9097.86, 9097.86, 9091.99, 14.28915893]
[1581206400, 9033.84, 9097.88, 9065.74, 9097.63, 28.34093201]
