[1580486400, 8347.82, 8439, 8418.2, 8375.86, 100.41256451]
[1580482800, 8360.02, 8420.88, 8360.02, 8419.1, 56.03727567]
[1580479200, 8338, 8406.71, 8373.33, 8367.33, 63.41327389]
[1580475600, 8321.02, 8399.8, 8386.82, 8373.06, 113.00914264]
[1580472000, 8358.45, 8444.96, 8444.17, 8389, 141.27792443]
[1580468400, 8425.36, 8460.4, 8448.29, 8445.97, 54.42268793]
[1580464800, 8408.75, 8503.81, 8479, 8446.77, 86.76184489]
[1580461200, 8479, 8526.65, 8502.28, 8479, 57.79943872]
[1580457600, 8461.57, 8526.61, 8481.04, 8496.19, 79.22141752]
[1580454000, 8451.95, 8501.79, 8501.79, 8489.03, 72.77471564]
[1580450400, 8451.02, 8520, 8470.44, 8495.01, 44.57559409]
[1580446800, 8460, 8545.93, 8534.95, 8484.64, 91.00768457]
[1580443200, 8525, 8561.79, 8555, 8534.76, 15.40573888]
[1580439600, 8555, 8588.39, 8564.87, 8559, 7.91520617]
[1580436000, 8524.05, 8595.95, 8595.95, 8566.22, 30.27142341]
[1580432400, 8565.61, 8608.74, 8588.38, 8595.95, 15.26125788]
[1580428800, 8586.51, 8640, 8616.56, 8594.51, 33.63216233]
[1580425200, 8573.59, 8675, 8669.67, 8622.83, 77.85818094]
[1580421600, 8629.62, 8677.2, 8675.52, 8674.45, 62.70236807]
[1580418000, 8626.79, 8679.9, 8673.91, 8675.53, 128.2745558]
[1580414400, 8590.66, 8678, 8608.69, 8676.81, 181.20764298]
[1580410800, 8569.51, 8628.99, 8599.98, 8608.25, 152.81193585]
[1580407200, 8489.65, 8600, 8489.65, 8599.98, 60.3137758]
[1580400000, 8334, 8578.85, 8498.69, 8479.25, 301.804974]
[1580396400, 8468, 8510, 8475.51, 8499.99, 48.99252211]
[1580392800, 8440.01, 8524.86, 8502.89, 8475.51, 70.39190594]
[1580389200, 8480.43, 8517, 8497.34, 8506.45, 37.381768]
[1580385600, 8460.17, 8510, 8467.77, 8497.17, 57.03866323]
[1580382000, 8448.84, 8489.12, 8460.24, 8460.75, 106.96145277]
[1580378400, 8460, 8498.75, 8481.01, 8465.59, 43.21417819]
[1580374800, 8450, 8510, 8487.77, 8480.97, 70.47443231]
[1580371200, 8480, 8525, 8516.49, 8487.77, 59.61816732]
[1580367600, 8451.35, 8519, 8454.25, 8516.49, 37.73837197]
[1580364000, 8437.37, 8471.22, 8447.73, 8457.83, 22.65001065]
[1580360400, 8440.08, 8471, 8459.73, 8447.73, 9.40161664]
[1580356800, 8407.01, 8482.71, 8407.01, 8454.01, 9.85075539]
[1580353200, 8384.07, 8415.66, 8388.28, 8407.01, 11.48094512]
[1580349600, 8389.8, 8421.44, 8420.27, 8391.32, 9.28253036]
[1580346000, 8391.69, 8434.67, 8412.8, 8425.32, 19.09941056]
[1580342400, 8344.6, 8460, 8433.9, 8418.45, 90.28428854]
[1580338800, 8432.51, 8495.04, 8478.05, 8433.9, 35.62601173]
[1580335200, 8451.12, 8513.24, 8508.88, 8478.05, 51.41588074]
[1580331600, 8460.56, 8584.37, 8520.98, 8513.92, 163.5504896]
[1580328000, 8483.49, 8537.16, 8517.12, 8520.76, 80.0919639]
[1580324400, 8467.36, 8541.11, 8503.77, 8510.54, 81.25499014]
[1580320800, 8473.84, 8519.87, 8474.73, 8510.47, 69.57697309]
[1580317200, 8474.09, 8502, 8494.39, 8474.09, 45.82591263]
[1580313600, 8416.1, 8496.99, 8439.93, 8489.02, 63.80756204]
[1580310000, 8421.52, 8484.28, 8474.12, 8439.93, 48.28041602]
[1580306400, 8451.91, 8492.5, 8470.95, 8485.81, 80.65541225]
[1580302800, 8416.83, 8501.35, 8435.03, 8474.26, 53.21741023]
[1580299200, 8406.53, 8458.02, 8442.76, 8435.89, 60.09472469]
[1580295600, 8365, 8545, 8536.38, 8442.76, 182.12365966]
[1580292000, 8408.36, 8558.23, 8468.48, 8535.93, 151.97358069]
[1580288400, 8465.72, 8534.97, 8534.97, 8467.32, 111.19959308]
[1580284800, 8476.99, 8534.87, 8499.72, 8534.87, 102.53418738]
[1580281200, 8451.01, 8513.6, 8460, 8513.6, 68.26870665]
[1580277600, 8461.59, 8516.85, 8476.81, 8467.62, 78.68856706]
[1580274000, 8453.63, 8487.11, 8461.62, 8483.56, 35.64312576]
[1580270400, 8441.95, 8496.22, 8480.84, 8461.62, 23.3472775]
[1580266800, 8438.26, 8485.82, 8457.48, 8471.42, 24.65980769]
[1580263200, 8406.8, 8487.05, 8473, 8460.51, 21.60919269]
[1580259600, 8446.53, 8501.29, 8451.44, 8470, 43.36884812]
[1580256000, 8400.14, 8558.88, 8501.23, 8452.69, 268.38728906]
[1580252400, 8260.08, 8530.64, 8278.06, 8510, 405.22187535]
[1580248800, 8203.08, 8320.69, 8220.25, 8288.79, 117.20182542]
[1580245200, 8200, 8262.99, 8220.2, 8220.34, 52.40328124]
[1580241600, 8168.23, 8248.65, 8168.23, 8221, 111.93220857]
[1580238000, 8150, 8194.79, 8157.91, 8172.11, 56.95309807]
[1580234400, 8128.34, 8192.16, 8141.27, 8164.52, 165.32066695]
[1580230800, 8067.68, 8161.25, 8140, 8140.46, 128.5215793]
[1580227200, 8140, 8210, 8184.37, 8144.19, 151.90355063]
[1580223600, 8117.99, 8224.47, 8190.13, 8190.01, 212.06976464]
[1580220000, 8186.7, 8336.77, 8234.95, 8190.9, 289.72567401]
[1580216400, 8190, 8239, 8194.07, 8227.05, 53.60719783]
[1580212800, 8180, 8230, 8221.74, 8194.07, 99.55483836]
[1580209200, 8163, 8250, 8165.72, 8221.94, 123.57491383]
[1580205600, 8110, 8179.99, 8125.02, 8167.32, 62.82096041]
[1580202000, 8114, 8167.7, 8137.65, 8125.02, 68.94794934]
[1580198400, 8112, 8189.38, 8185.06, 8142.27, 93.06660962]
[1580194800, 8125.61, 8199.98, 8148.03, 8185.06, 68.38586087]
[1580191200, 8128.81, 8202.96, 8190.73, 8152.14, 47.80989502]
[1580187600, 8103, 8199.98, 8181.01, 8190.73, 63.25544023]
[1580184000, 8181, 8259.13, 8230.91, 8181, 32.56015531]
[1580180400, 8206.04, 8249.54, 8249.5, 8235.63, 12.62361021]
[1580176800, 8223.58, 8264.35, 8244.13, 8249.68, 23.30576866]
[1580173200, 8191.06, 8264.35, 8196.84, 8246.88, 205.30462596]
[1580169600, 8075.34, 8199, 8075.69, 8196.84, 92.88698581]
[1580166000, 8055.61, 8110.24, 8060.46, 8075.69, 51.08140855]
[1580162400, 8050.21, 8130.98, 8121.01, 8069.43, 74.72320198]
[1580158800, 8090, 8149, 8140, 8128, 119.95571841]
[1580155200, 8074.65, 8140, 8083.36, 8140, 200.70088718]
[1580151600, 8020.07, 8132, 8043.28, 8083.35, 211.76334772]
[1580148000, 7932.65, 8050, 7937.83, 8050, 164.76768605]
[1580144400, 7936.96, 7980, 7955.22, 7942.83, 69.71108962]
[1580140800, 7933.29, 7987.95, 7950, 7956.75, 95.89194542]
[1580137200, 7928.89, 7967, 7928.89, 7952, 94.38406919]
[1580133600, 7892.18, 7935.34, 7909.05, 7929, 54.87215334]
[1580130000, 7900.39, 7944, 7915.59, 7903.85, 85.95870598]
[1580126400, 7875.76, 7932.03, 7910.72, 7919, 136.7692169]
[1580122800, 7810, 7911.63, 7812.09, 7910.72, 102.71490468]
[1580119200, 7811.05, 7848.72, 7820.3, 7816.74, 40.66918803]
[1580115600, 7772.74, 7834.63, 7788.98, 7820.17, 88.15408885]
[1580112000, 7756.07, 7833.95, 7828.37, 7788.98, 137.22502698]
[1580108400, 7817.14, 7844.16, 7838.53, 7834.28, 36.50761918]
[1580104800, 7810.19, 7843.56, 7830.88, 7843.19, 21.28735626]
[1580101200, 7805.27, 7834.41, 7815, 7827, 15.6296809]
[1580097600, 7803.81, 7853.65, 7843.02, 7812.54, 26.96874632]
[1580094000, 7813.92, 7846, 7831.01, 7835.09, 5.5834934]
[1580090400, 7806.22, 7841.74, 7828, 7831.03, 15.26659577]
[1580086800, 7828, 7862.4, 7835.78, 7828, 29.20408191]
[1580083200, 7797.45, 7872.02, 7798.89, 7842.3, 96.51775755]
[1580079600, 7756.43, 7798.86, 7763.12, 7798.86, 42.56810469]
[1580076000, 7742.51, 7796.96, 7791.78, 7769.06, 28.04254884]
[1580072400, 7761.19, 7796.43, 7768.56, 7796.16, 17.80888705]
[1580068800, 7751.28, 7798.89, 7753.62, 7768.53, 49.31937746]
[1580065200, 7737.58, 7775.47, 7771.7, 7760.17, 79.17005424]
[1580061600, 7760.76, 7800, 7768.06, 7773.32, 77.2324473]
[1580058000, 7702.75, 7790, 7706.47, 7772.35, 126.58076007]
[1580054400, 7660.09, 7710, 7660.09, 7705.48, 26.0782148]
[1580050800, 7653.46, 7690, 7674.9, 7665.89, 18.32327389]
[1580047200, 7651.63, 7684, 7660.69, 7670.14, 18.08947297]
[1580043600, 7654.21, 7685.29, 7674.09, 7661.74, 20.22131859]
[1580040000, 7653.23, 7691.99, 7682.69, 7668.4, 25.84998178]
[1580036400, 7643.13, 7691.35, 7653.09, 7685.58, 29.34431812]
[1580032800, 7619.52, 7669.61, 7630.11, 7657.38, 25.03864337]
[1580029200, 7615, 7652.03, 7625.64, 7630.33, 19.34317149]
[1580025600, 7606.15, 7684.23, 7613.36, 7631.11, 47.78495923]
[1580022000, 7573.18, 7597.14, 7580.24, 7593.08, 5.5335604]
[1580018400, 7568.23, 7665.47, 7596.42, 7582.06, 80.64569448]
[1580014800, 7584.07, 7611, 7592.3, 7599.94, 6.15808998]
[1580011200, 7573.55, 7593.45, 7592.35, 7592.5, 1.52727216]
[1580007600, 7550, 7595.8, 7551.28, 7593.67, 12.116083]
[1580004000, 7550, 7568.16, 7560.01, 7550, 4.08831792]
[1580000400, 7546.22, 7574.6, 7553.26, 7564.35, 15.97043568]
[1579996800, 7527.19, 7568.59, 7568.58, 7546.3, 10.36531877]
[1579993200, 7567.43, 7599.26, 7571.93, 7568.59, 14.67057288]
[1579989600, 7563.27, 7634.99, 7604.6, 7583.89, 29.5788339]
[1579986000, 7588.04, 7634.99, 7588.04, 7604.6, 20.6795604]
[1579982400, 7572.66, 7594.98, 7582.31, 7591.85, 9.84313807]
[1579978800, 7568.59, 7597.5, 7568.62, 7587.94, 14.11448242]
[1579975200, 7551.04, 7570, 7562.74, 7570, 13.19173802]
[1579971600, 7555.07, 7588.68, 7574.61, 7561.98, 17.70190904]
[1579968000, 7553.9, 7575, 7557.05, 7574.61, 14.90616308]
[1579964400, 7537.47, 7559.2, 7541.67, 7556.34, 13.78832558]
[1579960800, 7542.57, 7574.57, 7550.04, 7542.57, 30.9852155]
[1579957200, 7521.16, 7583.59, 7522.54, 7556.7, 22.84384353]
[1579953600, 7522.16, 7559.01, 7536.32, 7522.54, 31.61182505]
[1579950000, 7535.97, 7568.7, 7558.52, 7541.97, 30.10905246]
[1579946400, 7540.74, 7584.95, 7569.66, 7562.35, 34.08286239]
[1579942800, 7553.19, 7590.83, 7582.15, 7569.57, 31.19638717]
[1579939200, 7532.49, 7603.92, 7538.3, 7586.74, 20.44002471]
[1579935600, 7531.2, 7569.92, 7555.14, 7538.37, 13.42134898]
[1579932000, 7546.71, 7574.92, 7556.59, 7555.14, 8.39096574]
[1579928400, 7521.1, 7557.87, 7531.56, 7556.79, 19.39582913]
[1579924800, 7520.71, 7555.76, 7521.09, 7543.16, 3.60031963]
[1579921200, 7515.01, 7568.24, 7554.38, 7522.39, 6.54832866]
[1579917600, 7510.01, 7554.78, 7510.01, 7554.78, 7.1687372]
[1579914000, 7502.16, 7551.96, 7538.56, 7515.82, 28.54150436]
[1579910400, 7528.87, 7657.03, 7651.86, 7541.79, 43.78875009]
[1579906800, 7623.41, 7677.9, 7668.37, 7652.59, 16.28722532]
[1579903200, 7645.2, 7719.99, 7712.78, 7668.37, 46.89996159]
[1579899600, 7685.04, 7719.97, 7697.03, 7718.51, 26.85807132]
[1579896000, 7670, 7719.99, 7707, 7697.03, 36.77123311]
[1579892400, 7681.19, 7719.99, 7688.83, 7709.46, 62.92903575]
[1579888800, 7673.41, 7701, 7685.16, 7693.97, 38.2522448]
[1579885200, 7660.02, 7691.56, 7670, 7680.42, 38.91660151]
[1579881600, 7670.01, 7720.76, 7705.39, 7670.01, 63.07091642]
[1579878000, 7645.63, 7709.99, 7673.08, 7709.96, 83.74214441]
[1579874400, 7641.44, 7699.99, 7659.88, 7673.27, 80.15000186]
[1579870800, 7619.74, 7672.44, 7639.57, 7662.17, 80.20753133]
[1579867200, 7574.9, 7654.56, 7608.92, 7644.01, 111.62462386]
[1579863600, 7458.11, 7616.97, 7459.63, 7608.92, 140.72437946]
[1579860000, 7457.77, 7524.6, 7480.23, 7464.83, 97.34753881]
[1579856400, 7477, 7548.21, 7530.03, 7477.04, 64.29716357]
[1579852800, 7515, 7546.51, 7531.35, 7534.97, 32.48900068]
[1579849200, 7512.02, 7552.25, 7541.65, 7533.99, 27.30062106]
[1579845600, 7526.44, 7549.66, 7526.44, 7546.84, 15.1103441]
[1579842000, 7510.22, 7545.24, 7514.85, 7530.04, 6.44548675]
[1579838400, 7499.01, 7549.94, 7541.39, 7514.51, 6.86062739]
[1579834800, 7496.74, 7546, 7503.31, 7525.03, 6.13109448]
[1579831200, 7490, 7567.11, 7560.01, 7495.83, 36.556842]
[1579827600, 7560.01, 7610.23, 7597.26, 7563.68, 3.23598963]
[1579824000, 7579.32, 7606, 7600.97, 7603.23, 8.83438719]
[1579820400, 7560, 7611.5, 7605.99, 7601.56, 19.89643028]
[1579816800, 7583.85, 7629.19, 7584.5, 7605.5, 36.92298177]
[1579813200, 7559, 7619.9, 7561.11, 7585.72, 72.529738]
[1579809600, 7531.14, 7565.3, 7555.45, 7565.3, 40.84328834]
[1579806000, 7522.95, 7566.16, 7526.8, 7555.45, 67.3149394]
[1579802400, 7504.2, 7546.49, 7521.04, 7526.82, 69.2924438]
[1579798800, 7508, 7571.85, 7541.55, 7525.11, 63.15318488]
[1579795200, 7522.62, 7568.56, 7551, 7545.72, 39.90121793]
[1579791600, 7528.1, 7589.88, 7536.26, 7551, 53.62827716]
[1579788000, 7480.01, 7564.23, 7509.81, 7541.63, 102.93762652]
[1579784400, 7491.55, 7581.43, 7581.41, 7509.98, 176.59366352]
[1579780800, 7538.7, 7636.1, 7580, 7577.01, 116.02402991]
[1579777200, 7570, 7623.61, 7599.23, 7584.84, 54.55011954]
[1579773600, 7557.38, 7613.91, 7601.12, 7608.44, 109.07493956]
[1579770000, 7601.12, 7672.4, 7666.22, 7605.42, 147.25301129]
[1579766400, 7655.72, 7765, 7729.33, 7666.21, 68.14114661]
