[1582646400, 8564.02, 8722.42, 8645.93, 8586.26, 166.9961476]
[1582642800, 8629, 8725.96, 8698, 8643.94, 202.29891002]
[1582639200, 8658.28, 8851.09, 8850.73, 8698, 188.50543453]
[1582635600, 8823.81, 8898.7, 8898.7, 8843.18, 70.77974994]
[1582632000, 8881.44, 8950.89, 8900.06, 8898.63, 63.42510984]
[1582628400, 8786.15, 8925, 8831.49, 8913.85, 85.10426214]
[1582624800, 8819.74, 8860.05, 8841.29, 8831.29, 38.18253718]
[1582621200, 8810.77, 8867.2, 8811.44, 8845.82, 32.39394863]
[1582617600, 8771.84, 8845.86, 8785.82, 8820.92, 63.68193698]
[1582614000, 8761.03, 8807.34, 8799.97, 8792.14, 71.155299]
[1582610400, 8767.22, 8837.15, 8810.33, 8799.98, 25.68269242]
[1582606800, 8801, 8845.63, 8835.4, 8813, 19.32832173]
[1582603200, 8817, 8857.5, 8838.53, 8829, 12.44050357]
[1582599600, 8830, 8876.04, 8859.36, 8833.71, 2.04581782]
[1582596000, 8830, 8874.47, 8844.32, 8864.35, 8.53078698]
[1582592400, 8832.95, 8907.17, 8881.52, 8844.46, 9.32383688]
[1582588800, 8862.27, 8928.38, 8918.58, 8880.23, 10.86461499]
[1582585200, 8866.72, 8928.78, 8891.89, 8916.08, 13.50642105]
[1582581600, 8853.99, 8908.43, 8855.7, 8897.25, 30.48186835]
[1582578000, 8817.57, 8875.53, 8859.2, 8859.75, 75.44378472]
[1582574400, 8829.25, 8909.09, 8871.43, 8859.2, 30.74128206]
[1582570800, 8825, 8907.69, 8830, 8871.99, 41.21199899]
[1582567200, 8742.12, 8851, 8844.72, 8830, 150.00769423]
[1582563600, 8821.82, 8939.38, 8908.95, 8846.65, 131.03510791]
[1582560000, 8906.01, 8989.45, 8961.96, 8908.93, 84.86236722]
[1582556400, 8936, 9025, 8986.07, 8968.68, 79.72049324]
[1582552800, 8975.8, 9096.08, 9032.46, 8999.84, 54.238788]
[1582549200, 9025.59, 9091.31, 9071.21, 9032.46, 68.76011681]
[1582545600, 9065, 9114.49, 9094.56, 9071.21, 33.74390584]
[1582542000, 9028.73, 9096.79, 9034.39, 9095.24, 49.12196221]
[1582538400, 8983.95, 9041.36, 8999.25, 9036.71, 48.22686993]
[1582534800, 8981.31, 9045.41, 9032.07, 8996.28, 43.41708764]
[1582531200, 9020, 9045.76, 9026.37, 9036.54, 42.39924667]
[1582527600, 8955.25, 9039.56, 9000.89, 9029.74, 49.36022799]
[1582524000, 8993.68, 9040.96, 9032.01, 9003, 13.05923487]
[1582520400, 9007.45, 9041.27, 9030.5, 9040.9, 11.95663676]
[1582516800, 9004.08, 9038.81, 9029.2, 9024.91, 12.10243225]
[1582513200, 9001.25, 9050, 9024.42, 9027.78, 23.6501077]
[1582509600, 8891.07, 9171.1, 9147.51, 9009.77, 121.64296997]
[1582506000, 9128.88, 9197.89, 9194, 9138.01, 8.71684879]
[1582502400, 9157.09, 9227.27, 9190.36, 9186, 15.06762076]
[1582498800, 9151.01, 9222, 9166, 9190.36, 60.76504445]
[1582495200, 9114.11, 9166, 9119.17, 9163.27, 77.68178817]
[1582491600, 9110.16, 9139.59, 9114.7, 9119.44, 37.15070566]
[1582488000, 9097, 9130.18, 9130, 9110.45, 28.55773357]
[1582484400, 9113.44, 9142.63, 9126.35, 9130.01, 104.12940217]
[1582480800, 9104.78, 9132.16, 9111.52, 9126.78, 30.41147018]
[1582477200, 9099.19, 9129.39, 9106.62, 9111.39, 9.60382001]
[1582473600, 9090.01, 9130.06, 9097.05, 9114.79, 22.21857393]
[1582470000, 9087.97, 9132.17, 9129.95, 9096.08, 40.33493397]
[1582466400, 9102.42, 9129.99, 9120, 9128.85, 27.71106269]
[1582462800, 9092.93, 9129.99, 9097.86, 9119.19, 73.36166866]
[1582459200, 9062.81, 9117.3, 9079.23, 9097.74, 38.38864689]
[1582455600, 9072.5, 9132.17, 9100.54, 9086.83, 47.31580548]
[1582452000, 9094.27, 9235, 9133.27, 9100.01, 93.12257249]
[1582448400, 9119.72, 9155, 9123.39, 9128.09, 37.21169931]
[1582444800, 9120, 9133.69, 9128.33, 9122.12, 39.58724854]
[1582441200, 9116.94, 9155.22, 9155.22, 9125.98, 23.47904384]
[1582437600, 9119.62, 9162.36, 9119.62, 9150.58, 17.91580509]
[1582434000, 9079.8, 9137, 9098.2, 9127.11, 23.67367394]
[1582430400, 9075.75, 9138.75, 9089, 9096.06, 54.04008801]
[1582426800, 8936.67, 9088.99, 8942.55, 9088.99, 140.9033967]
[1582423200, 8924.86, 8948.94, 8932.02, 8947.53, 2.7507016]
[1582419600, 8924.61, 8949, 8939.61, 8932.17, 6.47113182]
[1582416000, 8913.86, 8939.64, 8922.66, 8933.91, 16.61894353]
[1582412400, 8911.53, 8939.99, 8933.05, 8921.95, 12.89909105]
[1582408800, 8925.7, 8939.99, 8938.11, 8933.05, 10.63737013]
[1582405200, 8937.27, 8939.99, 8939.98, 8937.74, 11.30454595]
[1582401600, 8934.57, 8939.99, 8934.57, 8939.99, 13.93960069]
[1582398000, 8923.44, 8939.9, 8924.8, 8936.99, 18.95170362]
[1582394400, 8912.29, 8934.51, 8927.37, 8924.8, 14.07211246]
[1582390800, 8902.7, 8939.99, 8919.7, 8926.78, 31.69752885]
[1582387200, 8881.94, 8929.84, 8910.37, 8919.45, 15.28080997]
[1582383600, 8890, 8922.1, 8919.22, 8910.62, 12.65501652]
[1582380000, 8913.12, 8939.98, 8918.44, 8919.22, 14.37025937]
[1582376400, 8909.13, 8933.42, 8918.07, 8923.45, 21.25910825]
[1582372800, 8907.09, 8941.67, 8907.41, 8917.96, 20.16331452]
[1582369200, 8893.27, 8915.14, 8900.01, 8907.95, 14.55690267]
[1582365600, 8888.3, 8917.84, 8888.3, 8901.73, 18.08834088]
[1582362000, 8869.64, 8910, 8907.09, 8891.49, 19.4610869]
[1582358400, 8860.92, 8925, 8869.78, 8907.09, 26.75325018]
[1582354800, 8854.39, 8891.49, 8871.9, 8870.99, 13.2720475]
[1582351200, 8844, 8891.4, 8878.21, 8871.89, 11.3603087]
[1582347600, 8869.36, 8909.61, 8894.31, 8887.69, 11.72250807]
[1582344000, 8890.79, 8937.71, 8937.71, 8899.96, 7.36183567]
[1582340400, 8919.98, 8948.37, 8919.98, 8931.65, 23.00214711]
[1582336800, 8914.48, 8934.67, 8930.01, 8917.14, 2.56868376]
[1582333200, 8930, 8967.66, 8967.66, 8930.01, 4.65930006]
[1582329600, 8941.26, 8977.97, 8956.53, 8968.24, 6.67645255]
[1582326000, 8919.18, 8979.99, 8930, 8950.32, 10.31655444]
[1582322400, 8907.51, 8938.99, 8933.13, 8930, 26.18296745]
[1582318800, 8902.28, 8974.64, 8965.17, 8932.94, 27.63731299]
[1582315200, 8842.41, 8998.02, 8934.99, 8976.19, 100.61327168]
[1582311600, 8922.51, 8984.11, 8971, 8934.99, 44.58878478]
[1582308000, 8965.67, 8994.19, 8975.88, 8981.02, 29.50791565]
[1582304400, 8963.22, 9007.99, 9007.99, 8975.88, 60.78880656]
[1582300800, 8963.22, 9025.71, 8997.49, 9008, 149.95488214]
[1582297200, 8937.41, 9010.63, 8955, 9006.13, 127.82328988]
[1582293600, 8940, 9059.5, 9039.09, 8960.49, 82.52173771]
[1582290000, 9001.01, 9068.65, 9068.28, 9039.09, 70.21111551]
[1582286400, 9004.78, 9068.99, 9005.48, 9068.29, 82.76574339]
[1582282800, 8990.01, 9032.84, 8990.01, 9009.75, 45.42610351]
[1582279200, 8962.52, 9024.99, 8969.32, 8994.49, 51.78972871]
[1582275600, 8915.01, 8974.1, 8930.87, 8971.87, 32.52455653]
[1582272000, 8913.42, 9000, 8987.88, 8930.97, 58.34328914]
[1582268400, 8963.04, 9000, 8985.4, 8992.78, 47.84534228]
[1582264800, 8970, 9013.82, 8990.78, 8994.06, 21.97532545]
[1582261200, 8956.36, 9009.02, 9000, 8989.57, 9.87496798]
[1582257600, 8982.33, 9039, 9016.69, 8998.87, 11.37383638]
[1582254000, 8928.1, 9018.29, 8962.34, 9005.83, 24.44085403]
[1582250400, 8939.83, 8968.15, 8952.62, 8956.99, 10.08326232]
[1582246800, 8898.94, 8952.63, 8917.88, 8952.62, 5.68429563]
[1582243200, 8887.35, 8927.68, 8911.18, 8917.21, 14.06291892]
[1582239600, 8900, 8940.97, 8933, 8911.44, 27.92067275]
[1582236000, 8911.91, 8985.88, 8932.92, 8933.19, 57.89915578]
[1582232400, 8880.45, 8944.12, 8900, 8937.04, 46.15055428]
[1582228800, 8856.58, 8909.09, 8870.99, 8901.53, 35.95071756]
[1582225200, 8840.41, 8879.68, 8851, 8871, 30.65810718]
[1582221600, 8784.95, 8893.77, 8819.51, 8851, 49.91973999]
[1582218000, 8753.3, 8975.24, 8963.84, 8830.39, 188.70690183]
[1582214400, 8755.85, 8999.98, 8886.65, 8964.39, 204.58805168]
[1582210800, 8861.94, 8917.58, 8894.33, 8891.03, 117.95867712]
[1582207200, 8861.94, 8919.9, 8892.95, 8898.54, 65.28681879]
[1582203600, 8841.69, 8900, 8872.33, 8893.83, 63.91355554]
[1582200000, 8844.02, 8912.69, 8878.3, 8878.52, 73.24658509]
[1582196400, 8866, 8948, 8919.36, 8879.76, 125.02116381]
[1582192800, 8883.29, 8952.32, 8910.67, 8926.14, 52.25628531]
[1582189200, 8861.35, 8916.29, 8890.26, 8914.63, 148.3700965]
[1582185600, 8850.29, 8937.35, 8919.86, 8898.45, 95.1667522]
[1582182000, 8908, 8952.38, 8935.09, 8924.99, 113.39841387]
[1582178400, 8860, 8938.38, 8872.84, 8935.41, 76.05789272]
[1582174800, 8842.31, 8890.85, 8890.85, 8878.29, 47.09360428]
[1582171200, 8852.92, 8904.61, 8887.44, 8890.83, 28.24972193]
[1582167600, 8868.22, 8904.64, 8889.85, 8888.13, 10.11045086]
[1582164000, 8800.01, 8913.88, 8913.49, 8886.44, 36.85663794]
[1582160400, 8902.5, 8952.36, 8922.55, 8916.01, 53.43975788]
[1582156800, 8881.05, 8950.45, 8897.36, 8928.21, 38.50760179]
[1582153200, 8882.1, 9007.67, 9000.01, 8900, 118.6499584]
[1582149600, 8825.26, 9018.3, 8911.64, 9009.6, 320.79956635]
[1582146000, 8655, 9416.1, 9408.79, 8925.99, 768.74124028]
[1582142400, 9314.99, 9430.24, 9421.04, 9408.79, 76.68165498]
[1582138800, 9421.02, 9469.99, 9463.72, 9426.14, 44.47662335]
[1582135200, 9417.94, 9469.99, 9445.48, 9463.31, 35.10596115]
[1582131600, 9411.44, 9540, 9440.02, 9448.28, 218.58203683]
[1582128000, 9395, 9459, 9411.66, 9440.02, 33.56788822]
[1582124400, 9396.46, 9439.75, 9400.65, 9415.06, 40.41328977]
[1582120800, 9398.7, 9437.3, 9399.13, 9407.45, 51.15515019]
[1582117200, 9376.35, 9435.92, 9405.4, 9399.05, 114.63357567]
[1582113600, 9360, 9512.75, 9491.1, 9406.2, 144.06999353]
[1582110000, 9400.43, 9498.05, 9413, 9498.02, 47.57670308]
[1582106400, 9350.56, 9425, 9396.36, 9417.26, 40.19077303]
[1582102800, 9375.45, 9437.85, 9434.43, 9401.39, 53.51318008]
[1582099200, 9308, 9445.33, 9340.06, 9443.12, 41.4258223]
[1582095600, 9318.32, 9373.06, 9350, 9339.88, 66.327647]
[1582092000, 9337.13, 9402.74, 9400, 9348.14, 19.43766549]
[1582088400, 9373.83, 9413.14, 9388.62, 9402.72, 10.38982764]
[1582084800, 9375, 9435.53, 9430, 9386.57, 8.21149419]
[1582081200, 9397.34, 9449, 9427.19, 9429.13, 14.25583078]
[1582077600, 9391.91, 9443.62, 9391.91, 9417.79, 12.72363102]
[1582074000, 9380.27, 9425.43, 9382.31, 9391.74, 19.54727862]
[1582070400, 9373.78, 9468.07, 9448.72, 9380.87, 19.95838105]
[1582066800, 9420.75, 9512, 9445, 9447.02, 61.14220688]
[1582063200, 9359.57, 9444.98, 9427.59, 9437.16, 45.38091415]
[1582059600, 9320.88, 9530, 9433.68, 9410.05, 325.96487332]
[1582056000, 9336, 9449, 9341.05, 9434, 201.49075627]
[1582052400, 9265.01, 9341.05, 9279.12, 9341.05, 67.05905238]
[1582048800, 9236.35, 9338.68, 9236.35, 9278.3, 177.3240193]
[1582045200, 9171.76, 9252.47, 9210, 9241.18, 196.44991588]
[1582041600, 9113, 9212.12, 9113.75, 9210, 195.1586269]
[1582038000, 9004.04, 9150, 9006.98, 9118.24, 325.760449]
[1582034400, 8946.85, 9009, 8953.06, 9004.04, 128.79721375]
[1582030800, 8914.11, 8985.57, 8967.26, 8954.18, 80.93673217]
[1582027200, 8951.57, 9007.95, 9000, 8973.67, 205.68650089]
[1582023600, 8965.92, 9035.78, 9014.32, 9000, 138.39237846]
[1582020000, 8931.01, 9021.78, 8980.18, 9019.03, 92.86361217]
[1582016400, 8950, 9041.12, 9040.5, 8985.04, 77.87965434]
[1582012800, 9032, 9077.26, 9077.26, 9040.51, 68.33096978]
[1582009200, 9040, 9084.52, 9048.63, 9077.33, 67.96154121]
[1582005600, 9026.79, 9083.99, 9061.9, 9049.65, 56.16527126]
[1582002000, 9050.08, 9085.78, 9073.01, 9070, 41.38383274]
[1581998400, 9001.11, 9086, 9017.43, 9079.26, 34.510141]
[1581994800, 8970.65, 9025.57, 8995.74, 9009.92, 12.90618153]
[1581991200, 8988.46, 9040.23, 9000, 8995.73, 10.08560826]
[1581987600, 8946.25, 9030.75, 8946.25, 9003.28, 16.42168979]
[1581984000, 8920.91, 9004.37, 8984.36, 8952.52, 20.24583459]
[1581980400, 8901.02, 9012.55, 8910.18, 8984.36, 28.01463311]
[1581976800, 8900.97, 8943.74, 8924.62, 8918.6, 60.68140243]
[1581973200, 8903.04, 8956.55, 8915.23, 8928.97, 42.01287819]
[1581969600, 8915.1, 8994.97, 8966.47, 8921.7, 196.65045698]
[1581966000, 8912.48, 8976.78, 8935.49, 8966.03, 118.58087441]
[1581962400, 8872.96, 8939.49, 8922.02, 8939.02, 33.94166605]
[1581958800, 8865.22, 8979.06, 8964.72, 8927.56, 77.52322823]
[1581955200, 8896.19, 8990, 8917.94, 8965.2, 125.6914109]
[1581951600, 8818.03, 8938.75, 8856.92, 8917.82, 128.0068944]
[1581948000, 8734.68, 8883.95, 8805.1, 8866.4, 301.43220938]
[1581944400, 8800, 8938.38, 8898.55, 8803.37, 180.10217458]
[1581940800, 8840, 8944.21, 8880, 8898.55, 146.50596564]
[1581937200, 8841.36, 8980.56, 8975.62, 8886.08, 287.97468698]
[1581933600, 8933.61, 9051.84, 9041.7, 8975.67, 106.95699381]
[1581930000, 9035.69, 9073.84, 9046.4, 9047.83, 110.0376121]
[1581926400, 8983.13, 9057.87, 9004, 9049.95, 61.24569674]
