[1579766400, 7655.72, 7765, 7729.33, 7666.21, 68.14114661]
[1579762800, 7652.03, 7749.03, 7679.63, 7729.37, 47.10055522]
[1579759200, 7654.01, 7717.88, 7705.41, 7672.79, 41.77630378]
[1579755600, 7660, 7736.43, 7736.42, 7711.89, 82.72482014]
[1579752000, 7736.42, 7755.87, 7743.36, 7737, 1.70682948]
[1579748400, 7740, 7757.45, 7747.64, 7747.98, 1.77288448]
[1579744800, 7721.56, 7766.61, 7750.62, 7751.19, 15.79142041]
[1579741200, 7749.5, 7810.93, 7803.54, 7754.17, 10.73769953]
[1579737600, 7782.06, 7829.99, 7820.37, 7809.45, 15.74184341]
[1579734000, 7794.28, 7826.36, 7803.38, 7826.36, 13.45323525]
[1579730400, 7796.92, 7813.98, 7807.88, 7803.44, 26.26112946]
[1579726800, 7795, 7816.36, 7804.51, 7807.87, 32.20584773]
[1579723200, 7790.13, 7816.47, 7812.36, 7804.41, 38.94573799]
[1579719600, 7790, 7819.42, 7813.79, 7812.48, 21.68836959]
[1579716000, 7785.18, 7830.62, 7825.12, 7813.79, 25.49075375]
[1579712400, 7801.03, 7843.8, 7818.04, 7829.14, 43.64286737]
[1579708800, 7738, 7849, 7811, 7825.38, 63.61051026]
[1579705200, 7798.03, 7817.21, 7802.82, 7815.11, 36.69358353]
[1579701600, 7783.19, 7816.41, 7788.19, 7805.08, 33.14280335]
[1579698000, 7778.14, 7815.92, 7809.07, 7790.01, 37.5037676]
[1579694400, 7798, 7826.72, 7815.17, 7814.69, 33.92287047]
[1579690800, 7770.02, 7820.57, 7807.34, 7812.01, 42.93605213]
[1579687200, 7790.02, 7824.93, 7818.71, 7800.81, 72.04455164]
[1579683600, 7790.04, 7832.3, 7822.29, 7820.47, 28.02872175]
[1579680000, 7798.26, 7882.37, 7870.68, 7822.29, 57.97528822]
[1579676400, 7846.48, 7940, 7887.64, 7878.44, 139.12658052]
[1579672800, 7850.04, 7887.99, 7856.32, 7887.99, 16.37028096]
[1579669200, 7850, 7876.62, 7876.29, 7850.03, 9.17803667]
[1579665600, 7848.21, 7876.55, 7848.21, 7872.79, 3.79782608]
[1579662000, 7847.23, 7860.01, 7856.79, 7856.81, 1.90909742]
[1579658400, 7843.97, 7868.4, 7862.11, 7855.69, 7.01542309]
[1579654800, 7851.38, 7878.91, 7873.23, 7868.42, 4.66852061]
[1579651200, 7862.08, 7879.99, 7878.66, 7873.04, 11.85086485]
[1579647600, 7865.36, 7893.41, 7865.38, 7878.01, 27.10389288]
[1579644000, 7831, 7880.79, 7876.91, 7870.21, 31.13779633]
[1579640400, 7848.6, 7916.36, 7848.81, 7874.05, 178.19487531]
[1579636800, 7680.39, 7852.9, 7680.39, 7849.89, 132.94245267]
[1579633200, 7600, 7786.5, 7770.03, 7685.55, 150.21458502]
[1579629600, 7756.58, 7799.85, 7793.58, 7773.79, 64.11437324]
[1579626000, 7772.77, 7800, 7788.81, 7799.92, 26.17012876]
[1579622400, 7730.82, 7801, 7790, 7781.33, 80.27623754]
[1579618800, 7785.62, 7820, 7795.5, 7792.02, 58.15156309]
[1579615200, 7773.56, 7799.48, 7781.67, 7795.5, 31.33605182]
[1579611600, 7773.33, 7792.97, 7790, 7781.69, 45.96602414]
[1579608000, 7765, 7794.68, 7776.79, 7792.78, 41.49305254]
[1579604400, 7770, 7795, 7783.96, 7781.93, 41.34959551]
[1579600800, 7751.99, 7802.73, 7773.44, 7789.01, 80.51169481]
[1579597200, 7773.48, 7813.33, 7805.86, 7775.47, 51.98409103]
[1579593600, 7760.3, 7809.99, 7779, 7805.86, 37.31743587]
[1579590000, 7763.94, 7794.26, 7785.66, 7783.71, 32.01874548]
[1579586400, 7773.6, 7804.73, 7794.42, 7791.14, 32.59532158]
[1579582800, 7776.33, 7813.73, 7804.01, 7791.77, 5.00481336]
[1579579200, 7800.93, 7826.87, 7807.31, 7812.63, 3.31318124]
[1579575600, 7792.81, 7811.2, 7808.89, 7800.69, 9.72323448]
[1579572000, 7789.05, 7811.2, 7790.52, 7801.1, 3.05654782]
[1579568400, 7772.79, 7803.95, 7772.82, 7791.47, 3.48840752]
[1579564800, 7757.54, 7801.36, 7782, 7779.52, 17.63245431]
[1579561200, 7755.13, 7817.58, 7786.68, 7782, 32.04830826]
[1579557600, 7785.98, 7869.99, 7823.49, 7804.22, 84.21949809]
[1579554000, 7800.33, 7829.54, 7809.95, 7829.54, 36.00854641]
[1579550400, 7795.8, 7827.51, 7816, 7803.74, 115.33904063]
[1579546800, 7803.82, 7829.37, 7809.18, 7822.6, 33.49514124]
[1579543200, 7799.53, 7834.9, 7802.01, 7809.18, 59.58197119]
[1579539600, 7795.02, 7834.99, 7825.62, 7806.38, 79.63652646]
[1579536000, 7812.03, 7856.37, 7832.57, 7825.62, 70.12464096]
[1579532400, 7792.73, 7842.38, 7819.29, 7832.95, 171.78135683]
[1579528800, 7754.04, 7833.74, 7767.36, 7833.74, 189.77530659]
[1579525200, 7684, 7799.89, 7736.04, 7767.36, 204.60942175]
[1579521600, 7705.83, 7794.51, 7768.79, 7742.74, 168.9290897]
[1579518000, 7765.24, 7822.17, 7815.32, 7769.34, 68.79770086]
[1579514400, 7794.43, 7823.55, 7807.69, 7815.32, 38.13521096]
[1579510800, 7788.5, 7820, 7788.5, 7807.7, 25.89398631]
[1579507200, 7759.8, 7827, 7804.88, 7786.15, 62.32338884]
[1579503600, 7800, 7833.57, 7811.67, 7808.14, 69.51648805]
[1579500000, 7800.02, 7823.38, 7811.34, 7817.71, 16.17239562]
[1579496400, 7790.82, 7824.88, 7794.82, 7810.59, 9.87867373]
[1579492800, 7786.06, 7832.99, 7806.72, 7793.8, 3.24555162]
[1579489200, 7789.05, 7812.72, 7800, 7812.7, 8.34936923]
[1579485600, 7788.76, 7821.95, 7789.02, 7800, 4.7947855]
[1579482000, 7786.51, 7841.78, 7813.76, 7796.9, 21.92930897]
[1579478400, 7803.66, 7880.89, 7852.46, 7821.86, 31.13492742]
[1579474800, 7778.06, 7866.81, 7798.14, 7860.29, 35.96115368]
[1579471200, 7653.14, 7899.96, 7873.24, 7792.98, 162.35867341]
[1579467600, 7801.67, 7900, 7801.67, 7873.23, 143.33157435]
[1579464000, 7793, 7819.53, 7806.94, 7806.34, 36.69375522]
[1579460400, 7785.55, 7812.54, 7801.1, 7809.19, 48.89027407]
[1579456800, 7785.01, 7814.93, 7811.45, 7801.1, 25.03751454]
[1579453200, 7778.74, 7819, 7797.68, 7814.82, 28.52809905]
[1579449600, 7768.66, 7820, 7790.49, 7795.68, 58.29075918]
[1579446000, 7753.17, 7798.18, 7774.96, 7785.8, 46.5464279]
[1579442400, 7773.64, 7802.59, 7788.03, 7774.96, 37.9717103]
[1579438800, 7730.22, 7799, 7781.4, 7790.48, 120.8228824]
[1579435200, 7723.34, 7829.93, 7826.34, 7783, 134.16337693]
[1579431600, 7635.81, 8155.24, 8155.24, 7830, 670.32953397]
[1579428000, 8152.08, 8182.96, 8176.98, 8152.08, 41.68476329]
[1579424400, 8160.02, 8229.88, 8200.49, 8176.98, 69.07659833]
[1579420800, 8172.66, 8208.67, 8172.91, 8208.66, 49.72396954]
[1579417200, 8147.31, 8193.8, 8161.8, 8175, 35.7598662]
[1579413600, 8150, 8231.97, 8214.17, 8161.02, 45.82688429]
[1579410000, 8201, 8234.95, 8229.93, 8214.99, 15.53348722]
[1579406400, 8213.23, 8239.72, 8236.7, 8229.93, 8.34747708]
[1579402800, 8229.9, 8277.77, 8257.79, 8239.72, 10.32431999]
[1579399200, 8204.19, 8269.33, 8220.71, 8258.32, 44.17433156]
[1579395600, 8089.53, 8250, 8089.53, 8217.29, 161.3075223]
[1579392000, 8021, 8091.44, 8040, 8091, 31.95072243]
[1579388400, 8040, 8082.19, 8065.07, 8040, 26.66885784]
[1579384800, 8036.71, 8073.74, 8036.95, 8065.82, 33.19360176]
[1579381200, 8030.07, 8045, 8032.99, 8036.82, 25.28875791]
[1579377600, 8021.22, 8048.99, 8030.9, 8032.98, 21.53140732]
[1579374000, 8000, 8040, 8005.09, 8035.77, 19.34803068]
[1579370400, 8004.29, 8035.6, 8028.44, 8009.99, 25.60385743]
[1579366800, 8000, 8037.84, 8016.89, 8034.69, 20.58783148]
[1579363200, 7980, 8054.99, 8020.29, 8011.01, 45.71097337]
[1579359600, 8005, 8061.64, 8041.56, 8024.05, 46.23314525]
[1579356000, 8037.82, 8080, 8042.81, 8041.56, 34.05280531]
[1579352400, 8026.37, 8070, 8034.45, 8045.99, 34.50261092]
[1579348800, 7998.53, 8048.88, 7998.53, 8039.49, 26.31981207]
[1579345200, 7995, 8023.13, 8019.97, 7998.53, 37.03227613]
[1579341600, 8003.89, 8039.99, 8015, 8023.13, 26.29006688]
[1579338000, 7996, 8027.83, 8000.52, 8017.32, 25.24330673]
[1579334400, 7961.71, 8006.24, 7981, 8000.52, 15.26575223]
[1579330800, 7981.01, 8010.58, 7999.43, 7982.07, 11.17053125]
[1579327200, 7952.39, 8006.9, 7981, 8001.12, 25.00060913]
[1579323600, 7951.64, 8000.64, 7978.72, 7983.21, 19.66773348]
[1579320000, 7960.1, 8045.17, 8043.08, 7975.73, 27.21614563]
[1579316400, 8019.69, 8065.2, 8035.3, 8042.86, 11.04960247]
[1579312800, 8024.8, 8056.84, 8049.03, 8035.3, 9.87483707]
[1579309200, 8030, 8089.98, 8082.99, 8049.71, 7.15389635]
[1579305600, 7995.01, 8091.56, 8021.24, 8087.25, 41.71549121]
[1579302000, 8020.77, 8079.81, 8052.65, 8028.76, 48.79091349]
[1579298400, 8020.26, 8074, 8033.47, 8057.28, 72.08835761]
[1579294800, 7994.81, 8050, 7996.49, 8033.3, 28.38891346]
[1579291200, 7994.65, 8050, 7999.98, 8003.04, 43.69347503]
[1579287600, 7947, 8068.99, 8039.16, 7999.98, 83.70257228]
[1579284000, 8006.56, 8066.1, 8006.57, 8045.27, 47.4305768]
[1579280400, 7990, 8030, 8003.24, 8010.24, 46.89229474]
[1579276800, 7968.49, 8043.39, 7974.08, 8003.46, 144.63963171]
[1579273200, 7915.25, 7996.27, 7915.25, 7978.35, 74.03002627]
[1579269600, 7905, 7964.59, 7958.33, 7915.25, 67.6972449]
[1579266000, 7918.98, 7977.42, 7921, 7964.46, 66.52254421]
[1579262400, 7920, 8023.55, 8013.3, 7923.24, 126.41341487]
[1579258800, 8004, 8055.23, 8023.64, 8014.11, 86.55112523]
[1579255200, 7990, 8110.99, 8046.02, 8030.82, 202.62701691]
[1579251600, 8002.15, 8058.88, 8012.79, 8052.93, 84.97292852]
[1579248000, 7983.06, 8080, 8007.34, 8012.93, 134.82823817]
[1579244400, 7936.74, 8025, 7936.91, 8012.55, 105.2695681]
[1579240800, 7932, 8055, 7979.71, 7936.91, 230.76227855]
[1579237200, 7879.39, 7980, 7911.79, 7980, 116.01977536]
[1579233600, 7860.75, 7910.77, 7884.04, 7910.77, 13.22117744]
[1579230000, 7848.15, 7919.99, 7851.9, 7877.73, 59.64058303]
[1579226400, 7815.21, 7863.71, 7830.8, 7848.06, 18.23455223]
[1579222800, 7784.4, 7830.78, 7792.56, 7830.78, 11.223699]
[1579219200, 7784.44, 7844.95, 7826.61, 7799.69, 12.57555797]
[1579215600, 7822.1, 7843.84, 7825.1, 7829.99, 12.91984443]
[1579212000, 7795.97, 7845, 7796.76, 7829.21, 38.35926558]
[1579208400, 7772.64, 7864.69, 7840.41, 7799.98, 51.21922807]
[1579204800, 7798.87, 7845, 7804, 7840.63, 52.05349234]
[1579201200, 7760.32, 7820, 7796.08, 7804, 37.22379357]
[1579197600, 7757.07, 7808.1, 7777.6, 7797.17, 39.09883218]
[1579194000, 7762.18, 7813, 7766.39, 7783.8, 49.75243467]
[1579190400, 7731, 7822.87, 7814.73, 7768.78, 104.69303133]
[1579186800, 7779.58, 7828.6, 7784.56, 7817.24, 90.59164338]
[1579183200, 7753, 7805, 7804.52, 7782.09, 62.89620992]
[1579179600, 7752.41, 7810, 7800.02, 7804.52, 51.03252643]
[1579176000, 7789.56, 7865, 7809, 7800, 115.42717501]
[1579172400, 7750, 7819.88, 7753.06, 7809, 116.63523859]
[1579168800, 7701.22, 7757, 7750.16, 7755.8, 84.36651886]
[1579165200, 7717, 7769, 7766.06, 7750.16, 99.13168599]
[1579161600, 7761.93, 7819.01, 7790, 7766.03, 94.27122907]
[1579158000, 7767.86, 7825.88, 7824.8, 7789.42, 58.17517615]
[1579154400, 7783.22, 7826.62, 7809.09, 7824.84, 28.26894953]
[1579150800, 7757.77, 7823.28, 7761, 7809.17, 31.75870532]
[1579147200, 7730.01, 7785.36, 7743.67, 7763.35, 36.32097328]
[1579143600, 7707.65, 7760.01, 7760.01, 7743.67, 16.86586402]
[1579140000, 7723.65, 7790.33, 7759.2, 7760.01, 19.27147989]
[1579136400, 7726, 7859.75, 7850.19, 7765.5, 65.84898736]
[1579132800, 7815, 7930, 7898.9, 7850.18, 34.2271659]
[1579129200, 7871.69, 7948.89, 7937.12, 7906.61, 57.90283761]
[1579125600, 7900, 7940, 7924.68, 7938.96, 62.50773273]
[1579122000, 7875.48, 7940, 7904.01, 7929.4, 94.91090516]
[1579118400, 7832.69, 7926.61, 7850.6, 7904.01, 51.25845814]
[1579114800, 7840, 7872.15, 7848.66, 7850.52, 43.73586025]
[1579111200, 7802.6, 7879.96, 7879.94, 7848.65, 72.51325752]
[1579107600, 7811.5, 7879.99, 7863.1, 7879.83, 110.19653802]
[1579104000, 7774.93, 7899, 7866.04, 7869.45, 112.21551052]
[1579100400, 7850, 7947.99, 7927.81, 7866.05, 118.38169702]
[1579096800, 7861, 7979.25, 7964.22, 7932.41, 132.81705373]
[1579093200, 7861.88, 7989, 7869.1, 7964.07, 122.06070988]
[1579089600, 7824.16, 7888.96, 7824.16, 7869.2, 103.83216611]
[1579086000, 7824.16, 7910, 7904.2, 7824.16, 60.96585689]
[1579082400, 7840.11, 7910, 7874.9, 7909.9, 89.35429817]
[1579078800, 7763.34, 7896.14, 7763.39, 7874.9, 72.30730633]
[1579075200, 7735.33, 7788, 7750, 7770.67, 62.33188487]
[1579071600, 7745.82, 7793.72, 7787.46, 7750, 52.12211793]
[1579068000, 7724.37, 7800, 7730.91, 7791.39, 52.77637224]
[1579064400, 7700, 7772.61, 7710.11, 7727.22, 103.15004308]
[1579060800, 7700.78, 7836.07, 7830.01, 7718.15, 83.36322393]
[1579057200, 7832.34, 7903.04, 7903.04, 7832.34, 20.44477956]
[1579053600, 7864.54, 7918, 7869.99, 7904.77, 48.68044218]
[1579050000, 7834, 7898.85, 7879.7, 7869.99, 83.15603278]
[1579046400, 7834, 7990.32, 7928.4, 7899.76, 192.62520671]
